#  fam    ele   dir  sequence    start     end
     1      1  1       gi|1    23709    23819 
     1     66  1     gi|113    21110    21245 
     2      2  1       gi|1    36049    36535 
     3      3  1      gi|10      598      740 
     3     62  1      gi|11    38384    38449 
     3     72  1     gi|115     2037     2187 
     3   1026  1      gi|35     8251     8290 
     3    769  1       gi|6    34621    34666 
     4      4  1      gi|10     4556     5100 
     4    123 -1     gi|125     8227     9060 
     4    511  1      gi|27    18480    19288 
     4    775  1      gi|60    28953    29550 
     5      5  1      gi|10     8502     8696 
     5    239  1     gi|145    37307    37501 
     6      6  1      gi|10     8689     9083 
     6    240  1     gi|145    37551    37945 
     7      7  1      gi|10     9110     9473 
     7    241  1     gi|145    37909    38248 
     8      8  1      gi|10    21696    22300 
     8    884  1      gi|75    36936    37505 
     9      9  1      gi|10    32247    32513 
     9    701  1      gi|48     7447     7701 
     9    841 -1      gi|69    21679    21811 
    10     10  1     gi|100     4772     4876 
    10    116  1     gi|125     1551     1658 
    10     17  1     gi|100     8014     8113 
    11     11  1     gi|100     4890     5075 
    11    119  1     gi|125     2299     2483 
    11     18  1     gi|100     8112     8148 
    12     12  1     gi|100     5061     5152 
    12    120  1     gi|125     2790     3048 
    12    727 -1      gi|52    27784    28015 
    13     13  1     gi|100     5482     5522 
    13    121  1     gi|125     3326     3545 
    13    726 -1      gi|52    27127    27815 
    13    400  1     gi|171        1     1536 
    13     25 -1     gi|102    20831    22812 
    13     14  1     gi|100     5519     6444 
    13    122  1     gi|125     3564     5182 
    14     15  1     gi|100     6480     7676 
    14    401  1     gi|171      885     2841 
    15     16  1     gi|100     7711     8045 
    15     24 -1     gi|102    19605    20820 
    15    402  1     gi|171     2320     3593 
    16     19  1     gi|100    17551    17741 
    16    603 -1      gi|35     9347     9535 
    17     20  1     gi|100    18769    18914 
    17    225 -1     gi|144    26917    27060 
    18     21  1     gi|100    40124    40285 
    18    986 -1      gi|91    19223    19360 
    18    149 -1     gi|132    26695    26826 
    18    279 -1     gi|151    12012    12139 
    18   1121 -1      gi|16    23684    23818 
    18   1122  1      gi|25     8174     8311 
    19     22  1     gi|101     5189     5268 
    19    227  1     gi|144    29683    29762 
    20     23  1     gi|102    14728    15090 
    20    976  1       gi|9    35945    36282 
    20    238 -1     gi|145    31999    32104 
    20    596 -1      gi|33    35659    35758 
    21     26  1     gi|102    22812    23154 
    21   1022 -1      gi|99    33095    33438 
    22     27  1     gi|102    23157    24495 
    22    464  1      gi|21    16857    16945 
    22   1021 -1      gi|99    31409    32753 
    23     28  1     gi|102    24499    24553 
    23    761 -1       gi|6    13485    13601 
    23    736  1      gi|53    31159    31275 
    24     31  1     gi|103     7730     7843 
    24    929 -1      gi|82    28304    28417 
    25     32  1     gi|103     9994    10135 
    25    109 -1     gi|122    34357    34523 
    25    887  1      gi|76    11681    11865 
    25    384  1     gi|169    20891    21109 
    25     71 -1     gi|114    29461    29660 
    25    712  1       gi|5    14099    14243 
    25   1066  1      gi|93    20237    20288 
    25   1065  1      gi|93    20057    20235 
    25    889 -1      gi|76    30766    30944 
    26     33  1     gi|103    15713    15859 
    26    447 -1     gi|176    32843    32990 
    27     34  1     gi|103    28391    28570 
    27    886  1      gi|76    11065    11208 
    28     35  1     gi|103    37058    37195 
    28    425 -1     gi|172    28136    28395 
    28     91  1     gi|118     8713     9067 
    28    770  1       gi|6    34655    34753 
    28    947  1      gi|88    10533    10808 
    29     36  1     gi|103    37456    37567 
    29     54 -1     gi|106    11669    11832 
    29    151 -1     gi|133     6689     6849 
    29    968  1      gi|89    23303    23469 
    30     37  1     gi|104      585      701 
    30    966 -1      gi|88    33219    33479 
    30    733  1      gi|52    40085    40490 
    30    954 -1      gi|88    19063    19366 
    30    965 -1      gi|88    33142    33278 
    30   1012  1      gi|97    35595    35730 
    31     38  1     gi|104      920      996 
    31     93  1     gi|118    21102    21169 
    31   1024 -1      gi|99    35535    35626 
    32     39  1     gi|104     1417     1649 
    32     94 -1     gi|118    21191    21316 
    32   1023  1      gi|99    34766    34984 
    33     40  1     gi|104     7494     8048 
    33    441  1     gi|173    21317    21873 
    33    468  1      gi|21    26104    26658 
    33    617 -1      gi|36     9995    10532 
    33   1067 -1      gi|36    10414    10677 
    34     41  1     gi|104     9736     9997 
    34    469  1      gi|21    28346    28607 
    35     46  1     gi|105    13358    13456 
    35    932 -1      gi|83    29697    29784 
    36     47  1     gi|105    18041    18169 
    36    179  1     gi|137    22978    23107 
    36    687  1      gi|45    28549    28682 
    37     48  1     gi|105    18450    18605 
    37    404  1     gi|171     3724     3875 
    37    728 -1      gi|52    28198    28253 
    37   1079  1      gi|37     6642     6804 
    37   1080 -1     gi|149    14863    14954 
    38     49  1     gi|105    38391    38469 
    38    113 -1     gi|124    15869    15952 
    39     50  1     gi|106     2842     4199 
    39    543  1      gi|31     5616     6971 
    39    832  1      gi|67    35016    35287 
    39    813  1      gi|67    15636    16284 
    40     51  1     gi|106     4195     4352 
    40    545  1      gi|31     7570     7728 
    41     52  1     gi|106     5099     5204 
    41    550  1      gi|31     9251     9358 
    41    751 -1      gi|56    25334    25423 
    42     53  1     gi|106    10738    10842 
    42    128 -1     gi|128    14724    14828 
    43     55  1     gi|106    12017    12120 
    43     61  1     gi|109    20902    21004 
    44     56  1     gi|106    12162    12370 
    44    219 -1     gi|143    35037    35356 
    44    355  1     gi|163    27635    27894 
    45     57  1     gi|107    35851    35976 
    45    359  1     gi|163    35642    36840 
    45    382 -1     gi|169    19167    20221 
    45    383 -1     gi|169    20263    20559 
    45    188  1     gi|138    22767    23512 
    46     58  1     gi|107    36146    36321 
    46     69 -1     gi|113    31164    31229 
    46    393 -1     gi|170     9220     9533 
    46     70 -1     gi|113    31297    32077 
    46    356  1     gi|163    30219    30367 
    46    414 -1     gi|171     7669     7802 
    46   1083  1     gi|137    17657    17843 
    46    357  1     gi|163    34368    35280 
    46    187  1     gi|138    22298    22709 
    46     60 -1     gi|109     9412     9471 
    46    713 -1       gi|5    30037    30090 
    46     68  1     gi|113    30697    30791 
    46    485  1      gi|23    10549    10742 
    46    741 -1      gi|54    34555    34721 
    46   1018 -1      gi|98    16604    17031 
    46   1081 -1      gi|82     6123     6451 
    46   1082 -1     gi|169     4024     4629 
    46    292  1     gi|153    32628    32728 
    46   1150 -1       gi|8    28141    28315 
    47     59  1     gi|107    36451    37260 
    47    716  1      gi|50    14178    14970 
    48     63  1     gi|110    30771    30860 
    48    586  1      gi|32    30694    30790 
    49     64  1     gi|111     2447     2637 
    49    242 -1     gi|145    39300    39466 
    50     65  1     gi|112    16510    16582 
    50    146 -1     gi|132     4070     4142 
    51     67  1     gi|113    28504    30048 
    52     73  1     gi|115     7035     7101 
    52    347  1     gi|163    21290    21432 
    52    850  1       gi|7     2993     3150 
    52    661  1       gi|4    21275    21426 
    52    585 -1      gi|32    27217    27364 
    52    104  1     gi|120     1498     1580 
    52    348  1     gi|163    21379    21521 
    53     74  1     gi|115    10231    10460 
    53    344  1     gi|162    34045    34282 
    53    456 -1      gi|21     8472     8719 
    54     75  1     gi|115    12496    13194 
    54    282  1     gi|151    27978    28689 
    55     76  1     gi|115    14117    14222 
    55    284  1     gi|151    29301    29406 
    56     78  1     gi|116    10714    11011 
    56   1006  1      gi|97     9985    10282 
    56    230  1     gi|144    39579    39647 
    57     79  1     gi|117      130     1008 
    57    440 -1     gi|173    19926    20903 
    57    606  1      gi|36      121      983 
    58     82  1     gi|117     3699     3820 
    58   1089  1      gi|36     3343     3807 
    58     83  1     gi|117     3808     4038 
    58   1087 -1     gi|174       19       83 
    58   1095  1     gi|117     3166     3628 
    58   1093  1      gi|36     7896     8362 
    59     85  1     gi|117    10003    12607 
    59   1041  1     gi|173    12034    15469 
    59    575  1      gi|31    30746    31309 
    59    802  1      gi|67     3620     4149 
    59    912  1       gi|8    19806    20359 
    59    913  1       gi|8    20367    20495 
    59   1038  1      gi|38    35073    35792 
    59   1046 -1     gi|117     5528     9002 
    59    804  1      gi|67     9278     9475 
    59    805 -1      gi|67     9429     9803 
    59    852 -1       gi|7    12090    12505 
    59    817  1      gi|67    18525    19086 
    59    820  1      gi|67    26823    27388 
    59   1034 -1     gi|171     5548     6069 
    59    649 -1      gi|38    31235    31441 
    60     86  1     gi|117    12609    12893 
    60    277 -1     gi|150    34953    35074 
    60    370 -1     gi|166    38333    38571 
    60    783  1      gi|62    10404    10684 
    60    831  1      gi|67    34671    34957 
    61     87  1     gi|117    13047    13578 
    61    438 -1     gi|173    16331    17516 
    61     88  1     gi|117    14259    15358 
    61    616  1      gi|36     8691     8767 
    62     90  1     gi|118     8624     8761 
    63     92  1     gi|118     9971    10201 
    64     95  1     gi|118    31970    32077 
    64   1055 -1      gi|31    24902    25441 
    64   1052  1     gi|115    28183    28719 
    64   1053 -1     gi|171    19574    20114 
    64   1057  1      gi|67     9824    10331 
    64   1060 -1      gi|38    23308    23774 
    64    871 -1      gi|72    30463    30518 
    64    436 -1     gi|173    11345    11475 
    64   1059 -1      gi|38    23173    23300 
    64    445  1     gi|175    18077    18214 
    64    799  1      gi|67     2188     2354 
    64    900  1      gi|78    10691    10729 
    64   1054  1      gi|29    11344    11396 
    65     96  1     gi|119     4396     4505 
    65    368 -1     gi|166    27285    27406 
    66     97  1     gi|119     4793     4860 
    66    481  1      gi|22    37248    37305 
    67     98  1      gi|12      522     1101 
    67    840  1      gi|69    13722    14278 
    68     99  1      gi|12     7287     7418 
    68    290 -1     gi|153    15964    16089 
    69    100  1      gi|12     8282     8324 
    69    673  1      gi|42      846      888 
    70    101  1      gi|12    23689    23867 
    70    517 -1      gi|29    15629    15807 
    71    102  1      gi|12    31093    31170 
    71    853  1       gi|7    32535    32617 
    72    103  1     gi|120     1451     1485 
    73    105  1     gi|120    10884    11066 
    73    645 -1      gi|38    29783    29963 
    74    106  1     gi|121     2769     2812 
    74    940 -1      gi|86    32031    32071 
    75    107  1     gi|122    21379    22036 
    75    943  1      gi|88     2945     3560 
    76    108  1     gi|122    23906    24438 
    76    944  1      gi|88     5374     5873 
    77    110  1     gi|123    19771    20179 
    77    394 -1     gi|170    12585    13023 
    78    111  1     gi|124     6041     6419 
    78    246 -1     gi|146    26517    26940 
    79    112  1     gi|124     6797     7058 
    79    245 -1     gi|146    25919    26163 
    80    114  1     gi|124    28817    28986 
    80    352  1     gi|163    25625    26076 
    80    319 -1     gi|157    37403    37616 
    80    327  1     gi|159    18367    18412 
    80    413 -1     gi|171     7211     7707 
    80    115  1     gi|124    29077    29114 
    81    117  1     gi|125     1775     2077 
    81    334  1     gi|161     2805     3129 
    81    706 -1       gi|5     3776     3837 
    81    118  1     gi|125     2178     2299 
    81    753 -1      gi|57    23865    24000 
    81    896 -1      gi|78     5480     5541 
    82    124  1     gi|125    11124    11597 
    82    678 -1      gi|42    16579    17052 
    83    125  1     gi|127    13591    13760 
    83    899 -1      gi|78     8043     9640 
    83    630 -1      gi|37     7773     8332 
    83    641  1      gi|38    23776    26085 
    83    515 -1      gi|29     9872    10865 
    83    514 -1      gi|29     8358     9933 
    83   1096 -1      gi|93     4954     5893 
    84    126  1     gi|127    27081    27229 
    84    938 -1      gi|86     2533     2669 
    85    127  1     gi|127    35391    35507 
    85    757 -1      gi|58     7260     7379 
    86    129  1     gi|129    15806    16467 
    86    686 -1      gi|45    25560    26282 
    86    367 -1     gi|166    10707    10952 
    87    130  1     gi|129    37406    37601 
    87    692  1      gi|46    24116    24336 
    88    131  1     gi|129    37739    37902 
    88    589 -1      gi|33     1012     1185 
    89    132  1      gi|13     9705     9744 
    89    373  1     gi|168    20583    21951 
    89    133  1      gi|13     9752    10224 
    89    801  1      gi|67     2472     3625 
    90    134  1      gi|13    17801    17908 
    90    988  1      gi|93     8389     8480 
    91    135  1      gi|13    18012    18167 
    91    848 -1      gi|69    37446    37607 
    92    136  1     gi|130     5924     6158 
    92    195 -1      gi|14    12098    12359 
    93    137  1     gi|130     6276     6467 
    93    194 -1      gi|14    11632    11824 
    94    138  1     gi|130     8247     8543 
    94    321 -1     gi|158    38754    38866 
    94    717  1      gi|50    23356    23652 
    94    941 -1      gi|87    33598    33694 
    95    139  1     gi|130    30363    30631 
    95    715  1       gi|5    39123    39424 
    95    928  1      gi|82     9412     9542 
    96    140  1     gi|130    31163    31255 
    96    250 -1     gi|148    33463    33555 
    97    141  1     gi|130    31251    31380 
    97    249 -1     gi|148    33234    33369 
    98    142  1     gi|131     4440     4639 
    98    235 -1     gi|145    12789    12979 
    99    143  1     gi|131     4863     5057 
    99    479 -1      gi|22    30885    31067 
   100    144  1     gi|131    25028    25187 
   100    197  1      gi|14    35624    35792 
   101    145  1     gi|131    40553    40703 
   101    385  1     gi|169    29259    30298 
   101    781 -1      gi|62        1      831 
   101    915  1      gi|80        8      208 
   101    916  1      gi|80     8397     8970 
   102    147  1     gi|132    17097    17346 
   102    910 -1       gi|8    17228    17473 
   103    148  1     gi|132    26214    26445 
   103    784 -1      gi|62    15618    15860 
   104    150  1     gi|132    27173    29058 
   104    360 -1     gi|164     5201     7104 
   104    698 -1      gi|47    22815    22890 
   105    152  1     gi|133     6929     7399 
   105   1072 -1     gi|104    18207    21120 
   105    609  1      gi|36     1854     1968 
   105    644 -1      gi|38    29007    29820 
   105    764  1       gi|6    31787    31901 
   105    894  1      gi|78     1439     1950 
   105   1074 -1      gi|21    36815    39727 
   106    153  1     gi|133     7389     7500 
   106    610  1      gi|36     2362     2472 
   107    154  1     gi|133     8395     8657 
   107   1097  1      gi|78    32845    33626 
   107    466 -1      gi|21    19390    19590 
   107    658 -1      gi|38    35787    36573 
   108    155  1     gi|133    25715    25923 
   108    890 -1      gi|76    32139    32352 
   109    156  1     gi|133    28868    28992 
   109    739  1      gi|54    20163    20287 
   110    157  1     gi|133    30163    30228 
   110    959 -1      gi|88    25224    25378 
   110    201 -1     gi|140    19893    20051 
   111    158  1     gi|133    33360    33398 
   111    939 -1      gi|86    15380    15418 
   112    159  1     gi|133    34920    35160 
   112    484 -1      gi|23    10302    10546 
   113    160  1     gi|134    33643    33702 
   113    570 -1      gi|31    28465    28524 
   114    161  1     gi|135    20100    20211 
   114    795  1      gi|64    30400    30442 
   114   1098  1      gi|47    26849    26999 
   114    163 -1     gi|135    32065    32212 
   114   1099  1     gi|135    39742    39883 
   115    162  1     gi|135    22846    23124 
   115    229  1     gi|144    37342    37632 
   115    601  1      gi|35     6216     6408 
   115    493 -1      gi|23    39260    39438 
   115    798  1      gi|66    34461    34583 
   116    164  1     gi|135    36632    36786 
   116    454 -1       gi|2     7169     7325 
   117    166  1     gi|136     2034     2121 
   117    711 -1       gi|5     8899     8986 
   118    167  1     gi|136     2860     3646 
   118    710 -1       gi|5     8114     8899 
   119    168  1     gi|136    25575    27340 
   119    340  1     gi|161    24109    25868 
   120    169  1     gi|136    27368    27671 
   120    341  1     gi|161    26057    26348 
   120    573 -1      gi|31    30038    30169 
   120    682  1      gi|43    26544    26772 
   121    170  1     gi|136    30670    32685 
   121    749 -1      gi|56    20438    22452 
   122    171  1     gi|136    32687    32982 
   122    748 -1      gi|56    19497    19792 
   123    172  1     gi|137      724      924 
   123    422 -1     gi|172      557      691 
   123   1076  1     gi|105     7286     7507 
   123   1078  1      gi|30     8119     8327 
   123   1077 -1      gi|79    33872    33951 
   124    173  1     gi|137     4212     4293 
   125    174  1     gi|137     6238     6367 
   125    477 -1      gi|22    26041    26164 
   126    175  1     gi|137    15087    16239 
   126    398  1     gi|170    34792    35930 
   127    177  1     gi|137    20982    21088 
   127    281  1     gi|151    27446    27538 
   127    792 -1      gi|63    23402    23484 
   128    178  1     gi|137    21118    21177 
   128    590  1      gi|33     7444     7500 
   129    180  1     gi|137    25406    25606 
   129    975 -1       gi|9     5618     5868 
   130    181  1     gi|137    26046    26252 
   130    974 -1       gi|9     4808     5014 
   131    182  1     gi|137    26337    26638 
   131    743  1      gi|56        2      303 
   131    973 -1       gi|9     4565     4673 
   132    183  1     gi|137    26887    26997 
   132    744  1      gi|56      673      737 
   132    972 -1       gi|9     4069     4160 
   133    184  1     gi|138    10774    10836 
   133    768  1       gi|6    34517    34577 
   134    185  1     gi|138    10900    11042 
   134    525 -1       gi|3     1235     1384 
   134    750 -1      gi|56    23289    23383 
   135    186  1     gi|138    20923    21044 
   135   1005  1      gi|96    38221    38339 
   136    189  1     gi|139     8410     8541 
   136    512 -1      gi|27    25251    25368 
   137    190  1     gi|139    29326    29457 
   137    214 -1     gi|142    33170    33302 
   138    191  1     gi|139    35641    35767 
   138    883  1      gi|75    12641    12764 
   139    192  1     gi|139    37946    38130 
   139    838 -1      gi|67    38989    39171 
   140    193  1     gi|139    40553    40620 
   140    497  1      gi|24    34978    35080 
   141    196  1      gi|14    14174    14615 
   141    856 -1      gi|71     8297     8772 
   141    992 -1      gi|93    37602    37749 
   142    198  1     gi|140    16093    16512 
   142    863  1      gi|72     7221     7595 
   143    199  1     gi|140    17034    17386 
   143    864  1      gi|72     8104     8456 
   144    200  1     gi|140    18098    18538 
   144    865  1      gi|72     9293     9750 
   145    202  1     gi|140    21547    22063 
   145    223  1     gi|144    12832    13362 
   145    428 -1     gi|172    31590    31638 
   146    203  1     gi|140    22147    23535 
   146    224  1     gi|144    13450    14868 
   146    427 -1     gi|172    30102    31167 
   146    927  1      gi|82     8233     8303 
   146    426 -1     gi|172    29940    30082 
   147    204  1     gi|140    28112    28316 
   147    380  1     gi|169    18264    18362 
   147    662  1       gi|4    21455    21658 
   147    719  1      gi|50    34006    34203 
   147   1100 -1     gi|156    24102    24222 
   148    205  1     gi|140    33098    33377 
   148    531 -1      gi|30     8343     8536 
   148    576 -1      gi|31    31280    31388 
   148    666  1       gi|4    25555    25755 
   149    206  1     gi|140    33614    33736 
   149    862 -1      gi|71    40199    40325 
   149    738  1      gi|54    12510    12595 
   150    207  1     gi|141     1481     1588 
   150    495 -1      gi|24    27091    27203 
   151    208  1     gi|141     7216     7304 
   151    476 -1      gi|22     9283     9368 
   151   1013  1      gi|97    35730    35783 
   152    210  1     gi|141    10713    10888 
   152    923 -1      gi|81    17673    17857 
   153    211  1     gi|141    18806    19339 
   153    467 -1      gi|21    19753    20259 
   154    212  1     gi|141    37106    37332 
   154    693  1      gi|46    25253    25492 
   155    215  1     gi|143    18321    18496 
   155    989 -1      gi|93    19609    19784 
   155    918  1      gi|80    10382    10504 
   156    216  1     gi|143    28705    29206 
   156    389 -1     gi|169    39818    40316 
   157    217  1     gi|143    30471    30806 
   157    388 -1     gi|169    38193    38514 
   158    218  1     gi|143    31415    31558 
   158    387 -1     gi|169    36385    37882 
   158    882 -1      gi|75     4041     5478 
   159    220  1     gi|143    35313    35542 
   159    350  1     gi|163    25018    25232 
   159    354 -1     gi|163    26885    27037 
   160    221  1     gi|143    35661    36602 
   160    297  1     gi|156      522      630 
   160    317  1     gi|157    35995    36575 
   160    353 -1     gi|163    26062    26890 
   160    410  1     gi|171     6000     6427 
   160    496 -1      gi|24    33810    34020 
   161    222  1     gi|144     1292     1366 
   161   1113  1      gi|69    36696    37105 
   161    620 -1      gi|36    19854    20329 
   161   1110  1     gi|169    15185    15595 
   161   1111 -1      gi|38    17119    17440 
   161   1128  1     gi|166    38813    39220 
   161    316 -1     gi|157    31448    31743 
   161   1106  1     gi|142     3236     3588 
   161   1108  1      gi|97    34878    35231 
   161   1107  1      gi|97    34808    34877 
   161    634 -1      gi|38    11134    11318 
   161    635  1      gi|38    11322    11546 
   161   1114  1      gi|36    39285    39544 
   162    226  1     gi|144    27267    27581 
   162    722 -1      gi|52     3638     3988 
   163    228  1     gi|144    35850    35964 
   163    754 -1      gi|57    31133    31257 
   164    231  1     gi|145     1860     1958 
   164    762 -1       gi|6    27250    27396 
   164    234 -1     gi|145     3353     3474 
   164    584 -1      gi|32     9709     9880 
   165    232  1     gi|145     1965     2240 
   165    583 -1      gi|32     9188     9465 
   166    233  1     gi|145     2303     2502 
   166    581 -1      gi|32     8845     9021 
   167    236  1     gi|145    17914    17982 
   167    669 -1      gi|41    29364    29429 
   168    237  1     gi|145    18623    18706 
   168    949 -1      gi|88    15702    15781 
   168    681 -1      gi|43    23654    23725 
   169    243  1     gi|146     8666     8948 
   169    619  1      gi|36    10650    11020 
   169    957 -1      gi|88    23553    23919 
   170    244  1     gi|146    25784    25953 
   170    446  1     gi|176    10168    10333 
   171    247  1     gi|147    25256    25352 
   172    248  1     gi|148     8845     9387 
   172   1001 -1      gi|95     4315     4815 
   173    251  1     gi|148    33964    34205 
   173    320 -1     gi|158    31585    31823 
   173    346  1     gi|163    21215    21314 
   173   1027 -1      gi|35     8297     8492 
   173   1029 -1     gi|163    13748    13976 
   174    252  1     gi|148    34320    34388 
   174    702 -1      gi|48    19579    19644 
   174   1115 -1      gi|42    13583    13644 
   174   1116  1      gi|48    19913    19981 
   175    253  1     gi|148    38203    38342 
   175    718  1      gi|50    32768    32913 
   176    254  1     gi|149    10380    12525 
   176    491  1      gi|23    29910    32086 
   176    263  1     gi|149    26369    27484 
   177    255  1     gi|149    13442    13626 
   177    656 -1      gi|38    33886    34073 
   178    256  1     gi|149    13712    13894 
   178    925 -1      gi|81    37040    37200 
   179    257  1     gi|149    13919    14074 
   179    714 -1       gi|5    38887    39059 
   180    258  1     gi|149    14384    14738 
   180    625 -1      gi|36    38858    39288 
   180    306  1     gi|156    23561    24075 
   180    650 -1      gi|38    31473    32067 
   180    301  1     gi|156    21914    22366 
   181    260  1     gi|149    15595    15865 
   181    951 -1      gi|88    16454    16725 
   182    261  1     gi|149    25600    25802 
   182    765  1       gi|6    31907    32109 
   183    262  1     gi|149    26288    26353 
   183    697  1      gi|47    19150    19217 
   184    265  1     gi|149    27938    28071 
   184    483 -1      gi|23     9841     9976 
   185    266  1     gi|149    29394    29967 
   185    397  1     gi|170    23091    23653 
   186    267  1     gi|149    39848    39909 
   186    322 -1     gi|158    39044    39105 
   187    268  1      gi|15    23888    23991 
   187    680  1      gi|43     7817     7921 
   188    269  1      gi|15    34764    34878 
   188    672 -1      gi|42      194      311 
   189    270  1     gi|150    12202    12406 
   189    879 -1      gi|74    10598    10802 
   190    271  1     gi|150    14239    14550 
   190    878 -1      gi|74     8973     9290 
   191    272  1     gi|150    14802    14881 
   191    877 -1      gi|74     8700     8774 
   192    273  1     gi|150    33865    33913 
   192    847 -1      gi|69    37397    37445 
   193    274  1     gi|150    33915    34069 
   193    846 -1      gi|69    37108    37266 
   194    275  1     gi|150    34051    34235 
   194    844 -1      gi|69    36491    36716 
   195    276  1     gi|150    34595    34846 
   195    842 -1      gi|69    36050    36302 
   196    278  1     gi|151        1      650 
   196    330  1      gi|16    29229    29316 
   196    331  1      gi|16    29391    29557 
   196    332  1      gi|16    29695    29800 
   196    967  1      gi|89    11586    12229 
   197    280  1     gi|151    19618    19785 
   197    296  1     gi|155     1013     1221 
   197    300 -1     gi|156     7564     7653 
   198    283  1     gi|151    29040    29236 
   198    628 -1      gi|37     5051     5250 
   199    285  1     gi|152    27739    27875 
   199    474  1      gi|22     2523     2615 
   199    767  1       gi|6    34264    34391 
   200    286  1     gi|152    31455    33061 
   201    287  1     gi|152    34141    34363 
   201    363 -1     gi|165    14293    14524 
   202    288  1     gi|152    34766    34952 
   202    362 -1     gi|165    13796    13991 
   203    289  1     gi|152    35251    35376 
   203    361 -1     gi|165    13468    13593 
   204    291  1     gi|153    16443    16603 
   204    597  1      gi|34    18976    19154 
   205    293  1     gi|154    28049    28227 
   205    667 -1       gi|4    39415    39599 
   206    294  1     gi|154    30786    31451 
   206    595  1      gi|33    17352    17995 
   207    295  1     gi|154    31463    31572 
   207    851 -1       gi|7     3243     3352 
   208    298  1     gi|156     1507     1626 
   208    897  1      gi|78     5549     5681 
   208    963  1      gi|88    32926    33031 
   209    299  1     gi|156     4021     4394 
   209    631 -1      gi|38     5033     5344 
   210    302  1     gi|156    22648    22756 
   210    654 -1      gi|38    32821    33009 
   210    627 -1      gi|36    39624    39746 
   211    303  1     gi|156    22915    23223 
   211    624 -1      gi|36    37816    37965 
   211    653 -1      gi|38    32517    32827 
   212    304  1     gi|156    23221    23393 
   212    411 -1     gi|171     6410     6606 
   212   1010  1      gi|97    34443    34599 
   213    305  1     gi|156    23374    23565 
   213    652 -1      gi|38    32313    32521 
   214    308  1     gi|156    24473    24701 
   214    786  1      gi|62    16731    16943 
   215    309  1     gi|156    25143    25404 
   215    578  1      gi|31    31573    31832 
   216    310  1     gi|156    26765    26963 
   216    660  1       gi|4    20728    20951 
   216    455 -1       gi|2    13561    13675 
   216    893  1      gi|77    22273    22332 
   217    311  1     gi|156    27626    27925 
   217    720  1      gi|52     2923     3218 
   218    312  1     gi|156    28060    28462 
   218    721  1      gi|52     3222     3624 
   219    313  1     gi|156    29379    29678 
   219    655  1      gi|38    33389    33666 
   220    314  1     gi|156    29853    30319 
   220    723  1      gi|52     4318     4788 
   221    315  1     gi|156    30629    30957 
   221    724  1      gi|52     4767     5078 
   222    318  1     gi|157    36634    37282 
   222    412  1     gi|171     6767     7404 
   222    351  1     gi|163    25173    25548 
   223    323  1     gi|158    40071    40225 
   223    729  1      gi|52    38298    38445 
   224    324  1     gi|159    14304    14371 
   224    796 -1      gi|66    15896    15966 
   225    325  1     gi|159    14432    14647 
   225    797 -1      gi|66    17103    17308 
   226    326  1     gi|159    14614    14731 
   226    747  1      gi|56    18314    18420 
   227    328  1      gi|16    19893    19970 
   227    858 -1      gi|71    22132    22207 
   228    333  1     gi|161     1929     2188 
   228    449  1      gi|19     4054     4306 
   228    487  1      gi|23    28432    28484 
   229    335  1     gi|161     4543     6430 
   229    450  1      gi|19     4214     6317 
   229    488  1      gi|23    28600    28965 
   229    705 -1       gi|5        3     1010 
   230    336  1     gi|161     6883     7299 
   230    451  1      gi|19     6434     6885 
   231    337  1     gi|161     7434     7549 
   231    490 -1      gi|23    29242    29359 
   232    338  1     gi|161    19516    20822 
   232    572 -1      gi|31    28631    29902 
   233    339  1     gi|161    20941    21103 
   233    934  1      gi|84    34053    34215 
   234    342  1     gi|162    28346    28608 
   234    766  1       gi|6    32993    33258 
   235    343  1     gi|162    30974    31459 
   235    936 -1      gi|85    16474    16999 
   236    349  1     gi|163    24938    25019 
   236    663  1       gi|4    21692    21777 
   237    358  1     gi|163    35181    35590 
   237   1003  1      gi|96     6090     6219 
   238    364  1     gi|165    28061    28189 
   238   1124  1      gi|54    21154    21282 
   238    365  1     gi|165    28568    28696 
   238   1126  1     gi|165    28849    28977 
   239    369  1     gi|166    27885    28010 
   239    480 -1      gi|22    36146    36267 
   240    372  1     gi|168    18108    18379 
   241    375  1     gi|169    11757    11948 
   242    376  1     gi|169    15009    15147 
   242   1019  1      gi|99    30991    31161 
   243    378  1     gi|169    15615    15778 
   243   1020  1      gi|99    31218    31347 
   244    379  1     gi|169    15779    18179 
   244   1025  1      gi|99    35847    38230 
   245    381  1     gi|169    19004    19096 
   245    704 -1      gi|49    22352    22435 
   246    386  1     gi|169    30465    30544 
   246    917  1      gi|80     9146     9225 
   247    390  1      gi|17    23670    23772 
   248    391  1      gi|17    31975    32561 
   248    937 -1      gi|85    37227    37901 
   249    392  1     gi|170     7026     7109 
   249    638  1      gi|38    20648    20731 
   250    395  1     gi|170    18046    18151 
   250    961 -1      gi|88    28383    28491 
   251    396  1     gi|170    18131    20173 
   252    399  1     gi|170    39051    39278 
   252    759 -1       gi|6     5763     6006 
   253    403  1     gi|171     3470     3770 
   254    405  1     gi|171     3875     4051 
   254    542  1      gi|31     5218     5534 
   254    826  1      gi|67    31876    32209 
   254    557 -1      gi|31    14492    14690 
   255    406  1     gi|171     4050     4219 
   255   1129  1      gi|67    32599    33196 
   255    540  1      gi|31     3041     3641 
   255    566 -1      gi|31    21879    22479 
   255    569 -1      gi|31    27762    28338 
   255    571 -1      gi|31    28513    28632 
   255   1131 -1      gi|31     6972     7572 
   255   1130  1      gi|67    33193    33492 
   255    408  1     gi|171     4746     5250 
   255    407  1     gi|171     4422     4570 
   256    415  1     gi|171    12121    13514 
   256    532  1      gi|30     9270    10534 
   257    416  1     gi|171    14425    14554 
   257    773 -1      gi|60    12690    12819 
   258    417  1     gi|171    14581    15369 
   258    772 -1      gi|60    11830    12582 
   259    418  1     gi|171    16024    16133 
   259    528 -1       gi|3    14020    14109 
   260    419  1     gi|171    17602    17980 
   260    931 -1      gi|83    23892    24268 
   261    420  1     gi|171    18142    18725 
   261    930 -1      gi|83    23078    23636 
   262    423  1     gi|172    23900    24085 
   262    880  1      gi|74    29025    29232 
   263    424  1     gi|172    24085    24187 
   263    881  1      gi|74    29329    29431 
   264    429  1     gi|172    34522    34674 
   264    777 -1      gi|61     7485     7637 
   265    431  1     gi|173     2753     2915 
   265   1045 -1     gi|117     5186     5528 
   265   1035  1      gi|38    22594    22947 
   265   1042  1     gi|173    15470    15813 
   265   1040 -1     gi|117    15361    15700 
   266    432  1     gi|173     3053     3911 
   266    962  1      gi|88    31659    32490 
   267    433  1     gi|173     4912     7756 
   267    946  1      gi|88     7729    10522 
   267    955  1      gi|88    19603    19926 
   267    956  1      gi|88    20213    21323 
   268    434  1     gi|173     8117     8350 
   268    948  1      gi|88    10838    11073 
   269    435  1     gi|173    11216    11309 
   269    933  1      gi|84    33739    33837 
   270    439  1     gi|173    19511    19588 
   270    648  1      gi|38    31011    31088 
   271    442  1     gi|173    21937    22374 
   271    971 -1       gi|9     1285     1711 
   271    891  1      gi|77    20325    20362 
   272    448  1      gi|18     9562     9754 
   272    587 -1      gi|32    35135    35324 
   273    452  1      gi|19     9694     9770 
   273    700 -1      gi|47    32815    32891 
   274    453  1      gi|19    24166    24280 
   274    598  1      gi|34    26774    26882 
   274    679 -1      gi|42    26901    27018 
   274    888  1      gi|76    14744    14860 
   275    457  1      gi|21     8912     9415 
   275   1015  1      gi|97    36330    36856 
   276    458  1      gi|21    10374    11168 
   276    945 -1      gi|88     5784     6488 
   277    459  1      gi|21    11255    12578 
   277    942 -1      gi|88     1490     2691 
   278    460  1      gi|21    13243    13396 
   278    755 -1      gi|57    38258    38408 
   279    461  1      gi|21    14012    15828 
   279    731  1      gi|52    38713    40014 
   279    953  1      gi|88    17524    18419 
   279   1134  1      gi|97    37703    39185 
   280    462  1      gi|21    16428    16574 
   280    647  1      gi|38    30045    31043 
   280   1094 -1     gi|117     2539     3161 
   280    614 -1      gi|36     6550     7555 
   280   1088 -1      gi|36     2949     3342 
   281    463  1      gi|21    16541    16643 
   281    732  1      gi|52    39993    40087 
   282    465  1      gi|21    18077    18244 
   282    668 -1      gi|41    18919    19081 
   283    473  1      gi|22     2420     2483 
   283    898  1      gi|78     7434     7496 
   284    475  1      gi|22     2634     2775 
   284    911 -1       gi|8    19563    19718 
   285    478  1      gi|22    26814    27007 
   285    591  1      gi|33     9033     9256 
   286    482  1      gi|23     4056     4172 
   286    725 -1      gi|52     5613     5726 
   287    486  1      gi|23    15673    15924 
   287    907 -1      gi|79    25422    25692 
   288    489  1      gi|23    29042    29255 
   288    785 -1      gi|62    16052    16300 
   289    492  1      gi|23    37676    37754 
   289    534  1      gi|30    29629    29702 
   289    622 -1      gi|36    28089    28173 
   290    494  1      gi|24     5829     6189 
   290    763 -1       gi|6    30622    31039 
   291    498  1      gi|25     2675     2940 
   291    993  1      gi|94    20543    20820 
   292    500  1      gi|25    10148    10365 
   292    523 -1      gi|29    33309    33507 
   293    501  1      gi|25    13307    14539 
   293    522 -1      gi|29    29320    30606 
   293    505  1      gi|25    34955    35289 
   294    502  1      gi|25    14686    14906 
   294    521 -1      gi|29    29061    29282 
   295    503  1      gi|25    32908    33153 
   295   1008  1      gi|97    24520    24765 
   296    504  1      gi|25    33246    33688 
   296   1009  1      gi|97    24782    25269 
   296    745  1      gi|56     6047     6097 
   297    506  1      gi|26    16730    17097 
   297    839  1      gi|68     1487     1854 
   298    507  1      gi|26    25831    26605 
   298    529 -1       gi|3    25711    26590 
   298    592 -1      gi|33     9183     9424 
   299    508  1      gi|26    33104    33400 
   299    860 -1      gi|71    32077    32416 
   299    996 -1      gi|94    26032    26188 
   299    997 -1      gi|94    26302    26369 
   300    509  1      gi|26    33715    33839 
   300    995 -1      gi|94    25489    25891 
   300    859 -1      gi|71    31438    31867 
   301    510  1      gi|27     1831     2017 
   301    981 -1      gi|90    35642    35854 
   302    513  1      gi|28    20062    20094 
   302   1086  1     gi|173    22374    22800 
   302   1090 -1      gi|36     4668     6226 
   302   1084 -1     gi|117     1020     2541 
   302    608 -1      gi|36     1116     1753 
   303    518  1      gi|29    17181    17307 
   303   1062 -1     gi|102    30074    30190 
   303    983  1      gi|91    16840    16939 
   304    519  1      gi|29    24128    24997 
   304   1049  1      gi|61    27629    29856 
   304    520  1      gi|29    24993    25234 
   304    734 -1      gi|52    40606    40700 
   304   1048 -1     gi|102    24554    26532 
   305    524  1      gi|29    36349    36476 
   305    969 -1      gi|89    23457    23580 
   306    526  1       gi|3     1845     1967 
   306    675  1      gi|42    14037    14163 
   307    527  1       gi|3     5264     5412 
   307    991  1      gi|93    29238    29313 
   307   1117 -1     gi|149    27663    27812 
   307   1118 -1      gi|32      641      796 
   307   1119 -1      gi|77    21937    22036 
   307   1120  1      gi|90    37023    37164 
   308    533  1      gi|30    17703    18165 
   308    691  1      gi|46    17581    18017 
   309    535  1      gi|30    37874    37982 
   309    778  1      gi|61    18397    18505 
   310    536  1      gi|30    38804    38997 
   310    779  1      gi|61    19267    19460 
   311    537  1      gi|31        1      258 
   311    807  1      gi|67    10504    10620 
   311    812 -1      gi|67    14785    14979 
   311    823  1      gi|67    28440    28697 
   311    837 -1      gi|67    37418    37664 
   312    538  1      gi|31      250     2702 
   312    827  1      gi|67    32209    32602 
   312    835 -1      gi|67    36321    36446 
   312   1138  1      gi|67    28737    31380 
   312    552 -1      gi|31     9577    11803 
   312    562 -1      gi|31    17811    18961 
   312    808  1      gi|67    10633    11577 
   312    811 -1      gi|67    13727    14858 
   312   1139 -1      gi|67    36920    37378 
   312    815  1      gi|67    17902    18065 
   312   1137  1      gi|67    28635    28737 
   312   1140 -1      gi|67    37378    37437 
   312    554 -1      gi|31    12480    12542 
   313    539  1      gi|31     2684     3057 
   313    825  1      gi|67    31504    31892 
   314    541  1      gi|31     3636     4596 
   314    803  1      gi|67     6553     7524 
   314    818  1      gi|67    22462    23434 
   315    546  1      gi|31     7729     8030 
   315   1144  1      gi|67    17231    17900 
   315   1143  1      gi|67    17121    17231 
   315    553  1      gi|31    11803    12477 
   315   1142 -1      gi|31    27029    27718 
   315    809  1      gi|67    11545    11746 
   315   1135  1      gi|67    11705    12070 
   315    551  1      gi|31     9358     9576 
   316    547  1      gi|31     8105     8370 
   316   1145 -1      gi|67    27387    27653 
   316    565 -1      gi|31    21098    21364 
   316   1146 -1      gi|31    15328    15585 
   317    548  1      gi|31     8290     8695 
   317   1147 -1      gi|67    18066    18522 
   317   1148  1      gi|67    33461    34010 
   317    549  1      gi|31     8710     9008 
   317    559 -1      gi|31    15002    15409 
   317    563 -1      gi|31    20460    20759 
   317   1149 -1      gi|31    14693    14988 
   317    564 -1      gi|31    20772    21154 
   318    555  1      gi|31    12530    13347 
   318    822 -1      gi|67    27654    28473 
   319    556  1      gi|31    13446    13581 
   319    833  1      gi|67    35569    35707 
   320    561  1      gi|31    16498    17702 
   320    819 -1      gi|67    23909    24203 
   320   1136  1      gi|67    12075    13743 
   320   1141 -1      gi|31    25342    27029 
   321    574  1      gi|31    30344    30540 
   321    834  1      gi|67    35829    36025 
   322    577  1      gi|31    31368    31465 
   322    861 -1      gi|71    40126    40215 
   323    580  1      gi|32     8579     8819 
   323    665  1       gi|4    22578    22818 
   324    582  1      gi|32     9018     9208 
   324    760  1       gi|6     6446     6597 
   324    843 -1      gi|69    36304    36501 
   325    588  1      gi|32    38165    38335 
   325    855  1      gi|71     2254     2409 
   326    593  1      gi|33    15163    15348 
   326    709 -1       gi|5     7409     7601 
   327    594  1      gi|33    15841    16578 
   327    708 -1       gi|5     6664     7426 
   327    885  1      gi|76     3531     3775 
   328    599  1      gi|35     1845     1894 
   328   1000 -1      gi|94    32150    32199 
   329    600  1      gi|35     2288     3057 
   329    999 -1      gi|94    31382    32151 
   330    604  1      gi|35    19110    20673 
   330    902  1      gi|78    24023    25736 
   331    605  1      gi|35    20867    21218 
   331    903  1      gi|78    25854    26204 
   332    607  1      gi|36      984     1129 
   332    958 -1      gi|88    23918    24069 
   333    611  1      gi|36     2720     2945 
   333    643 -1      gi|38    28407    28633 
   334    621  1      gi|36    20403    20656 
   334    651 -1      gi|38    32064    32308 
   334    870 -1      gi|72    30201    30462 
   334    633 -1      gi|38    10742    11000 
   334    632 -1      gi|38    10675    10744 
   334    800 -1      gi|67     2352     2488 
   334    670  1      gi|41    29545    29591 
   335    623  1      gi|36    37350    37443 
   335    935  1      gi|84    34667    34766 
   336    636  1      gi|38    11548    11679 
   337    642  1      gi|38    26091    27361 
   337    970 -1       gi|9        1     1265 
   338    646  1      gi|38    29962    30043 
   338   1073  1     gi|104    21120    21202 
   338   1075  1      gi|21    39728    39809 
   339    659  1       gi|4    20485    20586 
   339    671 -1      gi|41    39852    39948 
   340    664  1       gi|4    21761    22101 
   341    676  1      gi|42    14339    14517 
   341    866  1      gi|72    28465    28665 
   342    677  1      gi|42    14510    15099 
   342    867  1      gi|72    28716    29353 
   343    683  1      gi|44    13916    14023 
   343   1007 -1      gi|97    15105    15200 
   344    684  1      gi|45    22183    22451 
   344    694  1      gi|46    37432    37700 
   345    685  1      gi|45    22518    22722 
   345    695  1      gi|46    37713    37919 
   346    688  1      gi|46     1268     1438 
   346    906 -1      gi|79     9890    10032 
   346    689  1      gi|46     1818     1971 
   346    690 -1      gi|46    11042    11180 
   347    696  1      gi|47     8727     8821 
   347   1017 -1      gi|98    13001    13100 
   348    730  1      gi|52    38488    38712 
   348    952  1      gi|88    17281    17521 
   348    964 -1      gi|88    33063    33177 
   349    735  1      gi|53     3964     4122 
   349    854 -1       gi|7    35833    36310 
   349    872 -1      gi|72    31787    32260 
   350    737  1      gi|54       93      237 
   350    758 -1      gi|58    10606    10745 
   351    742  1      gi|55    21238    21316 
   351   1004 -1      gi|96     7381     7459 
   352    746  1      gi|56    15834    16087 
   353    752  1      gi|57     3215     3347 
   353    909  1       gi|8     5264     5395 
   354    756  1      gi|57    39461    39661 
   354    793  1      gi|63    33005    33211 
   355    771  1      gi|60     8313     8414 
   355    977 -1      gi|90     1565     1654 
   356    774  1      gi|60    14196    14333 
   356    920  1      gi|80    15024    15146 
   357    776  1      gi|61     5872     7166 
   357    788  1      gi|62    18483    18656 
   357   1133 -1     gi|172    35720    36209 
   357   1132 -1     gi|172    34977    35720 
   357    787  1      gi|62    18414    18506 
   357    790  1      gi|62    19388    19429 
   357    789  1      gi|62    19045    19123 
   358    782  1      gi|62     1662     1873 
   358    994 -1      gi|94    24728    24915 
   359    791  1      gi|62    26886    27014 
   359    922  1      gi|81    17309    17436 
   360    794  1      gi|63    34769    34888 
   360   1002 -1      gi|95     9293     9405 
   361    849  1      gi|69    37711    37831 
   362    857  1      gi|71    12439    12553 
   362    919 -1      gi|80    10777    10882 
   363    868  1      gi|72    29327    29388 
   363    950 -1      gi|88    15773    15844 
   364    869  1      gi|72    29405    29489 
   364    904 -1      gi|78    32194    32446 
   364   1014 -1      gi|97    35781    36024 
   365    873  1      gi|73    12098    12335 
   365    921  1      gi|80    35376    35581 
   366    874  1      gi|73    19857    20055 
   366    980 -1      gi|90    18529    18736 
   367    875  1      gi|73    20110    22650 
   367    979 -1      gi|90    15918    18432 
   368    876  1      gi|73    22648    22740 
   368    978 -1      gi|90    15591    15678 
   369    895  1      gi|78     4660     4769 
   369   1068 -1     gi|104    12876    12991 
   369   1069 -1      gi|21    31484    31599 
   369   1070 -1      gi|21    33997    34106 
   369   1071 -1     gi|104    15389    15498 
   370    924  1      gi|81    17881    18300 
   370   1101  1     gi|141     8928     9918 
   370   1103  1       gi|5     4934     5918 
   370   1104 -1      gi|94    27963    28192 
   371    960  1      gi|88    26233    28354 
   372    984  1      gi|91    16914    17040 
   373   1028  1     gi|163    13701    13748 
   374   1031  1     gi|117     9006     9761 
   374   1037 -1      gi|38    34317    35070 
   375   1032  1     gi|173    11480    12030 
   376   1036  1      gi|38    22947    23164 
   376   1044 -1     gi|117     4295     5185 
   376   1047  1     gi|173    15855    16702 
   377   1039  1     gi|117    15149    15346 
   378   1051  1     gi|115    28147    28182 
   378   1056 -1      gi|31    25443    25476 
   379   1061  1     gi|102    30021    30069 
   379   1064 -1      gi|91    17138    17194 
   380   1063  1      gi|91    17015    17138 
   381   1085  1     gi|173    22327    22373 
   381   1091 -1      gi|36     6227     6275 
   382   1092  1      gi|36     7267     7895 
   383   1102  1       gi|5     4642     4933 
   383   1105 -1      gi|94    28192    28485 
   384   1109  1     gi|169    15144    15178 
   384   1112 -1      gi|38    17441    17537 
   384   1127  1     gi|166    38713    38809 
   385   1123  1      gi|54    21003    21154 
   385   1125  1     gi|165    28697    28849 
