1 gi|1 23709 23819
2 gi|1 36049 36535
3 gi|10 598 740
4 gi|10 4555 5100
5 gi|10 8502 8696
6 gi|10 8689 9083
7 gi|10 9110 9473
8 gi|10 21696 22300
9 gi|10 32247 32513
10 gi|100 4772 4876
11 gi|100 4890 5075
12 gi|100 5061 5152
13 gi|100 5482 5522
14 gi|100 5516 6452
15 gi|100 6480 7676
16 gi|100 7711 8045
17 gi|100 8014 8113
18 gi|100 8112 8148
19 gi|100 17551 17741
20 gi|100 18769 18914
21 gi|100 40124 40285
22 gi|101 5189 5268
23 gi|102 14728 15090
24 gi|102 19605 20820
25 gi|102 20831 22812
26 gi|102 22812 23154
27 gi|102 23157 24495
28 gi|102 24499 24553
29 gi|102 24527 26532
30 gi|102 30021 30190
31 gi|103 7730 7843
32 gi|103 9993 10137
33 gi|103 15713 15859
34 gi|103 28391 28570
35 gi|103 37058 37195
36 gi|103 37451 37571
37 gi|104 585 701
38 gi|104 919 996
39 gi|104 1417 1650
40 gi|104 7494 8048
41 gi|104 9736 9997
42 gi|104 12862 12997
43 gi|104 15389 15524
44 gi|104 18207 21202
45 gi|105 7261 7507
46 gi|105 13358 13456
47 gi|105 18038 18169
48 gi|105 18448 18606
49 gi|105 38391 38469
50 gi|106 2842 4199
51 gi|106 4195 4352
52 gi|106 5098 5204
53 gi|106 10738 10842
54 gi|106 11669 11836
55 gi|106 12017 12120
56 gi|106 12162 12370
57 gi|107 35851 35976
58 gi|107 36146 36329
59 gi|107 36451 37260
60 gi|109 9412 9471
61 gi|109 20902 21004
62 gi|11 38384 38449
63 gi|110 30771 30860
64 gi|111 2447 2637
65 gi|112 16510 16582
66 gi|113 21110 21245
67 gi|113 28504 30048
68 gi|113 30697 30791
69 gi|113 31164 31229
70 gi|113 31295 32077
71 gi|114 29461 29660
72 gi|115 2037 2187
73 gi|115 7034 7105
74 gi|115 10231 10461
75 gi|115 12496 13194
76 gi|115 14117 14222
77 gi|115 28147 28738
78 gi|116 10714 11011
79 gi|117 130 1012
80 gi|117 1020 2559
81 gi|117 2538 3637
82 gi|117 3696 3820
83 gi|117 3808 4038
84 gi|117 4295 9761
85 gi|117 10003 12607
86 gi|117 12607 12894
87 gi|117 13047 13578
88 gi|117 14259 15358
89 gi|117 15149 15703
90 gi|118 8624 8761
91 gi|118 8713 9067
92 gi|118 9971 10201
93 gi|118 21102 21173
94 gi|118 21187 21316
95 gi|118 31970 32077
96 gi|119 4396 4505
97 gi|119 4793 4860
98 gi|12 522 1101
99 gi|12 7287 7418
100 gi|12 8282 8324
101 gi|12 23689 23867
102 gi|12 31093 31170
103 gi|120 1451 1487
104 gi|120 1498 1580
105 gi|120 10884 11066
106 gi|121 2769 2812
107 gi|122 21379 22036
108 gi|122 23906 24438
109 gi|122 34357 34523
110 gi|123 19771 20179
111 gi|124 6041 6419
112 gi|124 6797 7058
113 gi|124 15869 15952
114 gi|124 28817 28989
115 gi|124 29077 29114
116 gi|125 1551 1661
117 gi|125 1775 2080
118 gi|125 2178 2299
119 gi|125 2298 2483
120 gi|125 2790 3048
121 gi|125 3326 3545
122 gi|125 3564 5182
123 gi|125 8224 9060
124 gi|125 11124 11597
125 gi|127 13589 13760
126 gi|127 27081 27229
127 gi|127 35391 35507
128 gi|128 14724 14828
129 gi|129 15806 16467
130 gi|129 37406 37601
131 gi|129 37739 37902
132 gi|13 9705 9744
133 gi|13 9752 10224
134 gi|13 17801 17908
135 gi|13 18012 18167
136 gi|130 5924 6158
137 gi|130 6276 6467
138 gi|130 8247 8543
139 gi|130 30363 30635
140 gi|130 31163 31255
141 gi|130 31251 31380
142 gi|131 4440 4639
143 gi|131 4863 5057
144 gi|131 25028 25187
145 gi|131 40553 40703
146 gi|132 4070 4142
147 gi|132 17097 17346
148 gi|132 26214 26445
149 gi|132 26690 26830
150 gi|132 27173 29058
151 gi|133 6687 6849
152 gi|133 6929 7399
153 gi|133 7389 7500
154 gi|133 8395 8659
155 gi|133 25715 25923
156 gi|133 28868 28992
157 gi|133 30163 30228
158 gi|133 33360 33398
159 gi|133 34920 35160
160 gi|134 33643 33702
161 gi|135 20098 20211
162 gi|135 22846 23124
163 gi|135 32065 32212
164 gi|135 36632 36786
165 gi|135 39722 39883
166 gi|136 2034 2121
167 gi|136 2860 3646
168 gi|136 25575 27340
169 gi|136 27368 27671
170 gi|136 30670 32685
171 gi|136 32687 32982
172 gi|137 723 924
173 gi|137 4212 4293
174 gi|137 6238 6367
175 gi|137 15087 16239
176 gi|137 17634 17843
177 gi|137 20981 21089
178 gi|137 21118 21177
179 gi|137 22974 23111
180 gi|137 25406 25606
181 gi|137 26046 26252
182 gi|137 26337 26638
183 gi|137 26887 26997
184 gi|138 10774 10836
185 gi|138 10900 11045
186 gi|138 20923 21044
187 gi|138 22298 22709
188 gi|138 22767 23517
189 gi|139 8410 8541
190 gi|139 29326 29457
191 gi|139 35641 35767
192 gi|139 37946 38130
193 gi|139 40553 40620
194 gi|14 11632 11824
195 gi|14 12098 12359
196 gi|14 14174 14615
197 gi|14 35624 35792
198 gi|140 16093 16512
199 gi|140 17034 17386
200 gi|140 18098 18538
201 gi|140 19893 20051
202 gi|140 21547 22063
203 gi|140 22144 23535
204 gi|140 28112 28316
205 gi|140 33098 33377
206 gi|140 33614 33736
207 gi|141 1481 1588
208 gi|141 7216 7304
209 gi|141 8914 9918
210 gi|141 10713 10888
211 gi|141 18806 19339
212 gi|141 37106 37332
213 gi|142 3210 3589
214 gi|142 33170 33302
215 gi|143 18321 18496
216 gi|143 28705 29206
217 gi|143 30471 30806
218 gi|143 31415 31558
219 gi|143 35037 35356
220 gi|143 35313 35542
221 gi|143 35657 36606
222 gi|144 1292 1368
223 gi|144 12832 13362
224 gi|144 13450 14868
225 gi|144 26917 27060
226 gi|144 27267 27581
227 gi|144 29683 29762
228 gi|144 35850 35964
229 gi|144 37342 37632
230 gi|144 39579 39647
231 gi|145 1859 1959
232 gi|145 1965 2240
233 gi|145 2303 2502
234 gi|145 3353 3476
235 gi|145 12789 12979
236 gi|145 17914 17982
237 gi|145 18623 18706
238 gi|145 31999 32104
239 gi|145 37307 37501
240 gi|145 37551 37945
241 gi|145 37909 38248
242 gi|145 39300 39466
243 gi|146 8666 8948
244 gi|146 25784 25953
245 gi|146 25919 26163
246 gi|146 26517 26940
247 gi|147 25256 25352
248 gi|148 8845 9387
249 gi|148 33234 33369
250 gi|148 33463 33555
251 gi|148 33964 34206
252 gi|148 34318 34389
253 gi|148 38203 38342
254 gi|149 10380 12525
255 gi|149 13442 13626
256 gi|149 13712 13894
257 gi|149 13919 14074
258 gi|149 14384 14738
259 gi|149 14841 14954
260 gi|149 15595 15865
261 gi|149 25600 25802
262 gi|149 26288 26353
263 gi|149 26369 27484
264 gi|149 27654 27827
265 gi|149 27938 28071
266 gi|149 29394 29967
267 gi|149 39848 39909
268 gi|15 23888 23991
269 gi|15 34764 34878
270 gi|150 12202 12406
271 gi|150 14239 14550
272 gi|150 14802 14881
273 gi|150 33865 33913
274 gi|150 33915 34069
275 gi|150 34051 34235
276 gi|150 34595 34846
277 gi|150 34953 35075
278 gi|151 1 650
279 gi|151 12010 12139
280 gi|151 19617 19785
281 gi|151 27446 27540
282 gi|151 27978 28689
283 gi|151 29040 29236
284 gi|151 29301 29406
285 gi|152 27739 27875
286 gi|152 31455 33061
287 gi|152 34141 34363
288 gi|152 34766 34952
289 gi|152 35251 35376
290 gi|153 15964 16089
291 gi|153 16443 16603
292 gi|153 32624 32728
293 gi|154 28049 28227
294 gi|154 30786 31451
295 gi|154 31463 31572
296 gi|155 1013 1221
297 gi|156 522 632
298 gi|156 1507 1628
299 gi|156 4021 4394
300 gi|156 7564 7653
301 gi|156 21914 22366
302 gi|156 22648 22756
303 gi|156 22912 23223
304 gi|156 23221 23393
305 gi|156 23374 23565
306 gi|156 23561 24075
307 gi|156 24090 24225
308 gi|156 24473 24701
309 gi|156 25143 25404
310 gi|156 26765 26963
311 gi|156 27626 27925
312 gi|156 28060 28462
313 gi|156 29379 29678
314 gi|156 29853 30319
315 gi|156 30629 30957
316 gi|157 31448 31748
317 gi|157 35995 36575
318 gi|157 36634 37282
319 gi|157 37400 37619
320 gi|158 31583 31823
321 gi|158 38754 38866
322 gi|158 39044 39105
323 gi|158 40071 40225
324 gi|159 14304 14371
325 gi|159 14432 14647
326 gi|159 14614 14731
327 gi|159 18367 18412
328 gi|16 19893 19970
329 gi|16 23663 23841
330 gi|16 29229 29316
331 gi|16 29391 29557
332 gi|16 29695 29800
333 gi|161 1929 2188
334 gi|161 2805 3129
335 gi|161 4543 6430
336 gi|161 6883 7299
337 gi|161 7434 7549
338 gi|161 19516 20822
339 gi|161 20941 21103
340 gi|161 24109 25868
341 gi|161 26057 26348
342 gi|162 28346 28608
343 gi|162 30974 31459
344 gi|162 34043 34282
345 gi|163 13701 13976
346 gi|163 21210 21314
347 gi|163 21290 21434
348 gi|163 21379 21521
349 gi|163 24938 25019
350 gi|163 25018 25232
351 gi|163 25173 25548
352 gi|163 25623 26076
353 gi|163 26057 26890
354 gi|163 26885 27037
355 gi|163 27632 27894
356 gi|163 30217 30369
357 gi|163 34365 35280
358 gi|163 35181 35590
359 gi|163 35642 36840
360 gi|164 5201 7104
361 gi|165 13468 13593
362 gi|165 13796 13991
363 gi|165 14293 14524
364 gi|165 28061 28189
365 gi|165 28568 28696
366 gi|165 28697 28977
367 gi|166 10707 10952
368 gi|166 27285 27406
369 gi|166 27885 28010
370 gi|166 38331 38571
371 gi|166 38713 39223
372 gi|168 18108 18379
373 gi|168 20583 21951
374 gi|169 4024 4653
375 gi|169 11757 11948
376 gi|169 15009 15147
377 gi|169 15144 15599
378 gi|169 15615 15778
379 gi|169 15779 18179
380 gi|169 18264 18362
381 gi|169 19004 19096
382 gi|169 19167 20226
383 gi|169 20263 20559
384 gi|169 20889 21109
385 gi|169 29259 30298
386 gi|169 30465 30544
387 gi|169 36384 37882
388 gi|169 38193 38514
389 gi|169 39818 40316
390 gi|17 23670 23772
391 gi|17 31975 32561
392 gi|170 7026 7109
393 gi|170 9217 9536
394 gi|170 12585 13023
395 gi|170 18046 18151
396 gi|170 18131 20173
397 gi|170 23091 23653
398 gi|170 34792 35930
399 gi|170 39051 39278
400 gi|171 1 1536
401 gi|171 885 2841
402 gi|171 2320 3593
403 gi|171 3470 3779
404 gi|171 3722 3876
405 gi|171 3875 4053
406 gi|171 4050 4219
407 gi|171 4422 4576
408 gi|171 4745 5250
409 gi|171 5523 6079
410 gi|171 6000 6427
411 gi|171 6410 6607
412 gi|171 6767 7404
413 gi|171 7211 7708
414 gi|171 7669 7802
415 gi|171 12121 13514
416 gi|171 14425 14554
417 gi|171 14581 15369
418 gi|171 16024 16133
419 gi|171 17602 17980
420 gi|171 18142 18725
421 gi|171 19559 20122
422 gi|172 554 695
423 gi|172 23900 24085
424 gi|172 24085 24187
425 gi|172 28136 28395
426 gi|172 29940 30082
427 gi|172 30102 31167
428 gi|172 31590 31638
429 gi|172 34522 34674
430 gi|172 34977 36209
431 gi|173 2751 2917
432 gi|173 3053 3911
433 gi|173 4912 7756
434 gi|173 8117 8350
435 gi|173 11216 11309
436 gi|173 11343 11475
437 gi|173 11480 16702
438 gi|173 16331 17516
439 gi|173 19511 19588
440 gi|173 19926 20903
441 gi|173 21311 21873
442 gi|173 21937 22374
443 gi|173 22327 22800
444 gi|174 1 83
445 gi|175 18077 18215
446 gi|176 10168 10333
447 gi|176 32843 32990
448 gi|18 9562 9754
449 gi|19 4054 4306
450 gi|19 4214 6317
451 gi|19 6434 6885
452 gi|19 9694 9770
453 gi|19 24159 24280
454 gi|2 7169 7325
455 gi|2 13561 13675
456 gi|21 8472 8719
457 gi|21 8912 9415
458 gi|21 10374 11168
459 gi|21 11255 12578
460 gi|21 13243 13396
461 gi|21 14012 15828
462 gi|21 16428 16574
463 gi|21 16541 16643
464 gi|21 16856 16945
465 gi|21 18077 18244
466 gi|21 19382 19590
467 gi|21 19753 20259
468 gi|21 26104 26658
469 gi|21 28346 28607
470 gi|21 31470 31605
471 gi|21 33997 34132
472 gi|21 36815 39809
473 gi|22 2420 2483
474 gi|22 2520 2620
475 gi|22 2634 2775
476 gi|22 9283 9370
477 gi|22 26041 26166
478 gi|22 26814 27007
479 gi|22 30885 31067
480 gi|22 36146 36267
481 gi|22 37248 37305
482 gi|23 4056 4172
483 gi|23 9841 9976
484 gi|23 10302 10546
485 gi|23 10549 10742
486 gi|23 15673 15924
487 gi|23 28432 28484
488 gi|23 28600 28965
489 gi|23 29042 29255
490 gi|23 29242 29359
491 gi|23 29910 32086
492 gi|23 37674 37758
493 gi|23 39260 39438
494 gi|24 5829 6189
495 gi|24 27091 27203
496 gi|24 33810 34020
497 gi|24 34978 35080
498 gi|25 2675 2940
499 gi|25 8146 8332
500 gi|25 10148 10365
501 gi|25 13307 14539
502 gi|25 14686 14906
503 gi|25 32908 33153
504 gi|25 33246 33688
505 gi|25 34955 35289
506 gi|26 16730 17097
507 gi|26 25831 26605
508 gi|26 33104 33400
509 gi|26 33715 33839
510 gi|27 1831 2017
511 gi|27 18480 19288
512 gi|27 25251 25368
513 gi|28 20062 20094
514 gi|29 8358 9933
515 gi|29 9867 10865
516 gi|29 11344 11422
517 gi|29 15629 15807
518 gi|29 17174 17307
519 gi|29 24128 24997
520 gi|29 24993 25234
521 gi|29 29061 29282
522 gi|29 29319 30606
523 gi|29 33309 33507
524 gi|29 36349 36476
525 gi|3 1235 1384
526 gi|3 1845 1967
527 gi|3 5258 5421
528 gi|3 14020 14109
529 gi|3 25711 26590
530 gi|30 8102 8327
531 gi|30 8343 8537
532 gi|30 9270 10534
533 gi|30 17703 18165
534 gi|30 29629 29702
535 gi|30 37874 37982
536 gi|30 38804 38997
537 gi|31 1 259
538 gi|31 249 2707
539 gi|31 2684 3057
540 gi|31 3040 3645
541 gi|31 3636 4596
542 gi|31 5218 5534
543 gi|31 5616 6971
544 gi|31 6955 7572
545 gi|31 7570 7728
546 gi|31 7729 8030
547 gi|31 8105 8370
548 gi|31 8290 8697
549 gi|31 8710 9009
550 gi|31 9251 9358
551 gi|31 9358 9579
552 gi|31 9577 11804
553 gi|31 11803 12481
554 gi|31 12477 12545
555 gi|31 12530 13347
556 gi|31 13446 13581
557 gi|31 14492 14690
558 gi|31 14678 14988
559 gi|31 15001 15409
560 gi|31 15328 15612
561 gi|31 16498 17702
562 gi|31 17811 18966
563 gi|31 20460 20759
564 gi|31 20771 21154
565 gi|31 21094 21364
566 gi|31 21874 22479
567 gi|31 24896 25476
568 gi|31 25342 27719
569 gi|31 27755 28338
570 gi|31 28465 28524
571 gi|31 28508 28640
572 gi|31 28631 29902
573 gi|31 30038 30169
574 gi|31 30344 30540
575 gi|31 30738 31309
576 gi|31 31280 31388
577 gi|31 31368 31465
578 gi|31 31573 31832
579 gi|32 638 818
580 gi|32 8579 8819
581 gi|32 8845 9021
582 gi|32 9018 9209
583 gi|32 9188 9465
584 gi|32 9709 9880
585 gi|32 27217 27371
586 gi|32 30694 30790
587 gi|32 35135 35324
588 gi|32 38165 38335
589 gi|33 1012 1185
590 gi|33 7444 7500
591 gi|33 9033 9256
592 gi|33 9183 9424
593 gi|33 15163 15348
594 gi|33 15838 16578
595 gi|33 17352 17995
596 gi|33 35655 35760
597 gi|34 18976 19154
598 gi|34 26773 26883
599 gi|35 1845 1894
600 gi|35 2288 3057
601 gi|35 6216 6408
602 gi|35 8246 8494
603 gi|35 9347 9535
604 gi|35 19110 20673
605 gi|35 20867 21218
606 gi|36 121 983
607 gi|36 984 1129
608 gi|36 1116 1753
609 gi|36 1854 1968
610 gi|36 2362 2472
611 gi|36 2720 2945
612 gi|36 2949 3810
613 gi|36 4668 6275
614 gi|36 6550 7555
615 gi|36 7266 8372
616 gi|36 8691 8767
617 gi|36 9995 10539
618 gi|36 10414 10695
619 gi|36 10650 11020
620 gi|36 19852 20332
621 gi|36 20403 20656
622 gi|36 28089 28173
623 gi|36 37350 37443
624 gi|36 37816 37969
625 gi|36 38858 39288
626 gi|36 39268 39558
627 gi|36 39624 39746
628 gi|37 5051 5250
629 gi|37 6642 6826
630 gi|37 7772 8332
631 gi|38 5033 5344
632 gi|38 10675 10744
633 gi|38 10738 11000
634 gi|38 11132 11318
635 gi|38 11320 11546
636 gi|38 11548 11679
637 gi|38 17119 17537
638 gi|38 20648 20731
639 gi|38 22594 23164
640 gi|38 23147 23796
641 gi|38 23776 26085
642 gi|38 26091 27361
643 gi|38 28407 28633
644 gi|38 29007 29822
645 gi|38 29783 29963
646 gi|38 29961 30043
647 gi|38 30045 31044
648 gi|38 31011 31088
649 gi|38 31235 31441
650 gi|38 31473 32067
651 gi|38 32058 32308
652 gi|38 32313 32521
653 gi|38 32517 32827
654 gi|38 32821 33009
655 gi|38 33389 33666
656 gi|38 33886 34073
657 gi|38 34317 35792
658 gi|38 35783 36573
659 gi|4 20485 20586
660 gi|4 20728 20955
661 gi|4 21275 21430
662 gi|4 21455 21665
663 gi|4 21692 21777
664 gi|4 21761 22101
665 gi|4 22578 22818
666 gi|4 25555 25755
667 gi|4 39415 39599
668 gi|41 18919 19081
669 gi|41 29364 29429
670 gi|41 29545 29591
671 gi|41 39852 39948
672 gi|42 194 311
673 gi|42 846 888
674 gi|42 13577 13656
675 gi|42 14037 14163
676 gi|42 14339 14517
677 gi|42 14510 15099
678 gi|42 16579 17052
679 gi|42 26896 27026
680 gi|43 7817 7921
681 gi|43 23654 23725
682 gi|43 26544 26772
683 gi|44 13916 14023
684 gi|45 22183 22451
685 gi|45 22518 22722
686 gi|45 25560 26282
687 gi|45 28548 28687
688 gi|46 1268 1438
689 gi|46 1818 1971
690 gi|46 11042 11180
691 gi|46 17581 18017
692 gi|46 24116 24336
693 gi|46 25253 25492
694 gi|46 37432 37700
695 gi|46 37713 37919
696 gi|47 8727 8821
697 gi|47 19150 19217
698 gi|47 22815 22890
699 gi|47 26829 26999
700 gi|47 32815 32891
701 gi|48 7447 7701
702 gi|48 19579 19646
703 gi|48 19901 19988
704 gi|49 22352 22435
705 gi|5 3 1010
706 gi|5 3776 3837
707 gi|5 4642 5918
708 gi|5 6664 7426
709 gi|5 7409 7601
710 gi|5 8114 8899
711 gi|5 8899 8986
712 gi|5 14096 14251
713 gi|5 30037 30090
714 gi|5 38887 39059
715 gi|5 39123 39424
716 gi|50 14178 14970
717 gi|50 23356 23652
718 gi|50 32768 32913
719 gi|50 34006 34206
720 gi|52 2923 3218
721 gi|52 3222 3624
722 gi|52 3638 3988
723 gi|52 4318 4788
724 gi|52 4767 5078
725 gi|52 5613 5726
726 gi|52 27126 27815
727 gi|52 27784 28015
728 gi|52 28198 28253
729 gi|52 38298 38445
730 gi|52 38484 38712
731 gi|52 38710 40014
732 gi|52 39993 40087
733 gi|52 40085 40490
734 gi|52 40605 40700
735 gi|53 3964 4122
736 gi|53 31159 31275
737 gi|54 93 237
738 gi|54 12510 12595
739 gi|54 20163 20287
740 gi|54 21003 21282
741 gi|54 34555 34722
742 gi|55 21238 21316
743 gi|56 1 303
744 gi|56 673 737
745 gi|56 6047 6097
746 gi|56 15827 16087
747 gi|56 18314 18420
748 gi|56 19497 19792
749 gi|56 20438 22452
750 gi|56 23289 23386
751 gi|56 25334 25425
752 gi|57 3215 3347
753 gi|57 23865 24000
754 gi|57 31133 31257
755 gi|57 38258 38408
756 gi|57 39461 39661
757 gi|58 7260 7379
758 gi|58 10606 10745
759 gi|6 5763 6006
760 gi|6 6446 6598
761 gi|6 13485 13601
762 gi|6 27250 27396
763 gi|6 30622 31039
764 gi|6 31787 31901
765 gi|6 31907 32109
766 gi|6 32993 33258
767 gi|6 34264 34391
768 gi|6 34517 34577
769 gi|6 34621 34668
770 gi|6 34655 34753
771 gi|60 8313 8414
772 gi|60 11830 12582
773 gi|60 12690 12819
774 gi|60 14196 14333
775 gi|60 28951 29550
776 gi|61 5872 7166
777 gi|61 7485 7637
778 gi|61 18397 18505
779 gi|61 19267 19460
780 gi|61 27629 29884
781 gi|62 1 831
782 gi|62 1662 1873
783 gi|62 10404 10684
784 gi|62 15618 15860
785 gi|62 16052 16300
786 gi|62 16731 16943
787 gi|62 18414 18506
788 gi|62 18483 18656
789 gi|62 19045 19123
790 gi|62 19388 19430
791 gi|62 26886 27014
792 gi|63 23399 23485
793 gi|63 33005 33211
794 gi|63 34769 34888
795 gi|64 30400 30442
796 gi|66 15896 15966
797 gi|66 17103 17308
798 gi|66 34461 34583
799 gi|67 2186 2354
800 gi|67 2349 2491
801 gi|67 2472 3625
802 gi|67 3614 4150
803 gi|67 6553 7524
804 gi|67 9271 9475
805 gi|67 9428 9812
806 gi|67 9800 10331
807 gi|67 10504 10620
808 gi|67 10633 11577
809 gi|67 11545 11746
810 gi|67 11705 13743
811 gi|67 13727 14858
812 gi|67 14785 14979
813 gi|67 15636 16284
814 gi|67 17121 17904
815 gi|67 17902 18065
816 gi|67 18054 18525
817 gi|67 18522 19087
818 gi|67 22462 23434
819 gi|67 23909 24203
820 gi|67 26813 27394
821 gi|67 27381 27680
822 gi|67 27654 28473
823 gi|67 28440 28697
824 gi|67 28635 31380
825 gi|67 31504 31892
826 gi|67 31876 32211
827 gi|67 32208 32602
828 gi|67 32594 33214
829 gi|67 33170 33499
830 gi|67 33461 34026
831 gi|67 34671 34957
832 gi|67 35016 35287
833 gi|67 35569 35707
834 gi|67 35829 36025
835 gi|67 36321 36446
836 gi|67 36917 37443
837 gi|67 37418 37664
838 gi|67 38989 39171
839 gi|68 1487 1854
840 gi|69 13722 14278
841 gi|69 21679 21811
842 gi|69 36050 36302
843 gi|69 36304 36501
844 gi|69 36491 36716
845 gi|69 36688 37123
846 gi|69 37108 37266
847 gi|69 37397 37445
848 gi|69 37446 37607
849 gi|69 37711 37831
850 gi|7 2993 3150
851 gi|7 3243 3352
852 gi|7 12090 12508
853 gi|7 32535 32617
854 gi|7 35833 36310
855 gi|71 2254 2409
856 gi|71 8297 8772
857 gi|71 12439 12553
858 gi|71 22132 22207
859 gi|71 31438 31867
860 gi|71 32077 32418
861 gi|71 40126 40215
862 gi|71 40199 40325
863 gi|72 7221 7595
864 gi|72 8104 8456
865 gi|72 9293 9750
866 gi|72 28465 28665
867 gi|72 28716 29353
868 gi|72 29327 29388
869 gi|72 29405 29489
870 gi|72 30194 30462
871 gi|72 30463 30518
872 gi|72 31787 32260
873 gi|73 12098 12335
874 gi|73 19857 20055
875 gi|73 20110 22650
876 gi|73 22648 22740
877 gi|74 8700 8774
878 gi|74 8973 9290
879 gi|74 10598 10802
880 gi|74 29025 29232
881 gi|74 29329 29431
882 gi|75 4041 5478
883 gi|75 12641 12764
884 gi|75 36936 37505
885 gi|76 3531 3776
886 gi|76 11065 11214
887 gi|76 11681 11870
888 gi|76 14741 14866
889 gi|76 30766 30944
890 gi|76 32139 32352
891 gi|77 20325 20362
892 gi|77 21929 22051
893 gi|77 22273 22332
894 gi|78 1439 1950
895 gi|78 4660 4769
896 gi|78 5480 5541
897 gi|78 5549 5689
898 gi|78 7434 7496
899 gi|78 8043 9640
900 gi|78 10691 10730
901 gi|78 11040 11068
902 gi|78 24023 25736
903 gi|78 25854 26204
904 gi|78 32193 32446
905 gi|78 32845 33639
906 gi|79 9887 10034
907 gi|79 25422 25692
908 gi|79 33872 33976
909 gi|8 5264 5395
910 gi|8 17228 17473
911 gi|8 19563 19718
912 gi|8 19806 20359
913 gi|8 20367 20496
914 gi|8 28141 28338
915 gi|80 8 208
916 gi|80 8397 8970
917 gi|80 9146 9225
918 gi|80 10382 10504
919 gi|80 10777 10882
920 gi|80 15024 15146
921 gi|80 35376 35581
922 gi|81 17309 17436
923 gi|81 17673 17857
924 gi|81 17879 18300
925 gi|81 37040 37200
926 gi|82 6123 6474
927 gi|82 8233 8303
928 gi|82 9412 9542
929 gi|82 28304 28417
930 gi|83 23078 23636
931 gi|83 23892 24268
932 gi|83 29697 29784
933 gi|84 33739 33837
934 gi|84 34053 34215
935 gi|84 34667 34766
936 gi|85 16474 16999
937 gi|85 37227 37901
938 gi|86 2533 2669
939 gi|86 15380 15418
940 gi|86 32031 32071
941 gi|87 33598 33694
942 gi|88 1490 2691
943 gi|88 2945 3560
944 gi|88 5374 5873
945 gi|88 5784 6488
946 gi|88 7729 10522
947 gi|88 10533 10808
948 gi|88 10838 11073
949 gi|88 15702 15784
950 gi|88 15773 15844
951 gi|88 16454 16725
952 gi|88 17281 17521
953 gi|88 17524 18419
954 gi|88 19057 19367
955 gi|88 19603 19926
956 gi|88 20213 21323
957 gi|88 23553 23919
958 gi|88 23918 24069
959 gi|88 25222 25378
960 gi|88 26233 28354
961 gi|88 28383 28491
962 gi|88 31659 32490
963 gi|88 32926 33038
964 gi|88 33063 33177
965 gi|88 33142 33278
966 gi|88 33219 33481
967 gi|89 11586 12229
968 gi|89 23301 23471
969 gi|89 23457 23580
970 gi|9 1 1265
971 gi|9 1285 1711
972 gi|9 4069 4160
973 gi|9 4565 4673
974 gi|9 4808 5014
975 gi|9 5618 5868
976 gi|9 35945 36282
977 gi|90 1565 1654
978 gi|90 15591 15678
979 gi|90 15918 18432
980 gi|90 18529 18736
981 gi|90 35642 35854
982 gi|90 37008 37168
983 gi|91 16840 16942
984 gi|91 16914 17043
985 gi|91 17015 17194
986 gi|91 19222 19360
987 gi|93 4954 5907
988 gi|93 8389 8480
989 gi|93 19608 19784
990 gi|93 20057 20288
991 gi|93 29230 29313
992 gi|93 37602 37749
993 gi|94 20543 20820
994 gi|94 24728 24915
995 gi|94 25489 25893
996 gi|94 26032 26188
997 gi|94 26302 26369
998 gi|94 27963 28485
999 gi|94 31382 32151
1000 gi|94 32150 32199
1001 gi|95 4315 4815
1002 gi|95 9293 9405
1003 gi|96 6090 6219
1004 gi|96 7381 7459
1005 gi|96 38221 38339
1006 gi|97 9985 10282
1007 gi|97 15105 15200
1008 gi|97 24520 24765
1009 gi|97 24782 25269
1010 gi|97 34443 34599
1011 gi|97 34808 35232
1012 gi|97 35595 35730
1013 gi|97 35729 35783
1014 gi|97 35781 36024
1015 gi|97 36330 36856
1016 gi|97 37692 39185
1017 gi|98 13001 13100
1018 gi|98 16604 17031
1019 gi|99 30991 31161
1020 gi|99 31218 31347
1021 gi|99 31409 32753
1022 gi|99 33095 33438
1023 gi|99 34766 34986
1024 gi|99 35530 35628
1025 gi|99 35847 38230
