472 524 gi|10 7819 7912 
474 799 gi|10 7914 8009 
476 1101 gi|10 7920 8052 
478 445 gi|10 8007 8065 
480 398 gi|10 8180 8549 
482 957 gi|10 8501 8714 
484 798 gi|10 8707 9018 
486 559 gi|10 8714 8963 
488 445 gi|10 8716 8978 
619 315 gi|10 8788 8954 
490 1870 gi|10 9024 9372 
492 726 gi|10 9139 9471 
494 276 gi|10 9149 9226 
496 730 gi|10 9171 9342 
498 701 gi|10 9191 9471 
500 485 gi|10 9230 9471 
502 345 gi|10 9288 9471 
504 299 gi|10 9288 9467 
506 332 gi|10 9320 9402 
508 870 gi|10 9325 9480 
510 740 gi|10 9329 9468 
512 345 gi|10 9334 9411 
514 313 gi|10 9365 9467 
516 277 gi|10 9390 9475 
518 290 gi|10 9872 9934 
520 349 gi|10 9947 10148 
522 700 gi|10 9954 10136 
524 547 gi|10 9957 10059 
526 279 gi|10 9960 10160 
528 359 gi|10 9992 10168 
530 725 gi|10 10074 10186 
791 917 gi|100 3383 3490 
1853 254 gi|100 8810 8843 
1950 290 gi|100 8810 8842 
1051 344 gi|100 16480 16612 
1952 790 gi|100 18835 18953 
1167 251 gi|100 36175 36225 
1956 312 gi|100 36176 36240 
1954 319 gi|100 36176 36222 
213 321 gi|100 36316 36582 
1958 347 gi|100 36465 36656 
131 422 gi|100 38081 38191 
425 505 gi|100 38081 38182 
1303 459 gi|100 38081 38181 
1960 408 gi|100 38081 38137 
1877 260 gi|100 38085 38220 
117 280 gi|100 38088 38148 
1962 250 gi|100 39144 39236 
2448 272 gi|101 7912 8049 
1339 449 gi|101 25551 25633 
2450 530 gi|101 28861 28981 
1145 498 gi|101 32226 32359 
2452 262 gi|101 32226 32347 
2454 397 gi|101 32825 32912 
233 454 gi|101 32917 33065 
1229 367 gi|101 32977 33065 
1963 250 gi|101 36439 36528 
1655 264 gi|102 93 237 
1509 284 gi|102 771 836 
1507 334 gi|102 2138 2315 
1505 295 gi|102 2673 2763 
1359 617 gi|102 12510 12595 
555 272 gi|102 16632 16715 
417 367 gi|102 21001 21234 
1880 405 gi|102 34578 34722 
157 431 gi|102 34590 34723 
1882 307 gi|102 34620 34722 
1487 5744 gi|103 1 701 
33 986 gi|103 1 141 
1908 1363 gi|104 4041 5478 
441 280 gi|104 4723 4896 
1910 258 gi|104 28584 28690 
1942 343 gi|106 19118 19262 
1944 263 gi|106 19119 19309 
1959 347 gi|106 19120 19313 
1195 381 gi|106 19143 19257 
1153 291 gi|106 19163 19258 
1157 391 gi|106 19639 19733 
1946 313 gi|106 19653 19733 
1948 274 gi|106 19656 19733 
2440 430 gi|107 8683 8890 
2442 1256 gi|107 11965 12193 
1839 1932 gi|107 13722 14278 
1061 256 gi|107 21679 21811 
1091 438 gi|108 10963 11059 
1573 306 gi|109 4187 4346 
1571 328 gi|109 4408 4500 
209 258 gi|109 36029 36119 
1912 513 gi|109 36037 36277 
1161 348 gi|109 36037 36121 
1947 313 gi|109 36049 36129 
211 304 gi|109 36196 36285 
1197 571 gi|109 36205 36535 
1943 343 gi|109 36449 36593 
778 1323 gi|11 2192 2345 
780 293 gi|11 3230 3348 
782 268 gi|11 22047 22114 
321 272 gi|11 22076 22137 
317 265 gi|11 29094 29168 
784 370 gi|11 35509 35754 
786 303 gi|11 35580 35688 
1911 258 gi|110 2 108 
2441 430 gi|111 6719 6920 
1928 317 gi|111 19559 19687 
1857 288 gi|111 19566 19686 
1930 900 gi|111 19576 19689 
1932 290 gi|111 19584 19683 
1459 292 gi|111 19587 19683 
1934 827 gi|111 24638 25118 
1705 4561 gi|111 24649 25189 
499 701 gi|111 24900 25189 
1936 437 gi|111 24906 25087 
1383 305 gi|111 24938 24996 
1577 1671 gi|111 24946 25199 
391 347 gi|111 25337 25541 
1235 658 gi|111 25631 25847 
1938 316 gi|111 31751 31933 
1940 1193 gi|111 32353 33144 
1964 3550 gi|112 2 441 
1966 1349 gi|112 5 439 
1968 2021 gi|112 6 441 
1970 629 gi|112 6 140 
1972 664 gi|112 7 436 
1974 541 gi|112 123 243 
1976 744 gi|112 149 430 
1978 4448 gi|112 418 2034 
1980 913 gi|112 424 605 
1982 945 gi|112 433 629 
1984 1204 gi|112 603 1058 
1986 430 gi|112 1198 1551 
1988 419 gi|112 1213 1551 
1990 271 gi|112 1902 2032 
1992 355 gi|112 1909 2032 
1994 257 gi|112 1909 2032 
1851 699 gi|112 2017 2125 
1951 290 gi|112 2031 2063 
1996 1932 gi|112 2123 2479 
1998 1261 gi|112 2123 2269 
2002 4976 gi|112 2266 2863 
2000 5236 gi|112 2266 2859 
2004 697 gi|112 2383 2480 
1849 5536 gi|112 2857 3646 
2006 22312 gi|112 3641 8018 
2008 1679 gi|112 3646 4248 
2010 927 gi|112 3647 3861 
2014 665 gi|112 4403 5716 
2012 410 gi|112 4403 4950 
2016 390 gi|112 5099 5221 
2018 7626 gi|112 5216 6083 
2020 291 gi|112 5367 5714 
2022 7272 gi|112 5868 7989 
2024 438 gi|112 5868 6140 
2026 2157 gi|112 5977 6860 
2028 1501 gi|112 6133 7316 
2030 1041 gi|112 6133 6839 
2032 553 gi|112 6422 6587 
2034 4558 gi|112 6550 7989 
2036 2745 gi|112 6710 7063 
2038 605 gi|112 7653 8045 
2040 427 gi|112 7696 7960 
2042 10100 gi|112 7974 9153 
2044 4454 gi|112 8008 9412 
2046 4300 gi|112 8008 9412 
2048 679 gi|112 8068 8627 
2050 750 gi|112 8111 8792 
2052 409 gi|112 9389 9557 
2054 385 gi|112 9389 9557 
2056 4234 gi|112 9530 10118 
2058 4065 gi|112 9579 10118 
2060 57539 gi|112 9959 16391 
2062 10539 gi|112 9960 11142 
2064 2100 gi|112 12362 13624 
2066 1319 gi|112 12372 13634 
2068 400 gi|112 12388 12925 
2070 1578 gi|112 12389 13634 
2072 264 gi|112 12721 12788 
2074 623 gi|112 12830 13632 
2076 970 gi|112 13832 14574 
2078 909 gi|112 13838 14615 
2080 1368 gi|112 13865 15043 
2082 892 gi|112 13950 14575 
2084 565 gi|112 13997 14292 
2086 4112 gi|112 15846 16391 
2088 1668 gi|112 16236 16551 
2090 2631 gi|112 16237 16551 
2092 1171 gi|112 16536 16683 
2094 5040 gi|112 16682 17309 
2096 1717 gi|112 16684 17250 
2098 295 gi|112 16838 17179 
2100 885 gi|112 17305 17428 
353 4662 gi|112 17307 17867 
2102 888 gi|112 17307 17428 
1801 4468 gi|112 17310 17876 
2110 4658 gi|112 17310 17867 
1763 998 gi|112 17310 17428 
2104 906 gi|112 17310 17428 
2108 928 gi|112 17310 17428 
733 961 gi|112 17310 17428 
2106 847 gi|112 17310 17413 
2112 350 gi|112 17383 17428 
745 3498 gi|112 17483 17876 
1775 3448 gi|112 17483 17867 
2114 3238 gi|112 17483 17867 
2116 3189 gi|112 17484 17867 
2118 2092 gi|112 17491 17750 
2120 3117 gi|112 17512 17867 
1629 2242 gi|112 17538 17869 
2122 661 gi|112 17783 17870 
2124 2057 gi|112 17865 18100 
2126 3615 gi|112 17885 19002 
2128 445 gi|112 17885 18157 
2130 7371 gi|112 17899 19016 
2132 2048 gi|112 17955 18877 
2134 1134 gi|112 18150 18880 
2136 943 gi|112 18150 18856 
2138 542 gi|112 18439 18570 
2140 1382 gi|112 18587 19002 
2142 1995 gi|112 18727 19002 
2144 4178 gi|112 18982 19481 
2146 3802 gi|112 18990 19480 
2148 692 gi|112 19245 19498 
2150 718 gi|112 19448 19691 
2152 699 gi|112 19448 19673 
2154 1644 gi|112 19481 19691 
2156 754 gi|112 19481 19575 
2158 292 gi|112 19553 19676 
2162 1304 gi|112 19675 20139 
2160 1279 gi|112 19675 20104 
2164 251 gi|112 20108 20139 
2166 4095 gi|112 20136 20637 
1791 3800 gi|112 20146 20650 
729 4370 gi|112 20146 20640 
2168 664 gi|112 20148 20235 
1627 2258 gi|112 20149 20480 
2170 3662 gi|112 20151 20647 
2172 4072 gi|112 20151 20647 
1761 4395 gi|112 20151 20640 
2174 3621 gi|112 20151 20535 
355 3621 gi|112 20151 20535 
2176 3342 gi|112 20268 20735 
2178 1035 gi|112 20505 20649 
2180 372 gi|112 20515 20567 
371 986 gi|112 20526 20650 
2182 996 gi|112 20526 20640 
2184 4675 gi|112 24958 25550 
2186 3197 gi|112 24968 25376 
1799 4396 gi|112 24990 25554 
747 3458 gi|112 24990 25377 
2188 663 gi|112 24991 25077 
347 4667 gi|112 24992 25550 
2190 3249 gi|112 24992 25377 
2192 3129 gi|112 24992 25348 
1777 3448 gi|112 24993 25377 
1631 2241 gi|112 24993 25322 
2194 2092 gi|112 25110 25369 
1749 1024 gi|112 25436 25600 
2196 924 gi|112 25436 25589 
2204 821 gi|112 25436 25551 
2198 863 gi|112 25436 25550 
2200 885 gi|112 25436 25550 
737 918 gi|112 25436 25550 
2202 309 gi|112 25436 25477 
2206 847 gi|112 25447 25550 
2208 2469 gi|112 26054 26486 
187 2422 gi|112 26507 27025 
1559 1229 gi|112 27368 27698 
1443 718 gi|112 27418 27671 
1561 369 gi|112 27444 27719 
1565 255 gi|112 27543 27661 
993 525 gi|112 27564 27664 
2212 1326 gi|112 27654 27959 
2210 1048 gi|112 27654 27820 
2214 1953 gi|112 27809 28457 
2216 1280 gi|112 27819 28431 
2218 3398 gi|112 27820 28417 
2220 823 gi|112 27879 28272 
2222 734 gi|112 27888 28272 
2224 596 gi|112 28338 28442 
693 1919 gi|112 28417 28683 
2226 1591 gi|112 28419 28643 
2228 2485 gi|112 28420 28721 
2230 1902 gi|112 28420 28697 
1733 1946 gi|112 28420 28666 
1661 2387 gi|112 28424 28720 
1375 1827 gi|112 28424 28666 
2232 836 gi|112 28428 28643 
397 288 gi|112 28467 28527 
2234 513 gi|112 28468 28631 
947 484 gi|112 28494 28625 
2236 254 gi|112 28659 28704 
2240 2288 gi|112 28722 29085 
2238 861 gi|112 28722 29080 
2242 3771 gi|112 29029 29537 
2244 683 gi|112 29061 29169 
2246 3582 gi|112 29078 29534 
1637 2199 gi|112 29084 29414 
1753 3622 gi|112 29085 29535 
723 3538 gi|112 29085 29531 
2248 3295 gi|112 29085 29527 
1817 3023 gi|112 29085 29440 
2250 3141 gi|112 29085 29440 
357 3146 gi|112 29085 29440 
2252 2358 gi|112 29202 29530 
1793 871 gi|112 29428 29541 
2254 809 gi|112 29428 29540 
2258 809 gi|112 29428 29531 
387 795 gi|112 29428 29530 
2256 266 gi|112 29428 29457 
2260 2602 gi|112 29528 29945 
2262 1020 gi|112 29537 29939 
139 8333 gi|112 29950 31171 
2264 17246 gi|112 30653 32685 
885 279 gi|112 31976 32047 
2266 292 gi|112 31978 32047 
2268 696 gi|112 31987 32077 
2270 484 gi|112 31989 32078 
1615 299 gi|112 31989 32047 
1695 294 gi|112 31989 32047 
875 307 gi|112 31996 32078 
2272 2602 gi|112 32687 32984 
2274 4685 gi|112 32973 33577 
1751 1012 gi|112 32981 33103 
2276 882 gi|112 32984 33103 
2278 864 gi|112 32984 33103 
1803 4428 gi|112 32985 33545 
349 4667 gi|112 32985 33543 
2280 906 gi|112 32985 33103 
2284 928 gi|112 32985 33103 
735 961 gi|112 32985 33103 
2282 847 gi|112 32985 33088 
2286 350 gi|112 33058 33103 
749 3458 gi|112 33158 33545 
2288 3249 gi|112 33158 33543 
1779 3448 gi|112 33158 33542 
2290 3197 gi|112 33159 33567 
2292 2092 gi|112 33166 33425 
2294 3129 gi|112 33187 33543 
1633 2241 gi|112 33213 33542 
2296 663 gi|112 33458 33544 
2298 3637 gi|112 36345 36764 
2300 4074 gi|112 36355 36869 
1805 3764 gi|112 36377 36869 
731 4356 gi|112 36377 36869 
2302 663 gi|112 36378 36464 
2306 3701 gi|112 36379 36907 
2304 4070 gi|112 36379 36866 
351 3632 gi|112 36379 36764 
1759 4397 gi|112 36380 36871 
1635 2241 gi|112 36380 36709 
2308 2870 gi|112 36497 36869 
2310 1046 gi|112 36734 36870 
2312 372 gi|112 36744 36796 
369 1019 gi|112 36755 36872 
2314 1001 gi|112 36755 36871 
2316 704 gi|112 36897 37064 
2318 967 gi|112 36897 37052 
2320 945 gi|112 36934 37049 
2322 290 gi|112 37051 37134 
2324 274 gi|112 37051 37134 
2326 918 gi|112 37105 37469 
2328 6647 gi|112 37132 37908 
2330 546 gi|112 37132 37418 
2332 388 gi|112 37156 37285 
2334 378 gi|112 37279 37445 
2336 1890 gi|112 37322 37908 
2338 266 gi|112 37634 37908 
2340 1568 gi|112 37909 38504 
2344 1500 gi|112 37909 38504 
2342 914 gi|112 37909 38137 
2346 5860 gi|112 38505 39214 
2348 582 gi|112 38508 38746 
2350 345 gi|112 38727 38919 
2352 322 gi|112 38731 38883 
2354 2184 gi|112 39210 39546 
2356 362 gi|112 39471 39548 
2358 4305 gi|112 39543 40049 
2360 303 gi|112 39636 39932 
2362 893 gi|113 1104 1226 
557 309 gi|113 10551 10637 
615 336 gi|113 16077 16205 
613 305 gi|113 16078 16202 
2364 593 gi|113 16209 16359 
153 578 gi|113 16222 16356 
1927 273 gi|113 16222 16337 
2366 428 gi|113 16223 16368 
1343 303 gi|113 16223 16304 
1869 288 gi|113 16252 16312 
2368 887 gi|113 16433 16533 
2085 565 gi|113 16797 17105 
2370 556 gi|113 16797 17105 
2374 276 gi|113 16801 17116 
2372 259 gi|113 16801 17048 
2376 925 gi|113 17153 17260 
889 364 gi|113 19392 19670 
2378 392 gi|113 19406 19686 
857 399 gi|113 19435 19687 
2380 314 gi|113 19436 19688 
75 355 gi|113 19436 19687 
1609 462 gi|113 19436 19670 
2382 409 gi|113 19440 19677 
835 267 gi|113 19467 19590 
2384 310 gi|113 19529 19685 
665 359 gi|113 19529 19660 
1543 335 gi|113 19529 19630 
1719 310 gi|113 19532 19670 
2386 250 gi|113 19547 19684 
2388 466 gi|113 21594 21789 
1611 668 gi|113 21835 21992 
1527 532 gi|113 21836 21991 
895 667 gi|113 21845 21992 
843 587 gi|113 21846 22021 
2390 689 gi|113 21846 21992 
1701 640 gi|113 21847 22005 
2392 572 gi|113 21847 21992 
2394 566 gi|113 21847 21992 
2396 588 gi|113 21847 21992 
669 340 gi|113 21847 21937 
877 251 gi|113 21847 21923 
837 472 gi|113 21849 21992 
91 439 gi|113 21855 22017 
65 738 gi|113 21982 22286 
651 1264 gi|113 21983 22366 
1531 1950 gi|113 21987 22395 
2400 2172 gi|113 21992 22394 
2398 2068 gi|113 21992 22321 
1693 929 gi|113 21992 22134 
1587 2144 gi|113 21993 22407 
2402 2377 gi|113 21993 22397 
855 1394 gi|113 21993 22397 
2404 1992 gi|113 21993 22394 
909 1755 gi|113 21993 22394 
2406 253 gi|113 21993 22033 
819 1001 gi|113 21995 22364 
2408 1132 gi|113 22125 22392 
1723 935 gi|113 22126 22357 
2410 571 gi|113 22140 22252 
2412 263 gi|113 22290 22430 
2416 322 gi|113 22401 22657 
1601 261 gi|113 22401 22656 
649 262 gi|113 22401 22649 
2414 373 gi|113 22401 22595 
861 271 gi|113 22402 22653 
2418 287 gi|113 22407 22550 
303 747 gi|113 22421 22661 
975 272 gi|113 22448 22665 
2420 701 gi|113 22448 22660 
677 467 gi|113 22508 22661 
2422 513 gi|113 23057 23193 
1113 390 gi|113 23204 23322 
509 870 gi|113 23205 23355 
27 658 gi|113 23220 23345 
1109 316 gi|113 23226 23322 
1111 316 gi|113 23226 23322 
11 377 gi|113 23277 23346 
2424 380 gi|113 23335 23802 
673 434 gi|113 23339 23536 
1593 449 gi|113 23348 23802 
2426 263 gi|113 23348 23801 
1245 712 gi|113 23349 23804 
2430 1988 gi|113 23349 23802 
2428 335 gi|113 23349 23801 
295 1511 gi|113 23349 23740 
901 404 gi|113 23370 23802 
969 634 gi|113 23425 23673 
2432 296 gi|113 23442 23801 
869 452 gi|113 23623 23794 
679 257 gi|113 23692 23743 
1703 372 gi|113 23705 23801 
2269 696 gi|113 23713 23803 
2434 711 gi|113 23713 23803 
1579 437 gi|113 23780 23956 
1469 326 gi|113 23802 23866 
491 1870 gi|113 23814 24179 
1935 827 gi|113 23816 24301 
1707 800 gi|113 23816 24291 
2436 827 gi|113 23847 24033 
1379 255 gi|113 23905 23951 
473 524 gi|113 24201 24296 
2438 858 gi|113 32427 32536 
1203 455 gi|114 560 778 
1311 395 gi|114 565 769 
251 309 gi|114 570 650 
587 328 gi|114 571 785 
527 279 gi|114 602 796 
2439 858 gi|114 956 1063 
2363 893 gi|114 958 1078 
2369 887 gi|114 963 1063 
2377 925 gi|114 966 1073 
1057 306 gi|114 2737 2780 
1055 1792 gi|114 2832 3166 
1886 250 gi|114 8379 8509 
1471 315 gi|114 8403 8507 
333 260 gi|114 12288 12569 
1553 297 gi|114 12319 12566 
1555 386 gi|114 13568 13783 
535 265 gi|114 13578 13692 
2444 313 gi|115 7638 8084 
279 277 gi|115 10714 11011 
2446 322 gi|115 11433 11813 
1621 628 gi|116 3168 3399 
167 638 gi|116 3170 3399 
1879 335 gi|116 3196 3400 
989 807 gi|116 9452 9976 
2456 429 gi|116 16794 17034 
2458 1122 gi|116 18787 19645 
2460 4953 gi|116 27759 29110 
2133 2048 gi|116 27764 28642 
2027 2157 gi|116 27764 28601 
2462 2205 gi|116 27816 28607 
1967 1349 gi|116 27906 28311 
2069 400 gi|116 27913 28436 
2464 445 gi|116 27926 28436 
2217 1280 gi|116 28004 28590 
2466 404 gi|116 28067 28265 
2331 546 gi|116 28309 28591 
2468 332 gi|116 28504 28642 
1183 283 gi|116 29080 29264 
2470 867 gi|116 29107 29259 
685 984 gi|116 29107 29258 
2472 445 gi|116 29161 29258 
2474 741 gi|116 29258 29453 
2476 693 gi|116 29451 29656 
1991 271 gi|116 29537 29663 
2177 3342 gi|116 31488 31959 
2478 2480 gi|116 31589 31959 
2101 885 gi|116 31592 31717 
2279 864 gi|116 31596 31717 
2205 821 gi|116 31596 31713 
1767 2815 gi|116 31597 31959 
1807 2429 gi|116 31597 31959 
2253 2358 gi|116 31597 31959 
2309 2870 gi|116 31597 31959 
2480 2646 gi|116 31597 31959 
2484 2817 gi|116 31597 31959 
741 2764 gi|116 31597 31959 
2482 1013 gi|116 31597 31734 
2486 805 gi|116 31597 31713 
383 807 gi|116 31597 31713 
2488 416 gi|116 31670 31724 
2119 2092 gi|116 31692 31959 
2195 2092 gi|116 31692 31959 
2293 2092 gi|116 31692 31959 
2490 2074 gi|116 31692 31959 
367 2092 gi|116 31692 31959 
1647 1211 gi|116 31752 31959 
2492 2282 gi|116 33496 33828 
2494 2307 gi|116 33497 33829 
2496 5972 gi|116 33986 34697 
1987 430 gi|116 34052 34394 
2015 665 gi|116 34063 35374 
2361 303 gi|116 34067 34356 
2498 258 gi|116 34067 34356 
2500 1851 gi|116 34675 34956 
2502 621 gi|116 34751 35405 
1995 257 gi|116 34751 34875 
2353 322 gi|116 34752 34902 
2504 7011 gi|116 34952 35814 
2099 295 gi|116 35024 35374 
2506 359 gi|116 35025 35374 
2025 438 gi|116 35543 35810 
2129 445 gi|116 35543 35810 
2508 415 gi|116 35605 35796 
2335 378 gi|116 35630 35796 
2033 553 gi|116 35762 35921 
2139 542 gi|116 35762 35895 
2510 764 gi|116 35807 35923 
1975 541 gi|116 35810 35921 
2512 549 gi|116 35810 35895 
2213 1326 gi|116 35811 36056 
2514 278 gi|116 35815 35891 
2073 264 gi|116 35815 35882 
2145 4178 gi|116 35887 36389 
2009 1679 gi|116 35892 36389 
2516 4027 gi|116 35892 36388 
1985 1204 gi|116 35892 36301 
2325 274 gi|116 35893 35988 
2345 1500 gi|116 35896 36388 
2163 1304 gi|116 35896 36301 
2518 623 gi|116 36153 36388 
1981 913 gi|116 36238 36400 
2319 967 gi|116 36238 36391 
2520 28465 gi|116 36389 39695 
2522 7122 gi|116 36391 38591 
2035 4558 gi|116 36391 37833 
2141 1382 gi|116 36411 36824 
1971 629 gi|116 36411 36545 
2524 782 gi|116 36423 37239 
2075 623 gi|116 36423 37232 
2153 699 gi|116 36780 37002 
2526 416 gi|116 36943 37208 
2047 4300 gi|116 37437 38866 
2528 350 gi|116 37542 37880 
2530 922 gi|116 37543 38219 
2083 892 gi|116 37585 38219 
2055 385 gi|116 38990 39183 
2532 2341 gi|116 39358 39698 
2534 3000 gi|116 39681 40049 
2536 987 gi|116 39695 40049 
2037 2745 gi|116 39696 40049 
2157 754 gi|116 39696 39790 
2143 1995 gi|116 39776 40049 
1841 364 gi|117 20543 20820 
1888 417 gi|117 21438 21528 
1031 438 gi|117 21445 21553 
1890 416 gi|117 21445 21522 
1497 278 gi|117 21445 21505 
917 284 gi|117 21459 21495 
1007 322 gi|117 21474 21527 
1892 292 gi|117 21475 21522 
1349 677 gi|117 25489 25893 
1401 858 gi|117 25763 26186 
1353 277 gi|117 26032 26188 
1023 378 gi|117 26033 26230 
1357 312 gi|117 26302 26369 
1847 1480 gi|117 27963 28485 
1894 2553 gi|117 28954 30274 
1896 318 gi|117 31289 31325 
1035 288 gi|117 31290 31381 
1898 261 gi|117 31290 31381 
1902 300 gi|117 31291 31394 
1900 563 gi|117 31291 31383 
1033 655 gi|117 31291 31382 
1904 403 gi|117 31295 31386 
1906 335 gi|117 31322 31382 
1013 287 gi|117 31336 31398 
185 574 gi|118 7394 7650 
1439 265 gi|118 12363 12433 
2538 599 gi|118 12436 12611 
2387 250 gi|118 12440 12578 
2540 570 gi|118 12443 12578 
2419 287 gi|118 12445 12579 
1713 555 gi|118 12447 12603 
1607 548 gi|118 12447 12594 
913 431 gi|118 12447 12579 
2542 539 gi|118 12447 12576 
87 468 gi|118 12461 12620 
663 660 gi|118 12461 12594 
2546 591 gi|118 12462 12594 
2411 571 gi|118 12462 12578 
2544 601 gi|118 12462 12578 
865 509 gi|118 12462 12578 
1547 501 gi|118 12463 12594 
2548 965 gi|118 20010 20258 
1285 305 gi|118 20420 20489 
2550 595 gi|118 20501 20632 
2552 2175 gi|118 20614 20956 
1389 757 gi|118 21891 22417 
1391 1303 gi|118 22617 22994 
1393 264 gi|118 22995 23125 
1395 254 gi|118 23430 23505 
2554 251 gi|118 34831 34939 
281 260 gi|119 1118 1227 
1257 308 gi|119 1147 1290 
1271 332 gi|119 1210 1369 
2556 2377 gi|119 5835 6440 
151 1334 gi|119 5855 6193 
2365 593 gi|119 5909 6059 
1923 450 gi|119 5916 6159 
567 346 gi|119 5918 6148 
1345 279 gi|119 5924 6001 
1881 405 gi|119 6008 6143 
593 550 gi|119 6082 6258 
2558 1595 gi|119 6113 6495 
2560 256 gi|119 6251 6498 
2562 1809 gi|119 6426 6921 
1295 1176 gi|119 6503 6902 
2564 452 gi|119 6567 6827 
221 465 gi|119 6612 6882 
1385 1259 gi|119 13609 13911 
2566 2461 gi|119 14619 15086 
893 1821 gi|119 14620 15027 
1585 2484 gi|119 14621 15042 
825 973 gi|119 14621 14983 
2425 380 gi|119 14622 15039 
2568 339 gi|119 14622 15027 
2403 2377 gi|119 14623 15029 
2570 1922 gi|119 14623 15028 
1537 2066 gi|119 14623 15023 
851 1413 gi|119 14623 15012 
653 1324 gi|119 14623 14990 
2395 566 gi|119 14623 14768 
1697 916 gi|119 14623 14765 
2379 392 gi|119 14629 14922 
71 747 gi|119 14634 14919 
1721 1185 gi|119 14757 14983 
2417 322 gi|119 14764 15005 
2572 923 gi|119 14770 15024 
2545 601 gi|119 14771 14882 
2245 683 gi|119 21362 21472 
1781 678 gi|119 21369 21472 
2574 677 gi|119 21372 21472 
345 675 gi|119 21379 21472 
2123 661 gi|119 21385 21472 
2169 664 gi|119 21385 21472 
2189 663 gi|119 21386 21472 
2297 663 gi|119 21386 21472 
2303 663 gi|119 21386 21472 
1649 532 gi|119 21388 21472 
1821 647 gi|119 21388 21472 
2576 606 gi|119 21388 21472 
2578 659 gi|119 21388 21472 
757 647 gi|119 21388 21472 
1771 415 gi|119 21470 21521 
1811 429 gi|119 21470 21521 
2181 372 gi|119 21470 21521 
2313 372 gi|119 21470 21521 
2489 416 gi|119 21470 21521 
2580 447 gi|119 21470 21521 
2582 447 gi|119 21470 21521 
743 429 gi|119 21470 21521 
2113 350 gi|119 21477 21521 
2287 350 gi|119 21477 21521 
2203 309 gi|119 21481 21521 
2584 312 gi|119 21481 21521 
381 309 gi|119 21481 21521 
2586 294 gi|119 21491 21521 
2257 266 gi|119 21492 21521 
2357 362 gi|119 21667 21742 
2588 592 gi|119 21794 21926 
811 251 gi|119 21794 21871 
111 381 gi|119 21861 22058 
1307 1035 gi|119 21927 22107 
423 536 gi|119 21927 22036 
123 425 gi|119 21927 21997 
1875 260 gi|119 21931 22032 
1961 408 gi|119 21931 21987 
689 2071 gi|119 22615 22908 
1731 2053 gi|119 22616 22871 
2590 1956 gi|119 22616 22870 
2592 542 gi|119 22624 22871 
2231 1902 gi|119 22627 22910 
1367 2065 gi|119 22631 22879 
1663 1864 gi|119 22631 22870 
405 274 gi|119 22675 22735 
2594 948 gi|119 22677 22857 
939 469 gi|119 22702 22833 
2596 495 gi|119 22811 22874 
2301 4074 gi|119 23022 23524 
2187 3197 gi|119 23022 23445 
2291 3197 gi|119 23022 23445 
2598 3171 gi|119 23024 23445 
2247 3582 gi|119 23041 23528 
1745 4007 gi|119 23046 23682 
2600 3823 gi|119 23046 23521 
2602 3633 gi|119 23048 23534 
2173 4072 gi|119 23048 23533 
725 3914 gi|119 23048 23525 
2117 3189 gi|119 23048 23445 
363 3189 gi|119 23048 23445 
1813 3144 gi|119 23048 23434 
1625 2072 gi|119 23048 23376 
2485 2817 gi|119 23164 23524 
2604 1164 gi|119 23389 23546 
1787 1141 gi|119 23389 23540 
2109 928 gi|119 23406 23524 
2285 928 gi|119 23406 23524 
379 882 gi|119 23410 23539 
2606 894 gi|119 23410 23525 
2201 885 gi|119 23410 23524 
1657 1692 gi|119 23691 23950 
1361 1772 gi|119 23700 23988 
2227 1591 gi|119 23709 23937 
695 1708 gi|119 23710 23959 
1735 1644 gi|119 23710 23957 
2610 937 gi|119 23710 23945 
2608 1601 gi|119 23710 23937 
2612 556 gi|119 23756 23958 
937 503 gi|119 23787 23918 
2614 344 gi|119 23895 23952 
2618 252 gi|119 23956 24295 
2616 759 gi|119 23956 24149 
2415 373 gi|119 23957 24155 
659 1064 gi|119 23958 24297 
1539 1671 gi|119 23958 24295 
2620 1685 gi|119 23958 24295 
833 766 gi|119 23958 24293 
2622 1675 gi|119 23959 24296 
2399 2068 gi|119 23961 24296 
2433 296 gi|119 23961 24295 
853 1233 gi|119 23964 24295 
907 1539 gi|119 23975 24295 
1605 1708 gi|119 23978 24295 
1725 878 gi|119 23978 24158 
69 785 gi|119 23998 24287 
2541 570 gi|119 24011 24148 
2385 310 gi|119 24025 24165 
1687 748 gi|119 24134 24302 
2393 572 gi|119 24151 24295 
2624 296 gi|119 24239 24295 
2355 2184 gi|119 24353 24647 
1239 2965 gi|119 26828 27195 
2626 1555 gi|119 30493 31793 
2081 1368 gi|119 30493 31677 
2049 679 gi|119 31121 31677 
2529 350 gi|119 31297 31635 
2039 605 gi|119 31304 31677 
2065 2100 gi|119 31942 33217 
2628 2368 gi|119 31942 33217 
2630 1149 gi|119 31958 33177 
2527 416 gi|119 31958 32225 
2031 1041 gi|119 32495 33194 
2137 943 gi|119 32495 33194 
1977 744 gi|119 32769 33047 
2221 823 gi|119 32782 33177 
2515 278 gi|119 32782 32858 
2467 404 gi|119 32788 32986 
2533 2341 gi|119 33271 33610 
2632 2987 gi|119 33271 33607 
2495 2307 gi|119 33276 33608 
1309 407 gi|119 33593 33952 
797 9287 gi|119 33608 34776 
799 1300 gi|119 34773 34930 
1979 4448 gi|119 34926 36512 
2317 704 gi|119 34938 35149 
2149 692 gi|119 34942 35152 
2007 22312 gi|119 34944 39276 
2341 1568 gi|119 34950 35492 
2519 623 gi|119 34950 35152 
1983 945 gi|119 35014 35217 
2517 4027 gi|119 35023 35496 
2147 3802 gi|119 35023 35493 
2343 914 gi|119 35023 35234 
2011 927 gi|119 35023 35220 
2321 945 gi|119 35023 35139 
2161 1279 gi|119 35110 35492 
2165 251 gi|119 35110 35141 
2211 1048 gi|119 35332 35492 
2323 290 gi|119 35400 35495 
2359 4305 gi|119 35555 36060 
2499 258 gi|119 35672 35968 
2347 5860 gi|119 36053 36762 
2634 400 gi|119 36381 36540 
2503 621 gi|119 36385 37033 
2636 2742 gi|119 36502 37345 
2097 1717 gi|119 36507 37073 
2261 2602 gi|119 36509 36915 
2638 371 gi|119 36662 37026 
2329 6647 gi|119 36758 37535 
2241 2288 gi|119 36907 37267 
2131 7371 gi|119 37148 38260 
2640 9981 gi|119 37197 40000 
2509 415 gi|119 37197 37388 
2463 2205 gi|119 37233 38054 
2219 3398 gi|119 37266 37867 
2642 1559 gi|119 37382 38669 
2067 1319 gi|119 37382 38655 
1965 3550 gi|119 37531 37970 
2513 549 gi|119 37729 37814 
2523 7122 gi|119 37812 40000 
2535 3000 gi|119 37972 38337 
2155 1644 gi|119 38231 38439 
2043 10100 gi|119 38822 40000 
2079 909 gi|119 38888 39671 
2644 888 gi|119 38958 39882 
2373 259 gi|119 39052 39287 
336 804 gi|12 269 406 
563 1189 gi|12 277 470 
338 3269 gi|12 1204 1606 
340 4690 gi|12 1209 1781 
342 3161 gi|12 1213 1577 
344 675 gi|12 1215 1306 
346 4667 gi|12 1221 1779 
348 4667 gi|12 1221 1779 
350 3632 gi|12 1221 1606 
358 4413 gi|12 1222 1796 
352 4662 gi|12 1222 1782 
354 3621 gi|12 1222 1606 
360 3448 gi|12 1222 1606 
753 3455 gi|12 1222 1606 
362 3189 gi|12 1222 1605 
356 3146 gi|12 1222 1577 
364 2257 gi|12 1222 1551 
366 2092 gi|12 1339 1598 
378 882 gi|12 1665 1790 
370 986 gi|12 1665 1788 
368 1019 gi|12 1665 1782 
372 944 gi|12 1665 1781 
374 872 gi|12 1665 1780 
382 807 gi|12 1665 1779 
739 918 gi|12 1665 1779 
376 829 gi|12 1665 1776 
380 309 gi|12 1665 1706 
384 883 gi|12 1676 1798 
386 795 gi|12 1677 1779 
388 546 gi|12 17424 17623 
390 347 gi|12 26278 26479 
392 272 gi|12 26490 26534 
394 299 gi|12 26536 26634 
396 288 gi|12 26587 26647 
400 258 gi|12 26587 26647 
402 257 gi|12 26587 26647 
404 274 gi|12 26587 26647 
711 266 gi|12 26587 26647 
398 292 gi|12 26587 26639 
406 292 gi|12 26587 26639 
408 1176 gi|12 26690 26830 
410 1111 gi|12 26693 26829 
412 625 gi|12 27835 28062 
1409 257 gi|120 37459 37553 
1413 309 gi|120 37465 37649 
1403 407 gi|120 37539 37896 
1213 251 gi|120 37603 37646 
1407 503 gi|120 37616 37916 
1411 466 gi|120 37661 38027 
1405 430 gi|120 37842 38278 
1419 313 gi|120 37870 38231 
1415 310 gi|120 37874 38222 
1417 294 gi|120 38032 38234 
1265 666 gi|121 39352 39526 
559 738 gi|121 39368 39533 
181 571 gi|122 34 373 
2443 1256 gi|123 3097 3321 
59 506 gi|123 15168 15225 
765 506 gi|123 15168 15225 
1473 336 gi|123 21166 21328 
109 1975 gi|123 23722 23980 
963 1231 gi|123 37861 38438 
1747 351 gi|123 37869 37959 
965 924 gi|123 38466 38812 
2565 452 gi|124 5254 5519 
2646 351 gi|124 5310 5518 
1297 277 gi|124 5311 5794 
629 344 gi|124 5419 5632 
2648 1749 gi|124 5546 5804 
2650 263 gi|124 6056 6102 
2652 317 gi|124 6351 6394 
2654 690 gi|124 6659 6788 
1651 256 gi|124 38479 38575 
1513 262 gi|125 3484 3579 
1519 258 gi|125 3484 3579 
2656 262 gi|125 3484 3579 
2557 2377 gi|125 4001 4604 
2658 1520 gi|125 4024 4333 
597 468 gi|125 4190 4328 
147 923 gi|125 4260 4628 
1925 344 gi|125 4322 4616 
569 276 gi|125 4322 4508 
1883 307 gi|125 4325 4419 
2367 428 gi|125 4363 4510 
1341 327 gi|125 4420 4524 
547 259 gi|125 4524 4634 
2660 640 gi|125 11757 11903 
1929 317 gi|125 11777 11906 
2662 373 gi|125 11788 11901 
2664 328 gi|125 11790 11901 
1449 590 gi|125 11794 11902 
2666 666 gi|125 11796 11902 
1859 843 gi|125 11796 11901 
1267 4905 gi|125 16029 17671 
145 468 gi|125 18982 19123 
217 1438 gi|125 19373 20142 
1293 1717 gi|125 19545 20220 
191 704 gi|125 19644 19992 
2563 1809 gi|125 19824 20346 
2647 351 gi|125 19983 20186 
1299 1005 gi|125 20263 20557 
223 642 gi|125 20284 20552 
2668 254 gi|125 20324 20573 
1455 545 gi|125 20871 20997 
2670 331 gi|125 20889 21007 
2672 674 gi|125 20890 21010 
1933 290 gi|125 20891 20991 
2674 392 gi|125 20892 21000 
1863 816 gi|125 20893 21039 
2676 662 gi|125 20893 21009 
2678 379 gi|125 36384 36528 
1909 1363 gi|125 36387 37882 
2680 341 gi|125 38193 38514 
2682 488 gi|125 39818 40316 
2698 308 gi|126 8119 8186 
2700 281 gi|126 8122 8236 
1569 699 gi|126 8394 8547 
2702 375 gi|126 17703 18165 
469 441 gi|126 19187 19302 
2704 261 gi|126 20324 20429 
609 265 gi|126 29629 29702 
165 250 gi|127 9638 9708 
2712 262 gi|127 11718 11822 
467 5699 gi|127 17797 19304 
2728 263 gi|128 18431 18516 
1843 1148 gi|128 23663 23841 
411 1111 gi|128 23685 23822 
393 272 gi|129 5170 5217 
775 306 gi|129 5521 5596 
929 421 gi|129 28852 29105 
931 291 gi|129 29137 29268 
2729 263 gi|129 35444 35544 
763 23839 gi|13 619 3154 
58 506 gi|13 1463 1520 
60 363 gi|13 2861 2908 
777 300 gi|13 3127 3197 
64 738 gi|13 3181 3467 
62 873 gi|13 3181 3454 
66 442 gi|13 3181 3313 
68 785 gi|13 3184 3454 
70 747 gi|13 3184 3451 
72 578 gi|13 3189 3451 
74 355 gi|13 3197 3424 
76 1048 gi|13 3198 3457 
661 717 gi|13 3198 3454 
78 710 gi|13 3198 3451 
80 850 gi|13 3198 3451 
82 724 gi|13 3198 3451 
84 597 gi|13 3198 3334 
86 468 gi|13 3211 3368 
88 492 gi|13 3280 3454 
90 439 gi|13 3295 3454 
92 369 gi|13 3325 3451 
94 258 gi|13 8555 8721 
96 288 gi|13 20763 20851 
98 298 gi|13 23353 23731 
100 255 gi|13 24574 24627 
102 361 gi|13 35004 35130 
1871 736 gi|130 6875 7013 
2748 315 gi|130 6968 7016 
2750 824 gi|130 15222 15496 
1017 470 gi|130 15228 15489 
2752 288 gi|130 19840 19956 
2449 272 gi|132 6692 6854 
1451 673 gi|134 9993 10101 
2667 666 gi|134 9993 10101 
2730 355 gi|134 9995 10137 
2677 662 gi|134 9995 10115 
1865 681 gi|134 9995 10103 
175 708 gi|134 15713 15859 
2661 640 gi|134 28391 28542 
1867 666 gi|134 28407 28539 
2673 674 gi|134 28417 28541 
2732 379 gi|134 28427 28570 
1453 592 gi|134 28431 28539 
633 270 gi|134 34337 34417 
2734 298 gi|134 35965 36247 
1499 304 gi|134 37125 37195 
2736 261 gi|134 37131 37195 
2738 747 gi|134 37457 37571 
687 564 gi|134 37460 37566 
2473 445 gi|134 37461 37571 
2754 271 gi|135 2058 2185 
2756 253 gi|135 5989 6051 
2758 304 gi|135 6288 6418 
2760 651 gi|135 6596 6968 
2762 646 gi|135 7180 7584 
2764 280 gi|136 9864 10033 
2766 412 gi|136 9887 10010 
2768 341 gi|136 9889 10030 
2770 382 gi|136 9896 10034 
1445 255 gi|136 20634 20715 
599 261 gi|136 25422 25692 
2772 343 gi|136 33872 33959 
2699 308 gi|136 33872 33946 
979 485 gi|136 35268 35541 
981 614 gi|136 35565 35812 
2740 315 gi|137 28356 28436 
1233 1384 gi|138 4584 5111 
2742 348 gi|138 9257 9334 
1191 711 gi|138 27681 27845 
1095 702 gi|138 27682 27845 
2744 571 gi|138 27695 27861 
1523 546 gi|138 27744 27851 
2746 444 gi|138 27744 27851 
1429 4737 gi|140 11629 12136 
2714 349 gi|140 15049 15278 
1319 313 gi|140 15052 15369 
1247 289 gi|141 3105 3501 
1249 284 gi|141 4180 4410 
565 761 gi|141 14011 14182 
337 804 gi|141 14017 14162 
2774 544 gi|141 16688 16933 
2776 302 gi|141 17184 17573 
489 445 gi|141 17220 17483 
617 302 gi|141 17294 17568 
2778 358 gi|141 17837 17958 
201 540 gi|141 17889 18043 
199 463 gi|141 19483 19652 
2688 1060 gi|142 636 869 
2690 696 gi|142 2723 2831 
2692 734 gi|142 2723 2827 
805 851 gi|142 2724 2826 
2694 548 gi|142 26371 26478 
2696 671 gi|142 26373 26478 
803 530 gi|142 26374 26475 
1155 291 gi|142 33226 33376 
1289 252 gi|142 33490 33652 
1957 312 gi|142 33681 33748 
1165 340 gi|142 33696 33822 
207 297 gi|142 33701 33824 
1945 263 gi|142 34119 34309 
1287 635 gi|142 34175 34643 
1913 513 gi|142 34357 34597 
205 269 gi|142 34484 34651 
1949 274 gi|142 34508 34585 
1163 409 gi|142 34514 34635 
1955 319 gi|142 34521 34567 
983 270 gi|143 4191 4261 
2755 271 gi|143 7366 7505 
2555 251 gi|143 7385 7491 
2753 288 gi|143 7611 7738 
2451 530 gi|143 10267 10385 
1049 258 gi|143 11780 11961 
1421 2405 gi|143 21461 22632 
2735 298 gi|143 21474 21771 
15 276 gi|143 22237 22344 
985 743 gi|143 23036 23125 
1221 283 gi|143 36559 36637 
2765 280 gi|143 37177 37347 
2780 759 gi|143 37195 37317 
2782 758 gi|143 37201 37329 
2784 757 gi|143 37201 37317 
289 586 gi|143 37872 38719 
2701 281 gi|144 558 679 
2773 343 gi|144 613 695 
95 258 gi|144 23016 23182 
1273 447 gi|144 23900 24085 
1275 494 gi|144 24085 24187 
1501 299 gi|144 28295 28369 
2737 261 gi|144 28324 28395 
443 294 gi|144 29940 30082 
439 802 gi|144 30502 31167 
1855 265 gi|145 7729 7977 
2671 331 gi|145 7745 7871 
2665 328 gi|145 7747 7871 
1931 900 gi|145 7763 7876 
1461 283 gi|145 7774 7869 
2745 571 gi|145 9094 9252 
1185 930 gi|145 9094 9236 
1097 608 gi|145 9106 9254 
1521 402 gi|145 9130 9236 
2786 361 gi|145 9143 9236 
1337 453 gi|145 10916 11339 
1121 504 gi|145 27806 27942 
1123 333 gi|145 28546 28641 
2553 2175 gi|145 37768 38115 
2549 965 gi|145 38819 39062 
231 614 gi|146 7206 7365 
1237 2534 gi|146 7671 8035 
2691 696 gi|146 30800 30907 
2697 671 gi|146 30800 30905 
2684 718 gi|146 30800 30903 
807 694 gi|146 30801 30903 
2589 592 gi|146 31572 31676 
813 422 gi|146 31619 31676 
2689 1060 gi|146 32373 32599 
1313 3274 gi|146 32664 33350 
1139 529 gi|146 35796 36038 
1175 433 gi|146 35796 35996 
1135 905 gi|146 36309 37214 
2686 772 gi|146 37516 37684 
1015 833 gi|147 7133 7429 
2751 824 gi|147 7169 7436 
1515 279 gi|147 18445 18529 
1517 15512 gi|147 20412 22261 
1511 11722 gi|147 20412 21803 
259 311 gi|147 20876 20955 
2657 262 gi|147 21371 21470 
1189 466 gi|147 21932 22039 
2747 444 gi|147 21939 22042 
1101 431 gi|147 21939 22039 
2787 361 gi|147 21939 22039 
1087 250 gi|147 21977 22050 
1525 1886 gi|147 32238 32595 
927 408 gi|147 35145 35334 
1329 772 gi|148 21379 22044 
2706 653 gi|148 21384 21738 
2708 256 gi|148 22010 22069 
1325 406 gi|148 23906 24184 
2710 353 gi|148 23931 24117 
2731 355 gi|148 34357 34498 
1861 382 gi|148 34369 34499 
2663 373 gi|148 34387 34499 
2733 379 gi|148 34391 34523 
2675 392 gi|148 34392 34498 
1457 343 gi|148 34395 34498 
2445 313 gi|149 5162 5611 
2447 322 gi|149 5184 5566 
1503 361 gi|149 9042 9103 
2687 772 gi|149 25449 25621 
532 437 gi|15 15032 15179 
534 265 gi|15 15133 15238 
536 676 gi|15 15180 15523 
538 1015 gi|15 15524 16071 
540 275 gi|15 15964 16089 
542 265 gi|15 15970 16118 
544 794 gi|15 16046 16210 
789 293 gi|15 16443 16603 
546 259 gi|15 32624 32728 
548 281 gi|15 33189 33282 
1225 252 gi|150 2891 3047 
449 1044 gi|150 3638 3988 
2551 595 gi|150 4147 4319 
579 285 gi|150 5613 5726 
1231 1993 gi|150 25118 26560 
2716 268 gi|150 27130 27591 
455 396 gi|150 27478 27609 
481 398 gi|150 27674 28012 
2749 315 gi|150 28195 28239 
173 601 gi|150 38298 38445 
1423 4950 gi|150 38713 40014 
311 7105 gi|150 38926 39993 
1485 643 gi|150 39076 39258 
1425 512 gi|150 39993 40087 
305 269 gi|150 40089 40273 
2718 290 gi|150 40304 40406 
1489 480 gi|150 40586 40703 
1887 250 gi|151 1684 1843 
1475 266 gi|151 1722 1784 
437 2273 gi|151 9937 10183 
1021 263 gi|151 24567 24610 
331 295 gi|151 24571 24636 
61 363 gi|151 25628 25675 
767 363 gi|151 25628 25675 
921 281 gi|151 27679 27909 
2459 1122 gi|152 9663 10522 
1291 454 gi|152 14310 14564 
1149 419 gi|152 14313 14458 
2389 466 gi|152 22905 23092 
2720 299 gi|152 23124 23190 
2471 867 gi|152 23300 23468 
2739 747 gi|152 23303 23413 
683 955 gi|152 23306 23471 
51 579 gi|152 23457 23580 
2722 303 gi|152 23582 23722 
2779 358 gi|152 33538 33671 
1227 616 gi|152 33711 33792 
2788 370 gi|153 17167 17585 
1283 373 gi|153 18058 18132 
1347 304 gi|153 28280 28394 
1897 318 gi|154 8471 8507 
1047 322 gi|154 8471 8505 
2724 390 gi|154 18481 18661 
1261 492 gi|154 18501 18815 
283 400 gi|154 18686 18863 
415 251 gi|154 32689 32751 
2713 262 gi|155 891 1024 
2723 303 gi|155 1856 2001 
2726 761 gi|155 24901 25348 
115 258 gi|156 5877 5935 
1305 256 gi|156 5879 5973 
483 957 gi|157 4931 5141 
2717 268 gi|157 5516 5981 
1317 401 gi|157 6180 6422 
2715 349 gi|157 6196 6425 
1315 387 gi|157 6480 6802 
447 252 gi|157 18769 18914 
2789 370 gi|157 32459 32868 
1117 632 gi|157 40124 40285 
1939 316 gi|158 5874 6071 
1941 1193 gi|158 6544 7279 
2757 253 gi|159 37120 37182 
2759 304 gi|159 37366 37493 
2761 651 gi|159 37578 37944 
2763 646 gi|159 38099 38555 
186 2422 gi|16 26 520 
188 480 gi|16 525 602 
190 704 gi|16 912 1259 
192 281 gi|16 1100 1207 
194 556 gi|16 1337 1573 
196 1163 gi|16 1452 1846 
198 463 gi|16 8475 8652 
200 540 gi|16 8619 8753 
202 291 gi|16 13027 13116 
204 269 gi|16 14575 14745 
206 297 gi|16 14586 14706 
208 258 gi|16 14621 14711 
210 304 gi|16 14844 14938 
212 321 gi|16 14852 15088 
214 757 gi|16 19661 19986 
216 1438 gi|16 23606 24360 
218 1605 gi|16 23796 24934 
220 465 gi|16 24079 24360 
222 642 gi|16 24380 24640 
1137 326 gi|160 1239 1359 
495 276 gi|160 2393 2475 
2209 2469 gi|160 2622 3051 
1193 314 gi|160 3024 3099 
1711 257 gi|160 24396 24566 
517 277 gi|160 24481 24566 
1177 514 gi|160 25081 25520 
1001 840 gi|160 25154 25316 
2453 262 gi|160 25312 25443 
1141 472 gi|160 25313 25478 
1003 705 gi|160 25375 25619 
2455 397 gi|160 25426 25514 
2818 453 gi|160 25427 25570 
2769 341 gi|161 1268 1438 
2785 757 gi|161 1314 1428 
2819 453 gi|161 1565 1715 
2771 382 gi|161 1818 1971 
2781 759 gi|161 1846 1968 
2767 412 gi|161 11042 11180 
2783 758 gi|161 11042 11170 
1477 301 gi|161 15870 15975 
2703 375 gi|161 17581 18017 
553 267 gi|161 24828 24895 
1885 259 gi|161 27346 27407 
2741 315 gi|161 27355 27426 
577 1161 gi|161 37567 37921 
1873 994 gi|162 13591 13722 
5 1343 gi|162 13596 13760 
7 265 gi|162 13646 13720 
1953 790 gi|162 27088 27201 
1653 1013 gi|162 35391 35507 
2559 1595 gi|163 5609 6003 
2812 302 gi|163 5645 5862 
2659 1520 gi|163 5688 5998 
595 491 gi|163 5855 6002 
2814 307 gi|163 27578 27692 
1491 306 gi|163 34362 34466 
1063 6244 gi|163 36107 37926 
1053 269 gi|163 38469 38627 
2815 307 gi|164 2674 2789 
1921 685 gi|164 5349 5614 
1919 1098 gi|164 5672 6199 
1917 541 gi|164 6227 6542 
1493 289 gi|164 6400 6515 
1915 701 gi|164 6643 7138 
2725 390 gi|164 38431 38613 
925 266 gi|165 6901 7050 
1387 1551 gi|165 11612 11829 
1463 7827 gi|165 37754 39238 
1467 326 gi|165 38823 39033 
1465 2501 gi|165 39234 39797 
1427 394 gi|165 40502 40627 
1837 649 gi|166 774 915 
1831 5996 gi|166 1107 1753 
2820 4309 gi|166 1291 1753 
1833 10691 gi|166 1799 2956 
1437 300 gi|166 1854 1968 
1823 2362 gi|166 3532 3837 
2822 2347 gi|166 3532 3808 
1829 18666 gi|166 3772 6227 
2824 9321 gi|166 4843 6227 
2826 2338 gi|166 8085 8362 
1827 2348 gi|166 8085 8360 
1431 4295 gi|166 9995 10539 
1433 490 gi|166 10414 10677 
2828 374 gi|166 10717 10971 
671 731 gi|166 19801 20041 
897 344 gi|166 19851 20323 
297 2142 gi|166 19852 20256 
1597 377 gi|166 19859 20322 
2431 1988 gi|166 19859 20322 
2569 339 gi|166 19859 20322 
1243 841 gi|166 19859 20321 
2830 311 gi|166 19859 20321 
2421 701 gi|166 19886 20102 
967 686 gi|166 19910 20201 
2619 252 gi|166 19950 20321 
871 531 gi|166 20135 20321 
1689 308 gi|166 20212 20324 
2271 484 gi|166 20232 20321 
2832 504 gi|166 20232 20321 
395 299 gi|166 20371 20481 
2834 482 gi|166 20374 20616 
697 541 gi|166 20378 20649 
2593 542 gi|166 20388 20648 
2836 654 gi|166 20398 20616 
1741 529 gi|166 20403 20651 
2613 556 gi|166 20429 20649 
1371 600 gi|166 20435 20648 
1667 538 gi|166 20435 20607 
2235 513 gi|166 20435 20607 
949 324 gi|166 20461 20600 
607 276 gi|166 28089 28173 
627 372 gi|166 37336 37443 
1083 1500 gi|166 38880 39288 
2539 599 gi|166 39255 39420 
2409 1132 gi|166 39267 39535 
639 968 gi|166 39282 39514 
1599 811 gi|166 39283 39535 
2573 923 gi|166 39283 39535 
863 770 gi|166 39283 39535 
1727 701 gi|166 39283 39494 
829 471 gi|166 39283 39494 
2617 759 gi|166 39283 39467 
2838 1064 gi|166 39289 39525 
2840 895 gi|166 39290 39535 
1549 554 gi|166 39290 39531 
915 603 gi|166 39290 39520 
67 442 gi|166 39292 39429 
435 277 gi|166 39472 39547 
1907 335 gi|167 7576 7637 
2808 408 gi|167 7579 7638 
1039 380 gi|167 7579 7637 
2806 412 gi|167 7579 7637 
1397 296 gi|167 7582 7641 
1005 309 gi|167 7582 7638 
2810 265 gi|167 7582 7636 
1893 292 gi|167 7585 7635 
2273 2602 gi|168 19495 19792 
2265 17246 gi|168 20438 22469 
2833 504 gi|168 21044 21133 
873 330 gi|168 21044 21129 
2435 711 gi|168 21045 21135 
883 283 gi|168 21075 21146 
2794 296 gi|168 21075 21144 
1617 303 gi|168 21075 21133 
1699 298 gi|168 21075 21133 
2625 296 gi|168 21078 21133 
2407 253 gi|168 21093 21133 
141 3433 gi|168 21952 22469 
2307 3701 gi|168 22442 22916 
385 883 gi|168 22452 22573 
1789 837 gi|168 22453 22573 
2479 2480 gi|168 22459 22798 
713 3511 gi|168 22461 22915 
2603 3633 gi|168 22462 22915 
2171 3662 gi|168 22463 22915 
2243 3771 gi|168 22464 22963 
1755 3577 gi|168 22466 22930 
2796 851 gi|168 22468 22573 
2107 847 gi|168 22470 22573 
2207 847 gi|168 22470 22573 
2283 847 gi|168 22470 22573 
2587 294 gi|168 22543 22573 
343 3161 gi|168 22560 22924 
2193 3129 gi|168 22560 22916 
2295 3129 gi|168 22560 22916 
2798 3111 gi|168 22560 22916 
1819 2994 gi|168 22560 22915 
2121 3117 gi|168 22560 22915 
1643 2101 gi|168 22586 22915 
2575 677 gi|168 22831 22930 
1377 965 gi|168 22892 23142 
1659 883 gi|168 22894 23134 
2611 937 gi|168 22895 23142 
1739 911 gi|168 22915 23141 
2233 836 gi|168 22917 23136 
2837 654 gi|168 22918 23136 
707 921 gi|168 22923 23142 
2595 948 gi|168 22957 23142 
933 510 gi|168 22982 23131 
1671 272 gi|168 23097 23142 
2237 254 gi|168 23097 23140 
137 765 gi|168 23172 23289 
1169 457 gi|168 23289 23386 
1119 313 gi|168 23297 23370 
2605 1164 gi|168 23914 24074 
1795 1089 gi|168 23929 24116 
2179 1035 gi|168 23929 24074 
717 1064 gi|168 23931 24074 
2255 809 gi|168 23931 24041 
2800 858 gi|168 23934 24053 
2311 1046 gi|168 23938 24074 
375 872 gi|168 23938 24053 
1765 1022 gi|168 23939 24074 
2483 1013 gi|168 23939 24074 
2105 906 gi|168 23939 24057 
2281 906 gi|168 23939 24057 
2199 863 gi|168 23939 24053 
2581 447 gi|168 24012 24064 
1815 335 gi|168 24029 24074 
2167 4095 gi|168 24061 24571 
339 3269 gi|168 24062 24469 
1769 3922 gi|168 24072 24571 
2601 3823 gi|168 24073 24571 
2802 3237 gi|168 24073 24469 
2305 4070 gi|168 24074 24571 
2191 3249 gi|168 24074 24469 
2289 3249 gi|168 24074 24469 
715 3949 gi|168 24075 24592 
1809 3718 gi|168 24075 24571 
2249 3295 gi|168 24075 24571 
2115 3238 gi|168 24075 24469 
1645 2053 gi|168 24075 24403 
2577 606 gi|168 24075 24158 
2481 2646 gi|168 24191 24584 
2583 447 gi|168 24449 24501 
2103 888 gi|168 24456 24576 
2277 882 gi|168 24456 24574 
2197 924 gi|168 24460 24611 
2804 824 gi|168 24460 24571 
377 829 gi|168 24460 24571 
2497 5972 gi|168 24622 25333 
2013 410 gi|168 24699 25233 
1989 419 gi|168 24699 25030 
2695 548 gi|168 25317 25425 
2693 734 gi|168 25317 25422 
2685 718 gi|168 25317 25420 
801 767 gi|168 25318 25425 
2457 429 gi|168 25544 25761 
2501 1851 gi|168 25731 26012 
2351 345 gi|168 25776 25973 
2635 400 gi|168 25803 25973 
2477 693 gi|168 25807 26012 
1993 355 gi|168 25807 25931 
2017 390 gi|168 25807 25930 
1365 471 gi|168 26003 26075 
1665 2416 gi|168 26004 26312 
2597 495 gi|168 26010 26075 
2229 2485 gi|168 26013 26316 
1743 374 gi|168 26013 26067 
701 370 gi|168 26013 26067 
2615 344 gi|168 26017 26077 
1669 346 gi|168 26023 26075 
1363 1870 gi|168 26054 26312 
2591 1956 gi|168 26069 26325 
705 1970 gi|168 26069 26325 
1737 1898 gi|168 26069 26316 
1673 403 gi|168 26069 26132 
2835 482 gi|168 26092 26317 
2609 1601 gi|168 26092 26316 
935 446 gi|168 26110 26241 
403 257 gi|168 26208 26268 
2505 7011 gi|168 26317 27183 
2475 741 gi|168 26319 26511 
2021 291 gi|168 26384 26737 
2639 371 gi|168 26390 26760 
2339 266 gi|168 26493 26769 
2461 4953 gi|168 26502 27906 
2023 7272 gi|168 26908 29033 
2127 3615 gi|168 26908 28024 
2641 9981 gi|168 26976 29791 
2327 918 gi|168 26976 27336 
2215 1953 gi|168 27019 27653 
2071 1578 gi|168 27178 28434 
2631 1149 gi|168 27191 28408 
1969 2021 gi|168 27310 27745 
2511 764 gi|168 27505 27635 
2521 28465 gi|168 27589 30893 
2537 987 gi|168 27751 28105 
2151 718 gi|168 27980 28218 
2045 4454 gi|168 28637 30066 
2077 970 gi|168 28664 29415 
2375 276 gi|168 28834 29132 
2053 409 gi|168 30190 30383 
2633 2987 gi|168 30557 30893 
2493 2282 gi|168 30561 30893 
2063 10539 gi|168 30894 32076 
2091 2631 gi|168 31762 32076 
1997 1932 gi|168 31776 32076 
2059 4065 gi|168 32089 32684 
2001 5236 gi|168 32089 32682 
2061 57539 gi|168 32092 38545 
2627 1555 gi|168 33496 34790 
2645 888 gi|168 33704 34634 
2051 750 gi|168 33957 34634 
2531 922 gi|168 33964 34631 
2371 556 gi|168 34247 34542 
2041 427 gi|168 34370 34634 
2643 1559 gi|168 34884 36186 
2525 782 gi|168 34899 35728 
2629 2368 gi|168 34915 36196 
2029 1501 gi|168 34984 36173 
2159 292 gi|168 35136 35259 
2135 1134 gi|168 35446 36173 
1973 664 gi|168 35609 36032 
2465 445 gi|168 35625 36170 
2223 734 gi|168 35770 36156 
2333 388 gi|168 36057 36186 
2089 1668 gi|168 38284 38545 
1999 1261 gi|168 38298 38444 
2005 697 gi|168 38448 38545 
2057 4234 gi|168 38557 39223 
2003 4976 gi|168 38557 39154 
2087 4112 gi|168 38560 39163 
2019 7626 gi|168 39124 40000 
2637 2742 gi|168 39124 40000 
2095 5040 gi|168 39127 39763 
2263 1020 gi|168 39148 39537 
2349 582 gi|168 39151 39390 
2507 359 gi|168 39293 39633 
2337 1890 gi|168 39389 40000 
2239 861 gi|168 39543 39923 
2125 2057 gi|168 39756 40000 
2469 332 gi|168 39855 39992 
2225 596 gi|168 39904 40000 
465 343 gi|169 5134 5352 
1331 613 gi|169 36127 36464 
2707 653 gi|169 36226 36594 
2709 256 gi|169 36865 36927 
2711 353 gi|169 38797 38982 
1327 256 gi|169 38858 38979 
0 721 gi|17 1253 1387 
2 3122 gi|17 8737 9269 
4 1343 gi|17 9109 9269 
6 265 gi|17 9145 9219 
8 262 gi|17 9675 9820 
513 345 gi|17 11344 11422 
10 377 gi|17 11348 11422 
12 254 gi|17 14490 14660 
14 276 gi|17 14567 14672 
16 861 gi|17 15595 15774 
18 465 gi|17 15595 15726 
20 317 gi|17 15610 15691 
22 1059 gi|17 15629 15807 
24 267 gi|17 17171 17207 
511 740 gi|17 17176 17312 
26 658 gi|17 17186 17312 
625 362 gi|17 23902 24048 
28 4146 gi|17 24119 24997 
30 1386 gi|17 24994 25234 
32 986 gi|17 24994 25134 
34 1597 gi|17 25227 25823 
36 404 gi|17 29061 29282 
38 721 gi|17 29319 29653 
40 1846 gi|17 29322 30606 
42 314 gi|17 33309 33507 
44 415 gi|17 33956 34432 
46 401 gi|17 34447 34604 
48 452 gi|17 34463 34605 
50 579 gi|17 36349 36476 
2727 761 gi|170 17299 17700 
769 433 gi|170 18431 18526 
785 370 gi|170 27258 27502 
2683 488 gi|170 28705 29206 
477 1101 gi|170 29809 29946 
1567 697 gi|170 29809 29903 
1557 396 gi|170 29901 29949 
2681 341 gi|170 30471 30806 
2679 379 gi|170 31415 31558 
135 618 gi|170 35040 35161 
2816 402 gi|170 35378 35465 
189 480 gi|170 35587 35665 
1281 362 gi|170 35676 35838 
2423 513 gi|170 36490 36623 
1263 283 gi|171 17523 17633 
1495 299 gi|171 39292 39363 
1037 634 gi|171 39296 39380 
1041 274 gi|171 39298 39382 
1901 563 gi|171 39298 39381 
1899 261 gi|171 39298 39380 
2790 509 gi|171 39302 39379 
1891 416 gi|171 39303 39378 
1079 251 gi|171 39319 39379 
2807 412 gi|171 39325 39380 
1399 269 gi|171 39329 39377 
1009 305 gi|171 39331 39380 
2792 285 gi|171 39345 39379 
1069 898 gi|172 9732 9843 
2817 402 gi|172 13460 13549 
2437 827 gi|172 13551 13732 
497 730 gi|172 13554 13736 
1709 441 gi|172 13574 13735 
1937 437 gi|172 13574 13735 
2721 299 gi|172 13924 13994 
203 291 gi|172 13926 14015 
2655 690 gi|172 14002 14128 
2842 2407 gi|172 14004 15096 
487 559 gi|172 14148 14388 
623 329 gi|172 14364 14511 
2653 317 gi|172 14384 14427 
2561 256 gi|172 14436 14684 
2813 302 gi|172 14436 14654 
601 334 gi|172 14655 14767 
2651 263 gi|172 14677 14723 
2669 254 gi|172 15242 15494 
2649 1749 gi|172 15272 15531 
2743 348 gi|172 31165 31256 
1903 300 gi|172 40362 40496 
1045 250 gi|172 40378 40501 
2811 265 gi|172 40378 40440 
2793 285 gi|172 40378 40412 
1889 417 gi|172 40403 40501 
1905 403 gi|172 40412 40503 
1043 457 gi|172 40412 40496 
2791 509 gi|172 40412 40496 
2809 408 gi|172 40439 40498 
2829 374 gi|173 228 494 
1825 11844 gi|173 539 1891 
2825 9321 gi|173 539 1885 
2821 4309 gi|173 539 1001 
2827 2338 gi|173 1611 1888 
2823 2347 gi|173 1611 1887 
2275 4685 gi|173 5261 5872 
2185 4675 gi|173 5261 5860 
2299 3637 gi|173 5261 5687 
2599 3171 gi|173 5272 5686 
341 4690 gi|173 5290 5862 
1773 3457 gi|173 5294 5687 
2803 3237 gi|173 5301 5687 
2799 3111 gi|173 5302 5658 
1797 4397 gi|173 5303 5865 
2111 4658 gi|173 5303 5860 
2175 3621 gi|173 5303 5687 
751 3455 gi|173 5303 5687 
2251 3141 gi|173 5303 5658 
1623 2241 gi|173 5303 5632 
2579 659 gi|173 5303 5387 
2491 2074 gi|173 5420 5679 
2801 858 gi|173 5746 5865 
1757 973 gi|173 5746 5862 
2315 1001 gi|173 5746 5862 
2607 894 gi|173 5746 5861 
727 924 gi|173 5746 5861 
2183 996 gi|173 5746 5860 
2487 805 gi|173 5746 5860 
2805 824 gi|173 5746 5857 
2585 312 gi|173 5746 5787 
2797 851 gi|173 5757 5862 
2259 809 gi|173 5758 5861 
2567 2461 gi|173 6615 7082 
903 2075 gi|173 6662 7079 
1595 2805 gi|173 6671 7079 
2429 335 gi|173 6671 7079 
2831 311 gi|173 6671 7079 
2401 2172 gi|173 6672 7080 
849 1233 gi|173 6672 7079 
2841 895 gi|173 6674 6915 
1535 2067 gi|173 6675 7079 
637 1122 gi|173 6695 7079 
817 782 gi|173 6702 7077 
1715 1298 gi|173 6715 6941 
2623 1675 gi|173 6742 7080 
2543 539 gi|173 6796 6923 
79 710 gi|173 6799 7068 
2381 314 gi|173 6803 7040 
2397 588 gi|173 6928 7079 
1685 1148 gi|173 6931 7099 
2267 292 gi|173 7019 7094 
2795 296 gi|173 7019 7094 
1481 1507 gi|173 14462 14763 
2843 2407 gi|173 15077 16188 
2775 544 gi|173 15261 15506 
2777 302 gi|173 15750 16113 
1845 294 gi|173 15756 15829 
485 798 gi|173 15779 16090 
291 473 gi|173 16562 16680 
1441 1472 gi|173 17433 17625 
2413 263 gi|173 17625 17763 
1583 504 gi|173 17625 17751 
1729 299 gi|173 17625 17690 
1435 1942 gi|173 18067 18315 
1895 2553 gi|173 18342 19703 
2705 261 gi|173 18482 18572 
2093 1171 gi|173 20783 20930 
2719 290 gi|173 21036 21144 
761 765 gi|173 24953 25433 
759 390 gi|173 25478 25630 
1591 1812 gi|173 28704 29113 
2427 263 gi|173 28706 29108 
2571 1922 gi|173 28706 29108 
905 1456 gi|173 28707 29108 
2405 1992 gi|173 28708 29108 
1529 1349 gi|173 28711 29116 
841 1502 gi|173 28711 29111 
2839 1064 gi|173 28719 28951 
973 252 gi|173 28720 28984 
635 1395 gi|173 28730 29108 
823 875 gi|173 28750 29114 
1717 878 gi|173 28750 28975 
2621 1685 gi|173 28777 29108 
63 873 gi|173 28815 29100 
2383 409 gi|173 28828 29065 
2547 591 gi|173 28847 28971 
1691 723 gi|173 28946 29111 
2391 689 gi|173 28963 29109 
879 253 gi|173 29051 29101 
176 256 gi|18 4818 4898 
178 827 gi|18 8058 8672 
180 571 gi|18 9344 9684 
182 297 gi|18 31126 31357 
184 574 gi|18 33449 33714 
578 285 gi|19 4056 4172 
580 606 gi|19 9841 9976 
582 415 gi|19 9962 10271 
584 1122 gi|19 9969 10235 
519 290 gi|19 9976 10040 
49 452 gi|19 9981 10114 
586 328 gi|19 10089 10317 
523 700 gi|19 10114 10298 
588 299 gi|19 10229 10298 
590 329 gi|19 10550 10671 
592 550 gi|19 10551 10742 
594 491 gi|19 10583 10742 
596 468 gi|19 10594 10742 
598 261 gi|19 15673 15924 
600 334 gi|19 29256 29368 
602 17029 gi|19 29910 32086 
604 7209 gi|19 30813 31932 
606 276 gi|19 37674 37758 
608 265 gi|19 37678 37751 
610 259 gi|19 39260 39438 
788 293 gi|2 18976 19154 
790 917 gi|2 26774 26880 
434 277 gi|20 1292 1368 
436 2273 gi|20 8373 8619 
438 802 gi|20 13450 14149 
440 280 gi|20 14076 14246 
442 294 gi|20 14636 14778 
444 292 gi|20 26780 26889 
446 252 gi|20 26917 27060 
448 1044 gi|20 27267 27581 
9 262 gi|20 27412 27562 
450 709 gi|20 29674 30058 
611 259 gi|20 37391 37566 
452 261 gi|20 37398 37619 
576 1161 gi|21 29556 29910 
174 708 gi|22 32843 32990 
230 614 gi|23 13927 14080 
232 454 gi|23 14647 14817 
234 358 gi|23 14721 14824 
236 335 gi|23 15109 15216 
238 1235 gi|23 15238 15519 
240 2985 gi|23 15625 16333 
242 321 gi|23 16619 16797 
531 725 gi|23 16808 16916 
244 339 gi|23 16826 16916 
589 299 gi|23 16858 16926 
246 406 gi|23 16914 16985 
248 597 gi|23 16937 17252 
585 1122 gi|23 17002 17265 
525 547 gi|23 17014 17111 
250 309 gi|23 17065 17133 
47 401 gi|23 17091 17252 
252 461 gi|23 17256 17390 
254 323 gi|23 20535 20609 
256 320 gi|23 20535 20609 
258 311 gi|23 20535 20609 
260 630 gi|23 35413 35734 
262 758 gi|23 35932 36176 
454 396 gi|24 16071 16192 
456 454 gi|24 16776 16894 
458 282 gi|24 26156 26292 
460 270 gi|24 34881 35131 
462 1597 gi|25 7268 8321 
464 343 gi|25 11936 12172 
466 5699 gi|25 18951 20461 
468 441 gi|25 27219 27340 
470 372 gi|25 39289 39349 
52 438 gi|26 8230 8406 
54 3110 gi|26 33111 34214 
56 4221 gi|26 34255 35556 
101 255 gi|27 3994 4047 
160 260 gi|27 19477 19534 
162 282 gi|27 21015 21125 
164 250 gi|28 26721 26801 
166 638 gi|28 31559 31770 
168 871 gi|28 31560 31789 
170 557 gi|28 31591 31764 
172 601 gi|28 40071 40225 
264 674 gi|29 2025 2314 
266 1044 gi|29 2366 2749 
268 255 gi|29 2815 2869 
270 254 gi|29 3899 4081 
272 493 gi|29 4539 4836 
274 458 gi|29 5073 5249 
276 535 gi|29 5479 5690 
278 277 gi|29 9985 10282 
280 260 gi|29 15878 16000 
282 400 gi|29 17753 17930 
284 579 gi|29 24520 24763 
286 379 gi|29 24782 25269 
288 586 gi|29 32959 33809 
290 473 gi|29 33992 34109 
292 794 gi|29 34445 34599 
294 1511 gi|29 34804 35221 
296 2142 gi|29 34808 35231 
298 730 gi|29 34875 35221 
300 660 gi|29 34879 35180 
302 747 gi|29 34952 35195 
675 532 gi|29 35039 35215 
304 269 gi|29 35588 35744 
306 533 gi|29 36330 36856 
308 262 gi|29 36564 36642 
310 7105 gi|29 37702 38770 
312 6089 gi|29 37704 39185 
314 652 gi|29 37844 38029 
316 265 gi|3 31223 31294 
318 263 gi|3 34242 34310 
320 272 gi|3 34267 34328 
322 253 gi|3 34267 34316 
324 404 gi|3 35212 35563 
326 439 gi|3 35220 35402 
328 252 gi|3 35228 35410 
330 295 gi|3 35268 35333 
332 260 gi|3 35307 35579 
334 256 gi|3 35520 35685 
132 475 gi|30 1827 1890 
134 618 gi|30 2455 2579 
136 765 gi|30 3436 3550 
138 8333 gi|30 4006 5240 
140 3433 gi|30 4701 5240 
142 322 gi|30 14669 14926 
575 506 gi|30 14734 14956 
144 468 gi|30 17941 18096 
146 923 gi|30 18116 18471 
148 441 gi|30 18117 18442 
150 1334 gi|30 18145 18477 
152 578 gi|30 18209 18344 
154 273 gi|30 18210 18301 
571 327 gi|30 18236 18432 
156 431 gi|30 18294 18420 
591 329 gi|30 18371 18475 
195 556 gi|30 18472 18742 
158 483 gi|30 18516 18739 
227 255 gi|30 28597 28709 
926 408 gi|31 2974 3170 
928 421 gi|31 6726 6989 
930 291 gi|31 7111 7248 
932 510 gi|31 27719 27869 
709 473 gi|31 27719 27861 
934 446 gi|31 27719 27861 
936 503 gi|31 27719 27861 
938 469 gi|31 27719 27861 
940 494 gi|31 27719 27861 
942 472 gi|31 27719 27861 
944 494 gi|31 27719 27861 
946 484 gi|31 27719 27861 
948 324 gi|31 27719 27858 
950 253 gi|31 28132 28259 
952 1227 gi|31 28247 28417 
954 970 gi|31 28247 28417 
956 536 gi|31 28837 29191 
958 264 gi|31 28931 28988 
816 782 gi|32 1717 2046 
818 1001 gi|32 1717 2046 
822 875 gi|32 1730 2054 
820 887 gi|32 1730 2053 
824 973 gi|32 1730 2050 
826 642 gi|32 1730 1954 
828 471 gi|32 1730 1906 
657 731 gi|32 1731 2046 
830 680 gi|32 1738 2058 
832 766 gi|32 1758 2046 
89 492 gi|32 1859 2040 
834 267 gi|32 1859 1982 
836 472 gi|32 1908 2046 
647 1265 gi|32 2318 2715 
838 433 gi|32 2319 2478 
840 1502 gi|32 2329 2732 
844 992 gi|32 2331 2749 
842 587 gi|32 2331 2517 
854 1394 gi|32 2332 2747 
848 1233 gi|32 2332 2744 
850 1413 gi|32 2332 2733 
846 1263 gi|32 2332 2732 
852 1233 gi|32 2332 2664 
77 1048 gi|32 2342 2613 
856 399 gi|32 2374 2607 
858 827 gi|32 2435 2698 
860 271 gi|32 2478 2732 
862 770 gi|32 2483 2742 
864 509 gi|32 2484 2597 
53 438 gi|32 13565 13752 
866 353 gi|32 26652 26854 
870 531 gi|32 26659 26844 
868 452 gi|32 26659 26829 
872 330 gi|32 26746 26832 
874 307 gi|32 26746 26829 
876 251 gi|32 26758 26844 
878 253 gi|32 26775 26829 
880 255 gi|32 27377 27427 
882 283 gi|32 27465 27536 
884 279 gi|32 27465 27536 
886 1190 gi|32 27466 27620 
890 1587 gi|32 27467 27801 
888 364 gi|32 27467 27755 
892 1821 gi|32 27473 27881 
896 344 gi|32 27474 27887 
894 667 gi|32 27474 27623 
898 2120 gi|32 27475 27905 
900 404 gi|32 27475 27876 
902 2075 gi|32 27476 27890 
904 1456 gi|32 27476 27881 
908 1755 gi|32 27476 27880 
645 822 gi|32 27476 27854 
906 1539 gi|32 27476 27798 
73 578 gi|32 27487 27769 
910 791 gi|32 27612 27827 
912 431 gi|32 27625 27757 
914 603 gi|32 27637 27859 
916 284 gi|32 29247 29283 
918 4640 gi|32 32683 34655 
920 281 gi|32 33962 34187 
922 262 gi|32 35203 35265 
215 757 gi|32 35774 36084 
924 266 gi|32 38362 38487 
1018 253 gi|33 4607 4704 
335 256 gi|33 4635 4800 
543 265 gi|33 4639 4804 
327 439 gi|33 4967 5158 
1020 263 gi|33 5042 5084 
1022 378 gi|33 20332 20529 
1024 338 gi|33 20380 20529 
982 270 gi|34 26149 26218 
984 743 gi|34 26151 26239 
986 770 gi|34 29818 30125 
163 282 gi|35 22397 22509 
161 260 gi|35 23865 23922 
960 296 gi|35 26157 26347 
1198 303 gi|36 1859 1958 
1200 273 gi|36 1869 1953 
1202 455 gi|36 3060 3256 
521 349 gi|36 3063 3234 
1204 583 gi|36 3067 3297 
1206 359 gi|36 3344 3475 
1208 315 gi|36 3353 3472 
1210 359 gi|36 3360 3471 
1212 251 gi|36 6672 6715 
1214 287 gi|36 17914 17982 
787 303 gi|36 30350 30459 
1216 855 gi|36 37307 37945 
1218 1316 gi|36 37551 38248 
988 807 gi|37 1318 1796 
459 282 gi|37 2076 2206 
990 416 gi|37 4033 4164 
992 525 gi|37 4033 4138 
994 263 gi|37 4033 4078 
996 1853 gi|37 4214 4956 
998 1444 gi|37 4214 4956 
1000 840 gi|37 19397 19558 
457 454 gi|37 19727 19848 
1002 705 gi|37 19863 20105 
1004 309 gi|37 27934 27987 
1006 322 gi|37 27936 27989 
1008 305 gi|37 27937 27986 
1010 285 gi|37 27937 27986 
1012 287 gi|37 27940 28001 
1014 833 gi|37 32026 32351 
1016 470 gi|37 32066 32352 
1066 250 gi|38 5763 6006 
779 1323 gi|38 6444 6597 
1209 315 gi|38 27250 27345 
1199 303 gi|38 27293 27396 
1068 898 gi|38 29931 30042 
1070 1439 gi|38 31483 31721 
953 1227 gi|38 31483 31653 
1072 521 gi|38 31787 31901 
1074 1529 gi|38 31907 32109 
1076 626 gi|38 34264 34377 
133 475 gi|38 34511 34575 
1078 251 gi|38 34622 34676 
1026 267 gi|39 5523 5615 
1028 307 gi|39 5719 5815 
1077 626 gi|39 27739 27875 
104 255 gi|4 7447 7701 
106 432 gi|4 9598 9904 
108 1975 gi|4 16060 16370 
110 381 gi|4 19513 19724 
112 375 gi|4 19579 19724 
114 258 gi|4 19581 19644 
116 280 gi|4 19584 19642 
118 1038 gi|4 19592 19886 
120 302 gi|4 19592 19755 
122 425 gi|4 19897 19968 
124 540 gi|4 19898 19998 
126 494 gi|4 19900 19997 
128 314 gi|4 19902 20000 
130 422 gi|4 19907 20012 
1030 438 gi|40 591 705 
1036 634 gi|40 627 712 
1032 655 gi|40 627 710 
1034 288 gi|40 627 710 
1038 380 gi|40 627 682 
1011 285 gi|40 627 676 
1044 250 gi|40 628 714 
1040 274 gi|40 628 713 
1042 457 gi|40 628 706 
1046 322 gi|40 676 710 
1048 258 gi|40 4615 4794 
1050 344 gi|40 4939 5035 
1217 855 gi|40 8502 9083 
1219 1316 gi|40 8689 9473 
1052 269 gi|40 12135 12294 
1054 1792 gi|40 21719 22065 
1056 306 gi|40 22231 22278 
1058 318 gi|40 32229 32502 
105 255 gi|40 32247 32513 
1060 256 gi|40 32295 32427 
1248 284 gi|41 26937 27183 
1250 357 gi|41 27935 27996 
773 330 gi|42 3162 3245 
962 1231 gi|42 9842 10404 
964 924 gi|42 10380 10725 
771 627 gi|42 15130 15234 
966 686 gi|42 15373 15667 
301 660 gi|42 15374 15656 
968 634 gi|42 15383 15647 
970 443 gi|42 15397 15667 
972 252 gi|42 15407 15669 
974 272 gi|42 15473 15676 
976 581 gi|42 19779 19971 
978 485 gi|42 25780 26050 
980 614 gi|42 26193 26435 
1224 252 gi|43 12354 12530 
183 297 gi|43 22454 22691 
1226 616 gi|43 24261 24342 
235 358 gi|43 24811 24908 
1228 367 gi|43 24818 24909 
1230 1993 gi|43 25519 26900 
1232 1384 gi|43 30471 30996 
987 770 gi|43 31749 32047 
792 816 gi|44 4598 4810 
794 446 gi|44 5694 6148 
796 9287 gi|44 5804 6970 
798 1300 gi|44 7570 7728 
800 767 gi|44 9251 9357 
802 530 gi|44 9254 9354 
804 851 gi|44 9255 9357 
806 694 gi|44 9256 9357 
808 1102 gi|44 24035 24656 
810 251 gi|44 28465 28522 
812 422 gi|44 28465 28522 
814 9465 gi|44 28634 29902 
999 1444 gi|44 29014 29714 
1134 905 gi|45 28121 29018 
1136 326 gi|45 29035 29144 
1138 529 gi|45 29766 29993 
1140 472 gi|45 30522 30686 
1142 447 gi|45 30527 30695 
1144 498 gi|45 30556 30694 
1071 1439 gi|45 30975 31214 
955 970 gi|45 31043 31214 
631 456 gi|45 32488 32714 
1146 397 gi|45 33175 33268 
1062 6244 gi|46 17991 19786 
1064 365 gi|46 18919 19081 
1215 287 gi|46 29364 29429 
461 270 gi|47 3960 4208 
603 17029 gi|47 10380 12525 
957 536 gi|47 13703 14064 
951 253 gi|47 13882 13991 
1080 465 gi|47 13919 14074 
1082 1500 gi|47 14384 14738 
1084 302 gi|47 14734 14806 
1086 250 gi|47 14734 14806 
1088 369 gi|47 14841 14954 
1090 438 gi|47 20125 20221 
1075 1529 gi|47 25600 25802 
605 7209 gi|47 26369 27484 
1092 841 gi|47 27654 27816 
1094 702 gi|47 27654 27810 
1096 608 gi|47 27679 27824 
1098 504 gi|47 27716 27811 
1100 431 gi|47 27716 27811 
581 606 gi|47 27938 28071 
1102 279 gi|47 29394 29967 
1104 259 gi|47 31800 31937 
881 255 gi|48 39500 39550 
1168 457 gi|49 1235 1335 
1170 288 gi|49 1243 1295 
1172 727 gi|49 1308 1558 
1174 433 gi|49 3663 3848 
1176 514 gi|49 4028 4474 
1143 447 gi|49 4072 4246 
1178 267 gi|49 4431 4516 
1180 3351 gi|49 4489 5003 
1182 283 gi|49 5225 5422 
1093 841 gi|49 5258 5421 
1184 930 gi|49 5263 5408 
1186 509 gi|49 5263 5370 
1188 466 gi|49 5263 5365 
1190 711 gi|49 5264 5422 
1192 314 gi|49 5293 5364 
1194 381 gi|49 25683 25797 
1196 571 gi|49 25715 26035 
414 251 gi|5 2328 2386 
416 367 gi|5 18284 18542 
119 1038 gi|5 26015 26309 
418 570 gi|5 26120 26343 
420 686 gi|5 26204 26350 
422 536 gi|5 26204 26316 
127 494 gi|5 26249 26343 
424 505 gi|5 26256 26351 
426 779 gi|5 32339 32448 
428 761 gi|5 32339 32442 
430 722 gi|5 32898 33010 
432 789 gi|5 32902 33054 
1220 283 gi|50 8890 8968 
1222 378 gi|50 31975 32561 
1106 746 gi|51 6587 6677 
515 313 gi|51 16840 16945 
1108 316 gi|51 16840 16939 
505 299 gi|51 16866 17046 
1110 316 gi|51 16941 17040 
503 345 gi|51 16967 17150 
1112 390 gi|51 17042 17166 
1114 805 gi|51 17184 17277 
1116 632 gi|51 19224 19360 
1118 313 gi|52 12637 12716 
1171 288 gi|52 12637 12689 
1173 727 gi|52 12661 12899 
1181 3351 gi|52 13067 13574 
1179 267 gi|52 13714 13794 
1120 504 gi|52 33485 33618 
1122 333 gi|52 35225 35365 
1124 410 gi|52 36604 36843 
17 861 gi|52 36900 37069 
1126 697 gi|52 36900 37035 
1128 500 gi|52 36969 37069 
1130 358 gi|52 36971 37054 
1252 319 gi|53 11441 11555 
1254 460 gi|53 11832 12252 
1256 308 gi|53 11858 12002 
1258 432 gi|53 13842 14185 
1260 492 gi|53 13923 14236 
1262 283 gi|53 25414 25515 
561 814 gi|53 25539 25781 
1264 666 gi|53 25604 25781 
1266 4905 gi|53 38711 40378 
1148 419 gi|54 18895 19065 
1150 666 gi|54 18901 19061 
1152 291 gi|54 29843 29944 
1154 291 gi|54 29875 30022 
1156 391 gi|54 30277 30380 
1158 274 gi|54 30298 30417 
1160 348 gi|54 30308 30391 
1162 409 gi|54 30309 30428 
1164 340 gi|54 30310 30436 
1166 251 gi|54 30313 30363 
1234 658 gi|55 1 235 
1236 2534 gi|55 601 961 
1238 2965 gi|55 1487 1854 
1132 475 gi|57 14174 14615 
1240 627 gi|58 24047 24427 
1244 712 gi|58 28980 29465 
1242 841 gi|58 28980 29462 
299 730 gi|58 28980 29358 
971 443 gi|58 29045 29332 
867 353 gi|58 29287 29468 
1246 289 gi|58 36986 37334 
1251 357 gi|58 37083 37144 
781 293 gi|59 8409 8526 
632 270 gi|6 13142 13235 
634 1395 gi|6 13237 13593 
636 1122 gi|6 13237 13593 
640 887 gi|6 13237 13593 
638 968 gi|6 13237 13485 
642 1141 gi|6 13240 13593 
644 822 gi|6 13240 13593 
646 1265 gi|6 13241 13604 
648 262 gi|6 13241 13490 
650 1264 gi|6 13242 13605 
652 1324 gi|6 13250 13593 
656 731 gi|6 13258 13591 
654 928 gi|6 13258 13498 
658 1064 gi|6 13284 13595 
660 717 gi|6 13344 13585 
662 660 gi|6 13359 13494 
664 359 gi|6 13372 13501 
666 292 gi|6 13509 13593 
668 340 gi|6 13509 13593 
670 731 gi|6 14015 14255 
672 434 gi|6 14055 14257 
674 532 gi|6 14081 14255 
676 467 gi|6 14100 14255 
678 257 gi|6 14258 14314 
680 396 gi|6 23404 23556 
682 955 gi|6 24089 24255 
684 984 gi|6 24092 24254 
686 564 gi|6 24151 24255 
688 2071 gi|6 25350 25639 
690 2017 gi|6 25359 25625 
692 1919 gi|6 25360 25632 
694 1708 gi|6 25383 25629 
696 541 gi|6 25384 25636 
698 2214 gi|6 25385 25630 
700 370 gi|6 25385 25437 
702 1858 gi|6 25386 25641 
704 1970 gi|6 25386 25638 
706 921 gi|6 25399 25609 
708 473 gi|6 25423 25554 
710 266 gi|6 25521 25581 
712 3511 gi|6 27055 27554 
714 3949 gi|6 27057 27554 
716 1064 gi|6 27057 27199 
718 14018 gi|6 27063 28702 
720 4249 gi|6 27063 27554 
722 3538 gi|6 27063 27554 
724 3914 gi|6 27063 27554 
726 924 gi|6 27063 27178 
728 4370 gi|6 27064 27559 
730 4356 gi|6 27064 27557 
740 2764 gi|6 27064 27437 
732 961 gi|6 27064 27182 
734 961 gi|6 27064 27182 
736 918 gi|6 27064 27178 
738 918 gi|6 27064 27178 
742 429 gi|6 27137 27189 
744 3498 gi|6 27169 27563 
746 3458 gi|6 27169 27557 
748 3458 gi|6 27169 27557 
750 3455 gi|6 27169 27554 
752 3455 gi|6 27169 27554 
754 2246 gi|6 27224 27556 
756 647 gi|6 27470 27554 
758 390 gi|6 29149 29289 
760 765 gi|6 29487 29995 
762 23839 gi|6 32339 34879 
764 506 gi|6 33188 33245 
766 363 gi|6 34586 34633 
768 433 gi|6 39474 39570 
770 627 gi|6 39508 39611 
772 330 gi|6 39539 39625 
774 306 gi|6 39552 39626 
776 300 gi|6 39902 39982 
1268 446 gi|60 8564 8725 
1253 319 gi|60 8676 8790 
1270 332 gi|60 8897 9054 
1255 460 gi|60 8948 9371 
1259 432 gi|60 10465 10802 
1272 447 gi|60 29025 29232 
1274 494 gi|60 29329 29431 
1241 627 gi|61 14003 14379 
19 465 gi|61 20011 20145 
1276 382 gi|61 20014 20111 
1278 311 gi|61 20036 20123 
1129 500 gi|61 20045 20145 
1280 362 gi|61 20131 20304 
1282 373 gi|61 21029 21107 
1284 305 gi|61 24096 24170 
1286 635 gi|61 28932 29415 
1159 274 gi|61 28953 29072 
1288 252 gi|61 29980 30135 
1133 475 gi|62 8297 8772 
1348 677 gi|62 31438 31867 
1350 350 gi|62 31469 31531 
1352 277 gi|62 32077 32232 
1354 311 gi|62 32080 32376 
1356 312 gi|62 32351 32418 
1358 617 gi|62 40199 40288 
45 415 gi|63 8858 9359 
35 1597 gi|63 10795 11413 
1334 314 gi|63 11328 11465 
1336 453 gi|63 17263 17633 
1478 395 gi|64 2287 2632 
309 262 gi|64 2568 2646 
1480 1507 gi|64 3802 4113 
1482 648 gi|64 5787 5985 
1484 643 gi|64 5795 5986 
315 652 gi|64 5797 5984 
29 4146 gi|64 6375 7317 
1486 5744 gi|64 7806 8508 
31 1386 gi|64 8368 8604 
1488 480 gi|64 8509 8644 
107 432 gi|64 39494 39799 
1338 449 gi|65 17352 17430 
1340 327 gi|65 25438 25532 
155 273 gi|65 25445 25533 
1342 303 gi|65 25445 25526 
1344 279 gi|65 25445 25523 
1346 304 gi|65 26457 26568 
1386 1551 gi|66 6183 6396 
389 546 gi|66 19524 19723 
1388 757 gi|66 26144 26671 
1390 1303 gi|66 26928 27308 
1392 264 gi|66 27359 27489 
1394 254 gi|66 27766 27841 
1396 296 gi|66 29316 29372 
1398 269 gi|66 29317 29365 
1351 350 gi|66 29761 29823 
1400 858 gi|66 30111 30527 
1025 338 gi|66 30374 30523 
1355 311 gi|66 30376 30658 
1105 259 gi|66 30394 30523 
1402 407 gi|66 36291 36749 
1404 430 gi|66 36379 36836 
1406 503 gi|66 36402 36769 
1408 257 gi|66 36402 36488 
1410 466 gi|66 36513 36945 
1412 309 gi|66 36534 36709 
1414 310 gi|66 36603 36951 
1416 294 gi|66 36651 36844 
1418 313 gi|66 36706 37042 
1147 397 gi|67 1015 1105 
1059 318 gi|67 2444 2714 
1502 361 gi|67 8834 8895 
177 256 gi|67 9046 9138 
1504 295 gi|67 17888 17978 
225 270 gi|67 18169 18241 
1506 334 gi|67 18587 18764 
1508 284 gi|67 19983 20048 
1510 11722 gi|67 22313 23695 
1512 262 gi|67 22633 22732 
257 320 gi|67 23148 23227 
1514 279 gi|67 23763 23857 
239 1235 gi|67 24028 24324 
241 2985 gi|67 24624 25366 
237 335 gi|67 25059 25170 
243 321 gi|67 25293 25461 
253 461 gi|67 25459 25603 
1516 15512 gi|67 36203 38078 
255 323 gi|67 36698 36777 
1518 258 gi|67 37193 37292 
1520 402 gi|67 37745 37856 
1187 509 gi|67 37747 37856 
1522 546 gi|67 37759 37859 
1099 504 gi|67 37759 37856 
1085 302 gi|67 37793 37867 
1524 1886 gi|67 37859 38228 
1526 532 gi|67 38346 38500 
831 680 gi|67 38347 38727 
891 1587 gi|67 38347 38678 
1528 1349 gi|67 38349 38775 
1530 1950 gi|67 38351 38778 
1532 2084 gi|67 38352 38775 
845 992 gi|67 38356 38792 
1534 2067 gi|67 38357 38775 
1536 2066 gi|67 38357 38775 
641 887 gi|67 38357 38755 
1538 1671 gi|67 38357 38706 
1540 812 gi|67 38357 38498 
83 724 gi|67 38368 38631 
1542 335 gi|67 38486 38584 
1544 1115 gi|67 38490 38677 
1546 501 gi|67 38493 38613 
1548 554 gi|67 38514 38772 
1131 358 gi|67 38796 38877 
21 317 gi|67 38796 38877 
1279 311 gi|67 38803 38886 
1550 331 gi|67 38812 38862 
1107 746 gi|68 7714 7806 
1115 805 gi|68 7718 7811 
1570 328 gi|68 17681 17773 
1572 306 gi|68 17866 18025 
501 485 gi|68 30601 30845 
1576 1671 gi|68 30603 30856 
1574 1622 gi|68 30603 30845 
1578 437 gi|68 30606 30801 
1580 335 gi|68 30611 30653 
899 2120 gi|68 31191 31615 
1582 504 gi|68 31192 31322 
1584 2484 gi|68 31205 31616 
1586 2144 gi|68 31209 31614 
1588 303 gi|68 31213 31268 
1590 1812 gi|68 31217 31619 
1592 449 gi|68 31219 31615 
1596 377 gi|68 31220 31615 
1594 2805 gi|68 31220 31614 
1598 811 gi|68 31223 31466 
1533 2084 gi|68 31224 31619 
847 1263 gi|68 31224 31614 
643 1141 gi|68 31238 31614 
1600 261 gi|68 31242 31472 
821 887 gi|68 31264 31619 
1602 1603 gi|68 31264 31479 
1604 1708 gi|68 31298 31614 
1606 548 gi|68 31336 31476 
1608 462 gi|68 31338 31575 
81 850 gi|68 31339 31603 
1610 668 gi|68 31468 31629 
1612 1266 gi|68 31471 31614 
1614 299 gi|68 31554 31614 
1616 303 gi|68 31554 31614 
169 871 gi|68 34594 34826 
1618 575 gi|68 34605 34768 
1620 628 gi|68 34613 34829 
1626 2258 gi|68 34833 35177 
1628 2242 gi|68 34833 35177 
1638 2216 gi|68 34833 35177 
755 2246 gi|68 34833 35177 
1636 2199 gi|68 34833 35176 
1622 2241 gi|68 34833 35175 
1624 2072 gi|68 34833 35175 
1630 2241 gi|68 34833 35175 
1632 2241 gi|68 34833 35175 
1634 2241 gi|68 34833 35175 
1640 2213 gi|68 34833 35175 
1642 2101 gi|68 34833 35175 
1644 2053 gi|68 34833 35175 
365 2257 gi|68 34833 35175 
1646 1211 gi|68 34837 35053 
1648 532 gi|68 35089 35175 
453 261 gi|68 36500 36729 
1027 267 gi|69 1566 1658 
413 625 gi|69 13332 13559 
612 305 gi|7 23615 23746 
614 336 gi|7 24056 24179 
616 302 gi|7 33783 34049 
618 315 gi|7 33903 34052 
620 572 gi|7 34053 34215 
622 329 gi|7 34263 34409 
624 362 gi|7 34273 34413 
626 372 gi|7 34653 34766 
628 344 gi|7 35142 35356 
630 456 gi|7 35520 35765 
1360 1772 gi|70 30160 30462 
1362 1870 gi|70 30184 30444 
691 2017 gi|70 30185 30444 
1364 471 gi|70 30193 30263 
1366 2065 gi|70 30196 30444 
1368 1996 gi|70 30203 30444 
1370 600 gi|70 30203 30399 
1372 2255 gi|70 30204 30507 
1374 1827 gi|70 30204 30444 
1376 965 gi|70 30217 30465 
945 494 gi|70 30241 30373 
407 292 gi|70 30348 30400 
1378 255 gi|70 30458 30504 
1581 335 gi|70 30462 30504 
1380 306 gi|70 30463 30518 
1382 305 gi|70 30463 30518 
1384 1259 gi|70 30504 30816 
977 581 gi|70 32007 32228 
545 794 gi|72 13884 14048 
539 1015 gi|72 14100 14592 
961 296 gi|72 14139 14326 
325 404 gi|72 14145 14496 
1552 297 gi|72 14163 14398 
537 676 gi|72 14647 14929 
1554 386 gi|72 14861 15088 
533 437 gi|72 14991 15130 
319 263 gi|72 15012 15077 
479 445 gi|72 26002 26060 
1556 396 gi|72 26010 26060 
815 9465 gi|72 26353 27658 
997 1853 gi|72 26529 27281 
621 572 gi|72 27773 27939 
1558 1229 gi|72 28643 28963 
1560 369 gi|72 28660 28922 
1562 958 gi|72 28698 28934 
991 416 gi|72 28803 28927 
1564 255 gi|72 28819 28922 
475 799 gi|72 28934 29026 
1566 697 gi|72 28934 29020 
1568 699 gi|72 37190 37362 
1269 446 gi|72 37913 38074 
1494 299 gi|73 17311 17385 
1496 278 gi|73 17319 17383 
1498 304 gi|73 21341 21410 
1500 299 gi|73 21368 21437 
1373 2255 gi|74 9687 10005 
703 1858 gi|74 9731 10005 
1656 1692 gi|74 9739 9996 
1658 883 gi|74 9742 9980 
1664 2416 gi|74 9761 10067 
1660 2387 gi|74 9761 10058 
1662 1864 gi|74 9761 10005 
399 292 gi|74 9805 9857 
1666 538 gi|74 9806 9970 
941 494 gi|74 9832 9964 
1668 346 gi|74 9942 9996 
1670 272 gi|74 9998 10045 
1672 403 gi|74 9999 10058 
1674 515 gi|74 11441 11778 
1676 278 gi|74 12571 12738 
1678 264 gi|74 16277 16376 
1680 480 gi|74 17111 17413 
1682 360 gi|74 18096 18502 
277 535 gi|74 20229 20517 
275 458 gi|74 20640 20801 
273 493 gi|74 21048 21370 
271 254 gi|74 21964 22148 
269 255 gi|74 23312 23366 
267 1044 gi|74 23542 23925 
265 674 gi|74 24037 24362 
1684 1148 gi|74 25245 25411 
839 433 gi|74 25258 25411 
887 1190 gi|74 25258 25411 
1686 748 gi|74 25259 25428 
1688 308 gi|74 25264 25377 
1690 723 gi|74 25265 25428 
1692 929 gi|74 25267 25411 
1700 640 gi|74 25268 25424 
1541 812 gi|74 25268 25411 
1613 1266 gi|74 25268 25411 
1696 916 gi|74 25268 25411 
1702 372 gi|74 25268 25365 
667 292 gi|74 25268 25359 
1694 294 gi|74 25268 25328 
1698 298 gi|74 25268 25328 
93 369 gi|74 25279 25411 
1704 4561 gi|74 25412 25949 
1706 800 gi|74 25412 25881 
493 726 gi|74 25625 25949 
1708 441 gi|74 25669 25850 
1381 306 gi|74 25701 25759 
1575 1622 gi|74 25709 25949 
1710 257 gi|74 25784 25952 
827 642 gi|74 25904 26160 
859 827 gi|74 25904 26159 
1712 555 gi|74 25942 26089 
1714 1298 gi|74 25944 26160 
1716 878 gi|74 25945 26160 
655 928 gi|74 25945 26159 
1718 310 gi|74 25945 26087 
85 597 gi|74 25945 26086 
1722 935 gi|74 25946 26165 
1603 1603 gi|74 25946 26160 
1720 1185 gi|74 25946 26160 
911 791 gi|74 25946 26159 
1545 1115 gi|74 25946 26132 
1724 878 gi|74 25950 26126 
1726 701 gi|74 25959 26160 
1728 299 gi|74 26102 26160 
1730 2053 gi|74 26152 26406 
699 2214 gi|74 26160 26406 
1734 1644 gi|74 26161 26406 
1732 1946 gi|74 26161 26405 
1736 1898 gi|74 26161 26405 
1369 1996 gi|74 26165 26406 
1738 911 gi|74 26171 26390 
1740 529 gi|74 26181 26409 
401 258 gi|74 26209 26269 
943 472 gi|74 26236 26367 
1742 374 gi|74 26353 26406 
1744 4007 gi|74 26405 27098 
1589 303 gi|74 26407 26463 
1746 351 gi|74 26455 26544 
1748 1024 gi|74 26540 26722 
1750 1012 gi|74 26601 26726 
1754 3577 gi|74 26604 27112 
1752 3622 gi|74 26604 27096 
1758 4397 gi|74 26606 27096 
1756 973 gi|74 26606 26722 
373 944 gi|74 26606 26722 
721 4249 gi|74 26607 27096 
1760 4395 gi|74 26608 27096 
1766 2815 gi|74 26608 26979 
1764 1022 gi|74 26608 26742 
1762 998 gi|74 26608 26726 
1768 3922 gi|74 26611 27099 
1770 415 gi|74 26681 26733 
1772 3457 gi|74 26713 27101 
1774 3448 gi|74 26713 27096 
1776 3448 gi|74 26713 27096 
1778 3448 gi|74 26713 27096 
361 3448 gi|74 26713 27096 
1641 2213 gi|74 26767 27096 
1780 678 gi|74 27012 27115 
1782 333 gi|74 30967 31187 
1784 261 gi|74 31896 31990 
1786 1141 gi|74 33329 33483 
359 4413 gi|74 33331 33894 
1788 837 gi|74 33334 33451 
1790 3800 gi|74 33336 33899 
1794 1089 gi|74 33337 33517 
1792 871 gi|74 33337 33450 
1796 4397 gi|74 33343 33894 
1798 4396 gi|74 33344 33897 
719 14018 gi|74 33347 35045 
1800 4468 gi|74 33348 33903 
1802 4428 gi|74 33348 33897 
1804 3764 gi|74 33348 33897 
1806 2429 gi|74 33348 33777 
1808 3718 gi|74 33351 33894 
1810 429 gi|74 33421 33473 
1812 3144 gi|74 33494 33894 
1814 335 gi|74 33494 33539 
1816 3023 gi|74 33538 33894 
1818 2994 gi|74 33538 33894 
1639 2216 gi|74 33564 33896 
1820 647 gi|74 33810 33894 
1822 2362 gi|74 35012 35319 
1824 11844 gi|74 35039 36391 
1826 2348 gi|74 35044 35319 
1828 18666 gi|74 35045 37464 
1830 5996 gi|74 35929 36575 
1832 10691 gi|74 38282 39441 
1834 517 gi|74 39271 39460 
1836 649 gi|74 40615 40737 
551 255 gi|75 16095 16162 
1029 307 gi|76 32903 33005 
451 709 gi|77 19536 19892 
1476 301 gi|77 23683 23794 
1211 359 gi|78 979 1101 
1125 410 gi|78 1372 1583 
249 597 gi|78 1385 1695 
1205 583 gi|78 1404 1623 
1310 395 gi|78 1406 1583 
583 415 gi|78 1436 1722 
1207 359 gi|78 2774 2918 
1201 273 gi|78 2868 2952 
681 396 gi|78 6924 7068 
1312 3274 gi|78 7782 8495 
1314 387 gi|78 10345 10676 
1318 313 gi|78 19565 19885 
1316 401 gi|78 19565 19807 
793 816 gi|79 12895 13130 
293 794 gi|79 13689 13850 
809 1102 gi|79 14027 14648 
1468 326 gi|79 14650 14718 
507 332 gi|79 14651 14751 
25 267 gi|79 14702 14738 
550 255 gi|8 3217 3275 
552 267 gi|8 12503 12568 
554 272 gi|8 17974 18048 
556 309 gi|8 27418 27505 
558 738 gi|8 32203 32376 
560 814 gi|8 32210 32468 
562 1189 gi|8 32487 32694 
564 761 gi|8 32535 32707 
566 346 gi|8 32717 32949 
568 276 gi|8 32725 32910 
570 327 gi|8 32749 32949 
572 490 gi|8 32750 32947 
574 506 gi|8 32769 32973 
1320 874 gi|80 13542 13710 
1322 5442 gi|80 13813 14705 
1324 406 gi|80 14788 15058 
1326 256 gi|80 14850 14972 
1328 772 gi|80 16923 17547 
1330 613 gi|80 17303 17644 
1332 9220 gi|80 17799 19228 
1290 454 gi|81 1282 1602 
1151 666 gi|81 1289 1457 
549 281 gi|81 1543 1633 
1292 1717 gi|81 1779 2441 
219 1605 gi|81 1790 2975 
193 281 gi|81 2043 2148 
1294 1176 gi|81 2051 2477 
1296 277 gi|81 2201 2673 
1298 1005 gi|81 2406 2697 
197 1163 gi|81 2775 3143 
159 483 gi|81 3037 3236 
1300 355 gi|81 4307 4577 
421 686 gi|81 5756 5899 
1302 459 gi|81 5756 5850 
125 540 gi|81 5762 5859 
113 375 gi|81 5780 5921 
1304 256 gi|81 5784 5888 
1306 1035 gi|81 5790 5980 
795 446 gi|81 37224 37671 
1308 407 gi|81 37317 37671 
783 268 gi|82 10181 10249 
323 253 gi|82 10211 10260 
1019 253 gi|82 11192 11289 
1650 256 gi|82 35552 35644 
229 259 gi|83 14322 14404 
1785 261 gi|83 28067 28161 
1783 333 gi|83 29020 29237 
1492 289 gi|83 29124 29241 
529 359 gi|84 12748 12921 
245 339 gi|84 12748 12844 
1223 378 gi|84 37227 37901 
261 630 gi|85 33415 33734 
263 758 gi|85 33791 34035 
1442 718 gi|86 26544 26772 
1563 958 gi|86 26555 26772 
995 263 gi|86 26721 26765 
919 4640 gi|86 27110 29017 
1470 315 gi|87 1041 1151 
1472 336 gi|87 1071 1242 
1474 266 gi|87 1081 1146 
1444 255 gi|88 8433 8517 
1446 564 gi|88 27259 27378 
1448 590 gi|88 27272 27380 
1454 545 gi|88 27274 27396 
1450 673 gi|88 27274 27380 
1452 592 gi|88 27274 27378 
1456 343 gi|88 27274 27378 
1458 292 gi|88 27283 27378 
1460 283 gi|88 27283 27378 
1462 7827 gi|88 37056 38446 
1464 2501 gi|88 38599 39141 
1466 326 gi|88 39765 39972 
1490 306 gi|89 2634 2738 
445 292 gi|89 31307 31422 
224 270 gi|9 7794 7881 
226 255 gi|9 29938 30042 
228 259 gi|9 30785 30878 
1652 1013 gi|90 7260 7379 
1654 264 gi|90 10606 10745 
1838 1932 gi|91 522 1101 
541 275 gi|91 7287 7418 
329 252 gi|91 7640 7823 
103 361 gi|91 8188 8314 
23 1059 gi|91 23689 23867 
1127 697 gi|91 23723 23867 
1277 382 gi|91 23773 23867 
1551 331 gi|91 23818 23868 
1840 364 gi|92 2675 2940 
1842 1148 gi|92 8146 8332 
409 1176 gi|92 8174 8318 
43 314 gi|92 10148 10365 
41 1846 gi|92 13307 14539 
37 404 gi|92 14686 14906 
285 579 gi|92 32908 33154 
287 379 gi|92 33246 33688 
247 406 gi|92 34622 34694 
39 721 gi|92 34955 35289 
471 372 gi|93 8395 8453 
307 533 gi|93 8912 9415 
1479 395 gi|93 8914 9215 
1321 874 gi|93 10204 10366 
1323 5442 gi|93 10373 11258 
1333 9220 gi|93 11253 12670 
1420 2405 gi|93 12602 13788 
13 254 gi|93 13255 13425 
1422 4950 gi|93 14152 15431 
313 6089 gi|93 14365 15828 
1483 648 gi|93 14531 14728 
1424 512 gi|93 16541 16643 
1426 394 gi|93 16832 16945 
1065 365 gi|93 18077 18244 
1428 4737 gi|93 19753 20260 
1 721 gi|93 25964 26092 
1430 4295 gi|93 26095 26658 
1432 490 gi|93 26188 26422 
1434 1942 gi|93 28346 28594 
1835 517 gi|93 37466 37655 
1436 300 gi|93 37466 37581 
1438 265 gi|93 37804 37876 
1440 1472 gi|93 38801 38993 
1073 521 gi|93 39292 39394 
1844 294 gi|94 3763 3837 
1846 1480 gi|94 4642 5162 
1848 5536 gi|94 8114 8903 
1850 699 gi|94 8895 9005 
1852 254 gi|94 8957 8991 
1854 265 gi|94 14000 14241 
1856 288 gi|94 14097 14222 
1860 382 gi|94 14099 14238 
1858 843 gi|94 14099 14205 
1862 816 gi|94 14100 14250 
1866 666 gi|94 14100 14235 
1447 564 gi|94 14100 14216 
1864 681 gi|94 14100 14207 
1868 288 gi|94 30034 30093 
1081 465 gi|94 38887 39059 
959 264 gi|94 39012 39067 
1870 736 gi|95 6661 6808 
1089 369 gi|95 6711 6826 
3 3122 gi|95 7772 8286 
1872 994 gi|95 8156 8291 
419 570 gi|97 16109 16332 
121 302 gi|97 16130 16293 
1874 260 gi|97 16190 16294 
129 314 gi|97 16231 16335 
1876 260 gi|97 16237 16362 
463 1597 gi|97 21180 22172 
1878 335 gi|97 30187 30390 
171 557 gi|97 30218 30385 
1619 575 gi|97 30230 30394 
179 827 gi|97 39149 39751 
99 298 gi|97 39545 39920 
97 288 gi|97 39761 39849 
431 722 gi|98 2335 2449 
427 779 gi|98 2335 2441 
1301 355 gi|98 3244 3511 
55 3110 gi|98 5422 6632 
57 4221 gi|98 6750 8042 
433 789 gi|98 24826 24966 
429 761 gi|98 24859 24960 
1884 259 gi|98 30676 30737 
923 262 gi|98 34799 34861 
1914 701 gi|99 6628 7112 
1916 541 gi|99 7282 7592 
1918 1098 gi|99 7684 8201 
1920 685 gi|99 8322 8582 
1922 450 gi|99 9207 9445 
149 441 gi|99 9208 9536 
573 490 gi|99 9220 9408 
143 322 gi|99 9224 9438 
1924 344 gi|99 9258 9526 
1926 273 gi|99 9321 9432 
1335 314 gi|99 10867 11004 
1679 264 gi|99 14805 14904 
1681 480 gi|99 15601 15920 
1683 360 gi|99 16499 16893 
1675 515 gi|99 18060 18394 
1677 278 gi|99 19038 19199 
1103 279 gi|99 23091 23653 
1067 250 gi|99 39051 39278 
