242 304 gi|1 2674 2789 
244 7263 gi|1 4994 7185 
246 1109 gi|1 5249 5648 
248 2010 gi|1 5631 6531 
250 1003 gi|1 6635 6971 
252 267 gi|1 8140 8177 
254 390 gi|1 38431 38613 
216 771 gi|11 13299 13558 
217 771 gi|12 6163 6428 
182 286 gi|12 18404 18464 
184 1887 gi|12 23639 23890 
186 759 gi|12 23660 23775 
188 477 gi|12 24351 24442 
190 470 gi|12 24370 24442 
223 302 gi|14 15484 15592 
192 257 gi|14 15532 15606 
234 348 gi|15 40132 40203 
96 259 gi|17 8390 8467 
253 267 gi|17 8391 8425 
229 482 gi|17 29237 29310 
194 455 gi|18 13167 13506 
196 1152 gi|18 22355 22561 
198 491 gi|18 22581 22708 
200 256 gi|18 31558 31668 
202 705 gi|18 31850 32055 
204 406 gi|18 31866 32044 
206 488 gi|18 31954 32101 
65 696 gi|19 21320 21502 
0 497 gi|19 21437 21502 
256 346 gi|2 3063 3234 
258 375 gi|2 18632 18708 
260 375 gi|2 18643 18707 
262 261 gi|2 18644 18714 
264 309 gi|2 31996 32097 
266 392 gi|2 39306 39441 
268 306 gi|2 39334 39436 
221 359 gi|20 31126 31256 
193 257 gi|20 31187 31260 
112 266 gi|20 31192 31253 
180 280 gi|21 12354 12440 
237 992 gi|22 12848 12976 
98 323 gi|23 32805 32985 
233 723 gi|23 38101 38412 
94 1472 gi|24 296 497 
269 306 gi|24 6754 6866 
267 392 gi|24 12625 12773 
243 304 gi|26 27578 27692 
100 339 gi|27 27447 27579 
36 4720 gi|28 13579 14258 
2 307 gi|29 20062 20094 
4 307 gi|29 20062 20094 
6 281 gi|29 20062 20094 
8 281 gi|29 20062 20094 
218 666 gi|3 18901 19061 
220 359 gi|3 30301 30425 
222 302 gi|3 30310 30419 
76 3232 gi|30 7766 8289 
78 994 gi|30 8156 8291 
43 886 gi|31 13542 13710 
45 5447 gi|31 13813 14705 
10 613 gi|31 17303 17644 
47 9232 gi|31 17799 19228 
12 2767 gi|31 19471 19781 
14 306 gi|31 19472 19530 
16 903 gi|31 19516 19652 
18 855 gi|31 19520 19661 
20 623 gi|31 19526 19646 
22 449 gi|31 19709 19781 
24 397 gi|31 19713 19781 
26 263 gi|31 19719 19777 
28 3403 gi|31 20347 20723 
30 7421 gi|31 20698 21551 
32 7396 gi|31 20698 21551 
34 1095 gi|31 20755 21158 
57 259 gi|31 21021 21177 
219 666 gi|32 1289 1457 
114 3289 gi|32 1963 3136 
201 256 gi|32 3037 3138 
235 348 gi|32 5683 5755 
116 284 gi|32 5776 5846 
118 3916 gi|32 6285 6783 
120 3736 gi|32 6302 6785 
122 1133 gi|32 6472 6641 
124 810 gi|32 6534 6780 
126 1108 gi|32 6544 6760 
128 535 gi|32 11869 12317 
130 314 gi|32 11893 12031 
132 278 gi|32 13057 13180 
134 874 gi|32 17749 18152 
136 464 gi|32 17948 18145 
138 874 gi|32 22462 22865 
140 464 gi|32 22661 22858 
142 6712 gi|32 24086 24863 
144 676 gi|32 26708 26859 
146 1217 gi|32 30385 30529 
148 2516 gi|32 32404 33112 
150 569 gi|32 33290 33952 
152 7765 gi|32 35320 36249 
154 335 gi|32 36577 36719 
156 803 gi|32 36716 36908 
158 569 gi|32 38772 39313 
160 372 gi|32 39102 39235 
162 335 gi|32 39513 39639 
80 924 gi|33 1761 2065 
82 430 gi|33 2178 2299 
84 671 gi|33 2351 2484 
86 1446 gi|33 2790 3069 
88 862 gi|33 3312 3481 
90 2544 gi|33 8217 8757 
92 1600 gi|33 8316 8686 
102 1013 gi|34 7260 7379 
164 836 gi|35 1546 1663 
121 3736 gi|35 1559 2011 
166 2932 gi|35 1650 2005 
168 1048 gi|35 1697 1866 
170 667 gi|35 1759 2006 
172 1063 gi|35 1769 1985 
145 676 gi|35 2007 2156 
147 1217 gi|35 2007 2151 
213 1946 gi|35 2522 2968 
149 2516 gi|35 3060 3751 
135 874 gi|35 3168 3561 
139 874 gi|35 3168 3561 
155 335 gi|35 3228 3370 
143 6712 gi|35 3639 4415 
153 7765 gi|35 3690 4616 
151 569 gi|35 3964 4629 
163 335 gi|35 4491 4618 
133 278 gi|35 4507 4640 
174 350 gi|35 5241 5382 
161 372 gi|35 5420 5554 
176 441 gi|35 5420 5554 
131 314 gi|35 5433 5576 
178 335 gi|35 5557 5642 
104 253 gi|36 1724 1807 
106 412 gi|36 26619 27010 
108 306 gi|36 26619 26884 
110 817 gi|36 27388 28405 
278 295 gi|38 23282 23550 
280 253 gi|38 38376 38417 
99 323 gi|39 2134 2283 
300 421 gi|39 4400 4753 
263 261 gi|39 7465 7534 
302 352 gi|39 7471 7575 
304 508 gi|39 7472 7559 
306 340 gi|39 11220 11340 
308 861 gi|39 11318 11676 
251 1003 gi|39 11339 11676 
249 2010 gi|39 11809 12768 
310 1884 gi|39 11831 12773 
312 2109 gi|39 12176 13207 
247 1109 gi|39 12821 13208 
314 669 gi|39 13785 13905 
316 4817 gi|39 13899 14606 
318 7567 gi|39 14582 15829 
320 2698 gi|39 15837 16534 
322 44410 gi|39 16525 22101 
324 272 gi|39 18584 18658 
326 299 gi|39 18679 18793 
328 258 gi|39 18710 18845 
330 403 gi|39 22239 22329 
332 1844 gi|39 22383 22770 
187 759 gi|39 28802 28913 
334 774 gi|39 28804 28913 
191 470 gi|39 28804 28876 
49 8760 gi|39 30152 31349 
51 286 gi|39 31461 31568 
336 1068 gi|39 31647 31877 
338 823 gi|39 31647 31792 
19 855 gi|39 31647 31786 
25 397 gi|39 31647 31715 
340 844 gi|39 31653 31895 
342 257 gi|39 31796 31877 
344 4080 gi|39 32069 33474 
346 23044 gi|39 33460 36015 
348 2302 gi|39 33462 33736 
350 1533 gi|39 33462 33736 
352 656 gi|39 33462 33607 
354 2248 gi|39 33666 34119 
356 832 gi|39 33710 33923 
358 617 gi|39 33815 33929 
360 5209 gi|39 34264 35318 
33 7396 gi|39 34853 35711 
59 259 gi|39 35181 35337 
362 3889 gi|39 35999 36436 
364 1307 gi|39 36005 36161 
366 17440 gi|39 36007 38121 
368 1537 gi|39 36007 36281 
7 281 gi|39 36008 36040 
370 1316 gi|39 38680 38838 
372 3891 gi|39 38683 39113 
374 5698 gi|39 38684 39434 
376 1537 gi|39 38684 38958 
9 281 gi|39 38685 38717 
378 5316 gi|39 39462 40171 
380 3787 gi|39 39462 39888 
382 1475 gi|39 39462 39733 
384 1209 gi|39 39462 39613 
238 1754 gi|4 18690 18976 
240 337 gi|4 24500 24556 
123 1133 gi|40 6576 6750 
169 1048 gi|40 6576 6750 
288 1100 gi|40 6590 6751 
290 253 gi|40 6642 6745 
292 681 gi|40 6652 6751 
137 464 gi|40 39751 39950 
141 464 gi|40 39751 39950 
157 803 gi|40 39757 39950 
175 350 gi|40 40236 40354 
159 569 gi|40 40264 40737 
129 535 gi|40 40319 40712 
177 441 gi|40 40332 40467 
179 335 gi|40 40527 40611 
394 554 gi|42 16078 16211 
396 358 gi|42 16078 16203 
398 263 gi|42 37462 37645 
416 341 gi|43 376 483 
105 253 gi|43 7569 7665 
418 257 gi|43 21913 22048 
420 2065 gi|43 21914 22366 
422 477 gi|43 22648 22756 
424 2121 gi|43 22912 23223 
426 421 gi|43 22919 23054 
428 836 gi|43 23252 23381 
430 1047 gi|43 23374 23565 
432 2309 gi|43 23561 24075 
434 434 gi|43 23572 23835 
205 406 gi|43 24090 24275 
436 341 gi|43 24090 24224 
438 1093 gi|43 26765 26963 
181 280 gi|43 27664 27749 
406 301 gi|44 9062 9296 
408 292 gi|44 9174 9326 
410 284 gi|44 26937 27183 
41 410 gi|45 2287 2632 
37 4720 gi|45 3867 4574 
53 660 gi|45 5787 5985 
209 367 gi|46 29933 29989 
211 5494 gi|46 29987 30746 
215 576 gi|46 31313 31481 
245 7263 gi|46 32661 34868 
307 340 gi|46 32715 32835 
309 861 gi|46 32871 33234 
311 1884 gi|46 33357 34247 
313 2109 gi|46 33647 34618 
207 488 gi|47 11648 11802 
270 279 gi|47 11690 11774 
272 5273 gi|47 16567 17269 
274 6382 gi|47 17697 18496 
276 1058 gi|47 18027 18205 
39 1047 gi|48 34043 34282 
38 1047 gi|5 8473 8719 
40 410 gi|5 8914 9215 
42 886 gi|5 10204 10366 
44 5447 gi|5 10373 11258 
46 9232 gi|5 11253 12670 
48 8760 gi|5 12598 13784 
50 286 gi|5 13752 13846 
52 660 gi|5 14531 14728 
54 388 gi|5 16428 16574 
56 259 gi|5 16440 16593 
58 259 gi|5 16440 16593 
60 259 gi|5 16440 16593 
62 3359 gi|5 19753 20259 
64 696 gi|5 26104 26286 
66 537 gi|5 26221 26286 
68 839 gi|5 31478 31605 
70 1050 gi|5 33997 34115 
72 300 gi|5 37466 37581 
239 1754 gi|5 38530 38826 
74 7486 gi|5 38915 39808 
91 2544 gi|50 31478 32026 
402 1543 gi|50 31611 31951 
111 817 gi|50 36253 37263 
107 412 gi|50 37507 37878 
412 1417 gi|51 13588 13760 
79 994 gi|51 13591 13722 
414 732 gi|51 27081 27229 
103 1013 gi|51 35391 35507 
279 295 gi|52 7649 7911 
265 309 gi|52 7712 7812 
386 501 gi|52 14836 14966 
113 266 gi|52 36901 36962 
255 390 gi|53 18481 18661 
400 423 gi|54 10810 10896 
93 1600 gi|54 20704 21071 
403 1543 gi|54 20721 21069 
399 263 gi|54 36396 36554 
109 306 gi|55 542 811 
388 434 gi|55 2019 2130 
305 508 gi|55 2032 2122 
261 375 gi|55 2056 2122 
429 836 gi|55 24551 24703 
117 284 gi|55 29407 29478 
231 328 gi|56 9897 10010 
404 252 gi|56 13672 13759 
439 1093 gi|57 20728 20955 
203 705 gi|57 21456 21677 
437 341 gi|57 21523 21665 
271 279 gi|57 21602 21685 
95 1472 gi|57 25555 25755 
409 292 gi|58 15502 15648 
407 301 gi|58 19319 19555 
11 613 gi|58 22704 23041 
195 455 gi|59 29854 30193 
236 992 gi|6 16935 17066 
411 284 gi|60 4180 4410 
241 337 gi|60 14163 14219 
392 263 gi|60 17596 17661 
273 5273 gi|61 5689 6376 
275 6382 gi|61 6904 7677 
282 950 gi|61 7234 7411 
227 825 gi|61 10685 10837 
115 3289 gi|61 22304 23513 
89 862 gi|63 8171 8342 
87 1446 gi|63 8275 8576 
85 671 gi|63 8561 8702 
81 924 gi|63 8713 9017 
83 430 gi|63 8830 8951 
390 294 gi|63 8862 9003 
329 258 gi|63 8863 9003 
257 346 gi|63 9947 10148 
417 341 gi|63 9952 10064 
73 300 gi|64 1854 1968 
1 497 gi|64 10353 10418 
67 537 gi|64 10353 10418 
427 421 gi|64 37816 37969 
284 267 gi|64 37816 37961 
435 434 gi|64 38858 39112 
419 257 gi|64 38858 38994 
286 299 gi|64 39624 39746 
387 501 gi|65 20865 20971 
401 423 gi|65 34936 35020 
294 471 gi|66 13716 14069 
296 263 gi|66 14840 14958 
298 300 gi|66 15111 15193 
371 1316 gi|67 7 162 
365 1307 gi|67 7 159 
385 1209 gi|67 7 156 
353 656 gi|67 13 157 
3 307 gi|67 124 156 
367 17440 gi|67 1027 3124 
375 5698 gi|67 2371 3124 
379 5316 gi|67 2409 3123 
349 2302 gi|67 2850 3124 
363 3889 gi|67 3168 3608 
373 3891 gi|67 3168 3599 
381 3787 gi|67 3168 3597 
351 1533 gi|67 3324 3598 
5 307 gi|67 3565 3597 
440 796 gi|67 3597 3695 
347 23044 gi|67 4039 6587 
31 7421 gi|67 4341 5199 
61 259 gi|67 4715 4871 
442 617 gi|67 6118 6232 
444 832 gi|67 6124 6337 
369 1537 gi|67 6311 6585 
377 1537 gi|67 6311 6585 
383 1475 gi|67 6311 6584 
355 2248 gi|67 6577 7032 
446 639 gi|67 6760 6882 
448 953 gi|67 6771 6967 
29 3403 gi|67 6963 7336 
15 306 gi|67 7413 7471 
450 286 gi|67 7414 7471 
287 299 gi|67 8791 8928 
423 477 gi|67 8859 8979 
425 2121 gi|67 8973 9283 
285 267 gi|67 8993 9112 
431 1047 gi|67 9279 9487 
433 2309 gi|67 9733 10255 
421 2065 gi|67 9868 10327 
127 1108 gi|67 10359 10565 
173 1063 gi|67 10359 10565 
452 1079 gi|67 10359 10565 
293 681 gi|67 10359 10458 
361 5209 gi|67 10756 11718 
35 1095 gi|67 10756 11071 
55 388 gi|67 10757 10887 
75 7486 gi|67 11719 12610 
77 3232 gi|67 15908 16450 
413 1417 gi|67 16286 16454 
323 44410 gi|67 16453 22015 
391 294 gi|67 19712 19848 
454 292 gi|67 19765 19878 
456 251 gi|67 19908 19973 
321 2698 gi|67 22135 22841 
319 7567 gi|67 23350 24611 
317 4817 gi|67 26934 27629 
315 669 gi|67 27886 28004 
277 1058 gi|67 28068 28243 
283 950 gi|67 28068 28243 
331 403 gi|67 30820 30920 
171 667 gi|67 33966 34200 
125 810 gi|67 33966 34199 
458 779 gi|67 33966 34199 
291 253 gi|67 33966 34052 
405 252 gi|68 8528 8621 
185 1887 gi|69 12759 13008 
335 774 gi|69 12874 12985 
189 477 gi|69 12892 12985 
325 272 gi|69 25410 25477 
457 251 gi|69 25410 25472 
393 263 gi|69 25415 25477 
327 299 gi|69 25601 25714 
455 292 gi|69 25601 25714 
301 421 gi|69 25729 26099 
13 2767 gi|69 28864 29175 
451 286 gi|69 28865 28922 
23 449 gi|69 28909 28981 
339 823 gi|69 28913 29054 
17 903 gi|69 29103 29240 
337 1068 gi|69 29107 29336 
343 257 gi|69 29341 29425 
119 3916 gi|69 29594 30140 
165 836 gi|69 29604 29719 
167 2932 gi|69 29782 30137 
289 1100 gi|69 29839 29999 
459 779 gi|69 29891 30137 
453 1079 gi|69 29901 30117 
97 259 gi|69 30315 30399 
341 844 gi|69 33122 33364 
21 623 gi|69 33122 33243 
27 263 gi|69 33122 33180 
333 1844 gi|69 33576 33956 
345 4080 gi|69 33977 35467 
441 796 gi|69 37191 37289 
357 832 gi|69 37957 38187 
445 832 gi|69 37957 38187 
449 953 gi|69 37982 38183 
359 617 gi|69 38175 38299 
443 617 gi|69 38175 38299 
447 639 gi|69 38175 38299 
69 839 gi|69 38406 38528 
71 1050 gi|69 38412 38530 
224 281 gi|7 4253 4517 
226 825 gi|7 12218 12361 
228 482 gi|7 24999 25073 
230 328 gi|7 30483 30603 
232 723 gi|7 40062 40376 
415 732 gi|72 2533 2669 
225 281 gi|73 2484 2715 
281 253 gi|73 10764 10806 
183 286 gi|73 10915 10972 
197 1152 gi|73 12089 12307 
395 554 gi|73 12370 12503 
397 358 gi|73 12798 12918 
199 491 gi|73 12920 13056 
303 352 gi|73 13064 13167 
389 434 gi|73 13065 13176 
259 375 gi|73 13093 13167 
101 339 gi|75 23313 23451 
295 471 gi|77 28388 28729 
297 263 gi|77 29540 29649 
299 300 gi|77 29830 29912 
208 367 gi|9 7225 7281 
210 5494 gi|9 7428 8192 
212 1946 gi|9 11235 11680 
214 576 gi|9 13250 13428 
63 3359 gi|9 18806 19339 
