#  fam    ele   dir  sequence    start     end
     1      1  1      gi|10     7819     7912 
     1    115 -1     gi|113    23780    24296 
     2      3  1      gi|10     8180     8549 
     2    340  1     gi|150    27674    28012 
     3      4  1      gi|10     8501     8714 
     3    372 -1     gi|157     4931     5141 
     4      5  1      gi|10     8707     9018 
     4   1029  1     gi|173    15754    16188 
     4    273  1     gi|141    17187    17570 
     4    988  1      gi|94     3763     3837 
     4   1030 -1     gi|172    14003    14421 
     4    853 -1       gi|7    33783    34049 
     4    203  1     gi|124     6355     6394 
     4    204  1     gi|124     6659     6787 
     5      6  1      gi|10     9024     9472 
     5    113 -1     gi|113    23205    23348 
     5    397  1     gi|160     2393     2475 
     5    474  1      gi|17    17181    17312 
     5    501  1     gi|172    13552    13734 
     5    744  1      gi|51    16967    17166 
     5    913  1      gi|79    14651    14751 
     5    471  1      gi|17    11346    11422 
     6      7  1      gi|10     9872     9934 
     6    530  1      gi|19     9962    10313 
     6   1033  1      gi|10     9955    10164 
     6   1035 -1      gi|23    16829    16916 
     7      9  1     gi|100     3383     3490 
     7    538 -1       gi|2    26774    26880 
     8     10  1     gi|100     8810     8842 
     8     61 -1     gi|112     2017     2125 
     8    991  1      gi|94     8895     9005 
     9     11  1     gi|100    16480    16612 
     9    675  1      gi|40     4939     5035 
    10     12  1     gi|100    18835    18953 
    10    412 -1     gi|162    27088    27201 
    11     13  1     gi|100    36176    36240 
    11    281 -1     gi|142    33681    33824 
    12     14  1     gi|100    36316    36656 
    12     35 -1     gi|106    19119    19311 
    12    393  1      gi|16    14848    15088 
    13     16  1     gi|100    39144    39236 
    13     23 -1     gi|101    36439    36528 
    14     17  1     gi|101     7912     8049 
    14    244 -1     gi|132     6692     6854 
    15     18  1     gi|101    25551    25633 
    15    811  1      gi|65    17352    17430 
    16     19  1     gi|101    28861    28981 
    16    286  1     gi|143    10267    10385 
    17     20  1     gi|101    32226    32359 
    17   1040 -1     gi|160    25313    25619 
    17     21  1     gi|101    32825    32912 
    17    403 -1     gi|161     1565     1715 
    17    652 -1      gi|37    19863    20105 
    17    708  1      gi|45    30524    30689 
    17   1041  1      gi|49     4028     4240 
    18     22  1     gi|101    32917    33065 
    18    552  1      gi|23    14647    14820 
    18    694 -1      gi|43    24814    24908 
    19     24  1     gi|102       93      237 
    19    955 -1      gi|90    10606    10745 
    20     25  1     gi|102      771      836 
    20    831 -1      gi|67    19983    20048 
    21     26  1     gi|102     2138     2315 
    21    830 -1      gi|67    18587    18764 
    22     27  1     gi|102     2673     2763 
    22    828 -1      gi|67    17888    17978 
    23     28  1     gi|102    12510    12595 
    23    801 -1      gi|62    40199    40288 
    24     29  1     gi|102    16632    16715 
    24    916 -1       gi|8    17974    18048 
    25     30  1     gi|102    21001    21234 
    25    736 -1       gi|5    18284    18542 
    26     31  1     gi|102    34578    34722 
    26    162 -1     gi|119     5835     6496 
    26    207  1     gi|125     4001     4631 
    26    610 -1      gi|30    18116    18474 
    26    920 -1       gi|8    32717    32973 
    26   1032 -1     gi|172    14437    15096 
    26   1113 -1     gi|113    16223    16359 
    26    414  1     gi|163     5609     6001 
    26    332 -1      gi|15    32624    32728 
    26    812 -1      gi|65    25443    25528 
    26    531 -1      gi|19    10550    10742 
    26    202  1     gi|124     6056     6102 
    26    533  1      gi|19    29256    29368 
    26    855 -1       gi|7    34268    34411 
    26   1028  1     gi|173    15077    15753 
    26    993  1      gi|94    30034    30093 
    26    272  1     gi|141    16688    16933 
    27     32  1     gi|103        1      701 
    27   1043 -1      gi|64     7806     8506 
    27   1045 -1      gi|17    24994    25134 
    28     33  1     gi|104     4041     5478 
    28    214  1     gi|125    36385    37882 
    28    542 -1      gi|20    14076    14246 
    28    491 -1     gi|170    31415    31558 
    29     34  1     gi|104    28584    28690 
    29     51  1     gi|110        2      108 
    30     36  1     gi|106    19639    19733 
    30    762  1      gi|54    30277    30436 
    31     37  1     gi|107     8683     8890 
    31     52 -1     gi|111     6719     6920 
    32     38  1     gi|107    11965    12193 
    32    195 -1     gi|123     3097     3321 
    33     39  1     gi|107    13722    14278 
    33    956  1      gi|91      522     1101 
    34     40  1     gi|107    21679    21811 
    34    680 -1      gi|40    32229    32513 
    34    668 -1       gi|4     7447     7701 
    34    825 -1      gi|67     2444     2714 
    35     41  1     gi|108    10963    11059 
    35    720 -1      gi|47    20125    20221 
    36     42  1     gi|109     4187     4346 
    36    843 -1      gi|68    17866    18025 
    37     43  1     gi|109     4408     4500 
    37    842 -1      gi|68    17681    17773 
    38     44  1     gi|109    36037    36281 
    38    282 -1     gi|142    34119    34647 
    38    392  1      gi|16    14575    14745 
    38    795  1      gi|61    28932    29415 
    39     45  1     gi|109    36205    36593 
    40     46  1      gi|11     2192     2345 
    40    656  1      gi|38     6444     6597 
    41     47  1      gi|11     3230     3348 
    41    770 -1      gi|59     8409     8526 
    42     48  1      gi|11    22047    22137 
    43     49  1      gi|11    29094    29168 
    43    600  1       gi|3    31223    31294 
    44     50  1      gi|11    35509    35754 
    44    487  1     gi|170    27258    27502 
    44    644 -1      gi|36    30350    30459 
    45     53  1     gi|111    19562    19686 
    45    992 -1      gi|94    14000    14241 
    45    300  1     gi|145     7729     7977 
    46     54  1     gi|111    24638    25188 
    46    889  1      gi|74    25412    25950 
    46    400  1     gi|160    24396    24566 
    46   1021  1      gi|68    30605    30845 
    46   1023 -1      gi|70    30463    30518 
    47     55  1     gi|111    25337    25541 
    47    186 -1      gi|12    26278    26479 
    48     56  1     gi|111    25631    25847 
    48    763 -1      gi|55        1      235 
    49     57  1     gi|111    31751    31933 
    49    379  1     gi|158     5874     6071 
    50     58  1     gi|111    32353    33144 
    50    380  1     gi|158     6544     7279 
    51     59  1     gi|112        5      439 
    51   1048 -1     gi|119    34945    40000 
    51     64 -1     gi|112     3641     8045 
    51     65 -1     gi|112     7974     9412 
    51     85  1     gi|112    28722    29082 
    51     87  1     gi|112    29532    29942 
    51     94 -1     gi|112    37051    37134 
    51     95  1     gi|112    37105    37908 
    51     96 -1     gi|112    37909    38504 
    51     97  1     gi|112    38505    39214 
    51     99  1     gi|112    39543    40049 
    51   1051 -1     gi|112      436     2032 
    51   1052  1     gi|112    18988    19480 
    51   1054  1     gi|116    39695    40049 
    51   1057 -1     gi|116    36390    39359 
    51    463 -1     gi|168    39125    40000 
    51    134  1     gi|116    29451    29659 
    52     63  1     gi|112     2857     3646 
    52    990 -1      gi|94     8114     8903 
    53     66  1     gi|112     9389     9557 
    53   1049  1     gi|168    26318    30557 
    53     75  1     gi|112    19448    19691 
    53     83 -1     gi|112    27814    28457 
    53    131 -1     gi|116    27759    29110 
    53    133 -1     gi|116    29258    29453 
    53    137  1     gi|116    33986    35812 
    53   1053  1     gi|113    16799    17105 
    53     73  1     gi|112    17865    19016 
    53    454  1     gi|168    24622    25333 
    53    457  1     gi|168    25731    26012 
    54     67  1     gi|112     9530    10118 
    54    462 -1     gi|168    38557    39223 
    55     68  1     gi|112     9959    16391 
    55    178 -1     gi|119    31942    33217 
    55    461 -1     gi|168    32091    38545 
    55    460 -1     gi|168    30894    32076 
    55    177 -1     gi|119    30493    31793 
    55   1056 -1     gi|112     2267     2860 
    55     69  1     gi|112    16236    16551 
    55   1055 -1     gi|112     2123     2267 
    56     70  1     gi|112    16536    16683 
    56    518  1     gi|173    20783    20930 
    57     71  1     gi|112    16682    17309 
    58     72  1     gi|112    17309    17868 
    58    847  1      gi|68    34833    35175 
    58   1061 -1      gi|12     1222     1779 
    58   1071  1      gi|74    33347    33894 
    58   1090 -1     gi|173     5302     5859 
    58   1066 -1     gi|168    24076    24571 
    58   1067  1       gi|6    27063    27553 
    58   1070  1      gi|74    26607    27095 
    58   1073 -1     gi|112    20150    20636 
    58   1076 -1     gi|112    24993    25549 
    58   1081 -1     gi|112    36380    36868 
    58   1092  1     gi|112    32985    33540 
    58   1060  1     gi|116    31598    31959 
    58   1088  1     gi|168    23936    24116 
    58   1078 -1     gi|112    29085    29530 
    58   1085 -1     gi|119    23048    23524 
    58   1087  1     gi|168    22471    22913 
    58    167 -1     gi|119    21473    21521 
    58   1084 -1     gi|119    21387    21472 
    59     76  1     gi|112    19675    20139 
    59   1047  1     gi|116    35762    36388 
    59     82 -1     gi|112    27654    27959 
    59     93  1     gi|112    36897    37054 
    60     79  1     gi|112    26054    26486 
    60    398  1     gi|160     2622     3051 
    61     80  1     gi|112    26507    27025 
    61    385  1      gi|16       26      520 
    62     84  1     gi|112    28421    28720 
    62    171  1     gi|119    22620    22909 
    62    458 -1     gi|168    26008    26325 
    62    777 -1       gi|6    25356    25631 
    62    875  1      gi|74     9687    10062 
    62    891  1      gi|74    26161    26405 
    62   1103  1     gi|166    20383    20648 
    62   1022 -1      gi|70    30160    30459 
    62    449  1     gi|168    22894    23137 
    62   1102  1     gi|119    23708    23988 
    62    616  1      gi|31    27719    27861 
    63     88  1     gi|112    29950    31171 
    64     89  1     gi|112    30653    32685 
    64    447 -1     gi|168    20438    22469 
    64    607  1      gi|30     4006     5240 
    65     90  1     gi|112    32687    32984 
    65    446 -1     gi|168    19495    19792 
    66     98  1     gi|112    39210    39547 
    66    168 -1     gi|119    21667    21742 
    66    175 -1     gi|119    24353    24647 
    67    100  1     gi|113     1104     1226 
    67    118  1     gi|114      960     1069 
    67    104 -1     gi|113    16433    16533 
    67    106  1     gi|113    17153    17260 
    67    116  1     gi|113    32427    32536 
    68    101  1     gi|113    10551    10637 
    68    917  1       gi|8    27418    27505 
    69    102  1     gi|113    16077    16203 
    69    851  1       gi|7    23615    23746 
    69    852 -1       gi|7    24056    24179 
    70    107  1     gi|113    19402    19686 
    70   1108  1      gi|32    27476    27879 
    70   1114  1     gi|119    14624    15026 
    70    174 -1     gi|119    23959    24294 
    70    522 -1     gi|173    28708    29108 
    70   1083 -1      gi|68    31220    31613 
    70   1105 -1     gi|166    19858    20320 
    70   1107 -1     gi|173     6672     7077 
    70   1119 -1       gi|6    13243    13592 
    70   1122  1     gi|113    21993    22392 
    70   1128 -1     gi|113    23350    23799 
    70   1117 -1      gi|32     1731     2047 
    70   1118  1      gi|32     2332     2734 
    70   1120  1      gi|67    38356    38775 
    70   1124  1     gi|166    39255    39535 
    70   1069  1      gi|74    26406    26606 
    70   1110  1      gi|74    25268    25411 
    70   1116 -1      gi|13     3192     3452 
    70    596  1      gi|29    34806    35221 
    70    768 -1      gi|58    28980    29463 
    70    687  1      gi|42    15376    15667 
    70    774 -1       gi|6    14258    14314 
    70   1112 -1       gi|6    14076    14255 
    70    890  1      gi|74    25904    26159 
    70   1121  1     gi|113    21851    22018 
    70    151 -1     gi|118    12440    12611 
    70   1127  1      gi|20     1292     1356 
    70   1077 -1     gi|112    25552    25600 
    70    111  1     gi|113    22402    22656 
    70    623 -1      gi|32    26656    26849 
    70   1125  1     gi|173    17625    17726 
    71    108  1     gi|113    21594    21789 
    71    355  1     gi|152    22905    23092 
    72    112  1     gi|113    23057    23193 
    72    496  1     gi|170    36490    36623 
    73    119  1     gi|114     2737     2780 
    73    679 -1      gi|40    22231    22278 
    74    120  1     gi|114     2832     3166 
    74    678 -1      gi|40    21719    22065 
    75    121  1     gi|114     8379     8509 
    75    348  1     gi|151     1684     1843 
    76    122  1     gi|114    12288    12567 
    76   1130  1      gi|72    14143    14592 
    76    602 -1       gi|3    35220    35579 
    76    638  1      gi|35    26160    26347 
    76   1131 -1      gi|15    15524    15969 
    76    350  1     gi|151    24571    24636 
    76    632  1      gi|33     4967     5158 
    76    958  1      gi|91     7640     7823 
    77    123  1     gi|114    13573    13783 
    77    328 -1      gi|15    15133    15523 
    77    864  1      gi|72    14647    14929 
    78    124  1     gi|115     7638     8084 
    78    324  1     gi|149     5162     5611 
    78    126  1     gi|115    11433    11813 
    79    125  1     gi|115    10714    11011 
    79    588  1      gi|29     9985    10282 
    80    127  1     gi|116     3169     3399 
    80    579  1      gi|28    31559    31789 
    80    846 -1      gi|68    34594    34827 
    80    999  1      gi|97    30187    30390 
    81    128  1     gi|116     9452     9976 
    81    646 -1      gi|37     1318     1796 
    82    129  1     gi|116    16794    17034 
    82    456  1     gi|168    25544    25761 
    83    130  1     gi|116    18787    19645 
    83    353  1     gi|152     9663    10522 
    84    136  1     gi|116    33496    33828 
    84    179  1     gi|119    33273    33607 
    84   1050  1     gi|168    30560    30893 
    84   1058  1     gi|116    39359    39695 
    85    141  1     gi|117    20543    20820 
    85    961  1      gi|92     2675     2940 
    86    143  1     gi|117    25489    25893 
    86    798  1      gi|62    31438    31867 
    86    821  1      gi|66    29761    29823 
    87    144  1     gi|117    25763    26230 
    87    633 -1      gi|33    20332    20529 
    88    145  1     gi|117    26302    26369 
    88    800  1      gi|62    32351    32418 
    89    146  1     gi|117    27963    28485 
    89    989 -1      gi|94     4642     5162 
    90    147  1     gi|117    28954    30274 
    90    517  1     gi|173    18342    19703 
    90    221 -1     gi|126    20324    20429 
    91    149  1     gi|118     7394     7650 
    91    527  1      gi|18    33449    33714 
    92    150  1     gi|118    12363    12433 
    92    985  1      gi|93    37804    37876 
    93    152  1     gi|118    20010    20258 
    93    306 -1     gi|145    38819    39062 
    94    153  1     gi|118    20420    20489 
    94    794  1      gi|61    24096    24170 
    95    154  1     gi|118    20501    20632 
    95    336 -1     gi|150     4147     4319 
    96    155  1     gi|118    20614    20956 
    96    305 -1     gi|145    37768    38115 
    97    156  1     gi|118    21891    22417 
    97    816  1      gi|66    26144    26671 
    98    157  1     gi|118    22617    22994 
    98    817  1      gi|66    26928    27308 
    99    158  1     gi|118    22995    23125 
    99    818  1      gi|66    27359    27489 
   100    159  1     gi|118    23430    23505 
   100    819  1      gi|66    27766    27841 
   101    160  1     gi|118    34831    34939 
   101    284  1     gi|143     7366     7505 
   101    252  1     gi|135     2058     2185 
   102    161  1     gi|119     1118     1369 
   102    589 -1      gi|29    15878    16000 
   103    163  1     gi|119     6426     6921 
   103    211 -1     gi|125    19373    20346 
   103    387 -1      gi|16      912     1259 
   104    164  1     gi|119    13609    13911 
   104    860 -1      gi|70    30504    30816 
   105    169  1     gi|119    21794    21926 
   105    310 -1     gi|146    31572    31676 
   105    703  1      gi|44    28465    28522 
   106    170  1     gi|119    21861    22107 
   107    176  1     gi|119    26828    27195 
   107    765 -1      gi|55     1487     1854 
   108    180  1     gi|119    33593    34776 
   108    699  1      gi|44     5694     6970 
   108    930  1      gi|81    37224    37671 
   109    181  1     gi|119    34773    34930 
   109    700  1      gi|44     7570     7728 
   110    183  1      gi|12      277      470 
   110    919 -1       gi|8    32487    32707 
   110    271  1     gi|141    14011    14182 
   111    185  1      gi|12    17424    17623 
   111    815  1      gi|66    19524    19723 
   112    187  1      gi|12    26490    26534 
   112    228  1     gi|129     5170     5217 
   113    188  1      gi|12    26536    26647 
   114    189  1      gi|12    26691    26829 
   114    227  1     gi|128    23663    23841 
   114    962 -1      gi|92     8146     8332 
   115    190  1      gi|12    27835    28062 
   115    850 -1      gi|69    13332    13559 
   116    191  1     gi|120    37459    38027 
   116    642 -1      gi|36     6672     6715 
   117    192  1     gi|120    37842    38278 
   117    823 -1      gi|66    36291    37042 
   118    193  1     gi|121    39352    39529 
   118    918 -1       gi|8    32206    32468 
   118    758  1      gi|53    25539    25781 
   119    194  1     gi|122       34      373 
   119    525  1      gi|18     9344     9684 
   120    196  1     gi|123    15168    15225 
   120    233  1      gi|13      619     3154 
   120    351 -1     gi|151    25628    25675 
   120    781  1       gi|6    32339    34879 
   121    197  1     gi|123    21166    21328 
   121    943  1      gi|87     1041     1242 
   122    198  1     gi|123    23722    23980 
   122    670  1       gi|4    16060    16370 
   123    199  1     gi|123    37861    38438 
   123    684  1      gi|42     9842    10404 
   124    200  1     gi|123    38466    38812 
   124    685  1      gi|42    10380    10725 
   125    201  1     gi|124     5254     5804 
   125    504 -1     gi|172    15242    15531 
   125    857 -1       gi|7    35142    35356 
   126    205  1     gi|124    38479    38575 
   126    933 -1      gi|82    35552    35644 
   127    206  1     gi|125     3484     3579 
   127   1138  1      gi|67    36203    37863 
   127    560  1      gi|23    20535    20609 
   127    718 -1      gi|47    14737    14806 
   127   1140  1     gi|147    20412    22047 
   127    832 -1      gi|67    22313    23695 
   128    208  1     gi|125    11757    11904 
   128    247  1     gi|134    28391    28570 
   129    209  1     gi|125    16029    17671 
   129    759  1      gi|53    38711    40378 
   130    210  1     gi|125    18982    19123 
   130    609 -1      gi|30    17941    18096 
   131    212  1     gi|125    20263    20573 
   131    927  1      gi|81     1779     3236 
   131    395  1      gi|16    23606    24934 
   131    611 -1      gi|30    18472    18740 
   132    213  1     gi|125    20871    21039 
   133    215  1     gi|125    38193    38514 
   133    490 -1     gi|170    30471    30806 
   134    216  1     gi|125    39818    40316 
   134    488 -1     gi|170    28705    29206 
   135    217  1     gi|126     8120     8236 
   135    293 -1     gi|144      558      695 
   135    260 -1     gi|136    33872    33959 
   136    218  1     gi|126     8394     8547 
   136    871 -1      gi|72    37190    37362 
   137    219  1     gi|126    17703    18165 
   137    407  1     gi|161    17581    18017 
   138    220  1     gi|126    19187    19302 
   138    570 -1      gi|25    27219    27340 
   139    222  1     gi|126    29629    29702 
   139    535  1      gi|19    37676    37754 
   139    441 -1     gi|166    28089    28173 
   140    223  1     gi|127     9638     9708 
   140    578 -1      gi|28    26721    26801 
   141    224  1     gi|127    11718    11822 
   141    368 -1     gi|155      891     1024 
   142    225  1     gi|127    17797    19304 
   142    569 -1      gi|25    18951    20461 
   143    226  1     gi|128    18431    18516 
   143    232 -1     gi|129    35444    35544 
   144    229  1     gi|129     5521     5596 
   144    782  1       gi|6    39474    39625 
   144    486 -1     gi|170    18431    18526 
   144    683  1      gi|42     3162     3245 
   144    686 -1      gi|42    15130    15234 
   145    230  1     gi|129    28852    29105 
   145    614  1      gi|31     6726     6989 
   146    231  1     gi|129    29137    29268 
   146    615  1      gi|31     7111     7248 
   147    234  1      gi|13     3127     3197 
   147    783  1       gi|6    39902    39982 
   148    236  1      gi|13     8555     8721 
   148    294  1     gi|144    23016    23182 
   149    237  1      gi|13    20763    20851 
   149   1148 -1      gi|97    39759    39920 
   149   1149  1      gi|13    23353    23518 
   150    239  1      gi|13    24574    24627 
   150    575 -1      gi|27     3994     4047 
   151    240  1      gi|13    35004    35130 
   151    959  1      gi|91     8188     8314 
   152    241  1     gi|130     6875     7014 
   152    341  1     gi|150    28195    28239 
   152    995 -1      gi|95     6661     6826 
   152    719  1      gi|47    14841    14954 
   153    242  1     gi|130    15225    15492 
   153    316 -1     gi|147     7133     7432 
   153    654 -1      gi|37    32026    32351 
   154    243  1     gi|130    19840    19956 
   154    285 -1     gi|143     7611     7738 
   155    245  1     gi|134     9995    10137 
   155    323 -1     gi|148    34357    34523 
   156    246  1     gi|134    15713    15859 
   156    550 -1      gi|22    32843    32990 
   157    248  1     gi|134    34337    34417 
   157    771 -1       gi|6    13142    13235 
   158    249  1     gi|134    35965    36247 
   158    288  1     gi|143    21461    22632 
   158    975  1      gi|93    12602    13788 
   158    472  1      gi|17    14490    14672 
   159    250  1     gi|134    37128    37195 
   159    297 -1     gi|144    28295    28395 
   160    251  1     gi|134    37459    37569 
   160    357  1     gi|152    23303    23469 
   160    776 -1       gi|6    24090    24254 
   160   1133 -1     gi|116    29109    29258 
   160   1134 -1      gi|49     5262     5416 
   160    399  1     gi|160     3024     3099 
   160   1135  1     gi|138    27682    27845 
   160   1136  1     gi|145     9094     9236 
   160   1137  1      gi|47    27654    27808 
   161    253  1     gi|135     5989     6051 
   161    381  1     gi|159    37120    37182 
   162    254  1     gi|135     6288     6418 
   162    382  1     gi|159    37366    37493 
   163    255  1     gi|135     6596     6968 
   163    383  1     gi|159    37578    37944 
   164    256  1     gi|135     7180     7584 
   164    384  1     gi|159    38099    38555 
   165    258  1     gi|136    20634    20715 
   165    944 -1      gi|88     8433     8517 
   166    259  1     gi|136    25422    25692 
   166    532 -1      gi|19    15673    15924 
   167    261  1     gi|136    35268    35541 
   167    689  1      gi|42    25780    26050 
   168    262  1     gi|136    35565    35812 
   168    690  1      gi|42    26193    26435 
   169    263  1     gi|137    28356    28436 
   169    409  1     gi|161    27350    27426 
   169   1006 -1      gi|98    30676    30737 
   170    264  1     gi|138     4584     5111 
   170    696 -1      gi|43    30471    30996 
   171    265  1     gi|138     9257     9334 
   171    505  1     gi|172    31165    31256 
   172    267  1     gi|140    11629    12136 
   172    980  1      gi|93    19753    20260 
   173    268  1     gi|140    15050    15369 
   173    374 -1     gi|157     6180     6423 
   173    909  1      gi|78    19565    19885 
   174    269  1     gi|141     3105     3501 
   174    769 -1      gi|58    36986    37334 
   174    682 -1      gi|41    27935    27996 
   175    270  1     gi|141     4180     4410 
   175    681 -1      gi|41    26937    27183 
   176    274  1     gi|141    17837    18043 
   176    360 -1     gi|152    33538    33671 
   176    390 -1      gi|16     8619     8753 
   177    275  1     gi|141    19483    19652 
   177    389 -1      gi|16     8475     8652 
   178    276  1     gi|142      636      869 
   178    311  1     gi|146    32373    32599 
   179    277  1     gi|142     2723     2828 
   179    309  1     gi|146    30800    30904 
   179    455  1     gi|168    25317    25423 
   179    701 -1      gi|44     9254     9356 
   179    278 -1     gi|142    26372    26477 
   180    279  1     gi|142    33226    33376 
   180    761  1      gi|54    29843    30022 
   181    280  1     gi|142    33490    33652 
   181    796 -1      gi|61    29980    30135 
   182    283  1     gi|143     4191     4261 
   182    634  1      gi|34    26150    26239 
   182    289 -1     gi|143    23036    23125 
   183    287  1     gi|143    11780    11961 
   183    674  1      gi|40     4615     4794 
   184    290  1     gi|143    36559    36637 
   184    740 -1      gi|50     8890     8968 
   185    292  1     gi|143    37872    38719 
   185    593  1      gi|29    32959    33809 
   186    295  1     gi|144    23900    24085 
   186    788  1      gi|60    29025    29232 
   187    296  1     gi|144    24085    24187 
   187    789  1      gi|60    29329    29431 
   188    298  1     gi|144    29940    30082 
   188    543 -1      gi|20    14636    14778 
   189    299  1     gi|144    30502    31167 
   189    541 -1      gi|20    13450    14149 
   190    302  1     gi|145    10916    11339 
   190    804  1      gi|63    17263    17633 
   191    303  1     gi|145    27806    27942 
   191    750  1      gi|52    33485    33618 
   192    304  1     gi|145    28546    28641 
   192    751  1      gi|52    35225    35365 
   193    307  1     gi|146     7206     7365 
   193    551  1      gi|23    13927    14080 
   194    308  1     gi|146     7671     8035 
   194    764 -1      gi|55      601      961 
   195    312  1     gi|146    32664    33350 
   195    907  1      gi|78     7782     8495 
   196    313  1     gi|146    35796    36038 
   196    707 -1      gi|45    29766    29993 
   196    730 -1      gi|49     3663     3848 
   197    314  1     gi|146    36309    37214 
   197    705 -1      gi|45    28121    29018 
   198    315  1     gi|146    37516    37684 
   198    326  1     gi|149    25449    25621 
   199    317  1     gi|147    18445    18529 
   199    833 -1      gi|67    23763    23857 
   200    319  1     gi|147    32242    32595 
   200   1139  1      gi|67    37863    38228 
   200   1141  1     gi|147    22073    22261 
   201    320  1     gi|147    35145    35334 
   201    613  1      gi|31     2974     3170 
   202    321  1     gi|148    21381    22069 
   202    465  1     gi|169    36127    36594 
   202    466  1     gi|169    36865    36927 
   202    924 -1      gi|80    16923    17644 
   203    322  1     gi|148    23906    24184 
   203    467  1     gi|169    38797    38982 
   203    923 -1      gi|80    14788    15058 
   204    325  1     gi|149     9042     9103 
   204    826 -1      gi|67     8834     8895 
   205    327  1      gi|15    15032    15179 
   205    865 -1      gi|72    14861    15130 
   206    330  1      gi|15    16046    16210 
   206    862 -1      gi|72    13884    14048 
   207    331  1      gi|15    16443    16603 
   207    537  1       gi|2    18976    19154 
   208    333  1      gi|15    33189    33282 
   208    926  1      gi|81     1285     1633 
   208    354  1     gi|152    14311    14564 
   208    760 -1      gi|54    18898    19063 
   209    334  1     gi|150     2891     3047 
   209    691 -1      gi|43    12354    12530 
   210    335  1     gi|150     3638     3988 
   210    546 -1      gi|20    27267    27581 
   210    470 -1      gi|17     9675     9820 
   211    337  1     gi|150     5613     5726 
   211    528 -1      gi|19     4056     4172 
   212    338  1     gi|150    25118    26560 
   212    695 -1      gi|43    25519    26900 
   213    339  1     gi|150    27130    27609 
   213    373 -1     gi|157     5516     5981 
   213    563 -1      gi|24    16071    16192 
   214    342  1     gi|150    38298    38445 
   214    580  1      gi|28    40071    40225 
   215    343  1     gi|150    38713    40014 
   215    599  1      gi|29    37703    39185 
   215    976  1      gi|93    14152    15828 
   215    807 -1      gi|64     5793     5985 
   216    344  1     gi|150    39993    40087 
   216    977  1      gi|93    16541    16643 
   217    345  1     gi|150    40089    40273 
   217    597  1      gi|29    35588    35744 
   218    346  1     gi|150    40304    40406 
   218    519 -1     gi|173    21036    21144 
   219    347  1     gi|150    40586    40703 
   219   1044 -1      gi|64     8509     8644 
   219   1046 -1      gi|17    25135    25234 
   220    349  1     gi|151     9937    10183 
   220    540  1      gi|20     8373     8619 
   221    352  1     gi|151    27679    27909 
   221    627  1      gi|32    32683    34655 
   221    942 -1      gi|86    27110    29017 
   222    356  1     gi|152    23124    23190 
   222    502  1     gi|172    13925    14015 
   222    391  1      gi|16    13027    13116 
   223    358  1     gi|152    23457    23580 
   223    484 -1      gi|17    36349    36476 
   224    359  1     gi|152    23582    23722 
   224    369 -1     gi|155     1856     2001 
   225    361  1     gi|152    33711    33792 
   225    693 -1      gi|43    24261    24342 
   226    362  1     gi|153    17167    17585 
   226    377  1     gi|157    32459    32868 
   227    363  1     gi|153    18058    18132 
   227    793 -1      gi|61    21029    21107 
   228    364  1     gi|153    28280    28394 
   228    813 -1      gi|65    26457    26568 
   229    365  1     gi|154     8471     8504 
   229   1144  1      gi|40      627      707 
   229   1146  1     gi|172    40377    40495 
   229    445 -1     gi|167     7580     7636 
   229    498  1     gi|171    39299    39379 
   229   1142  1     gi|117    21444    21521 
   229   1145 -1     gi|117    31291    31380 
   229    664 -1      gi|38    34622    34676 
   229    820  1      gi|66    29316    29368 
   229    626 -1      gi|32    29247    29283 
   229   1143  1      gi|37    27937    27985 
   230    366  1     gi|154    18481    18863 
   230    424  1     gi|164    38431    38613 
   230    590 -1      gi|29    17753    17930 
   231    367  1     gi|154    32689    32751 
   231    735 -1       gi|5     2328     2386 
   232    370  1     gi|155    24901    25348 
   232    485 -1     gi|170    17299    17700 
   233    371  1     gi|156     5879     5973 
   233    929  1      gi|81     5759     5980 
   233   1037 -1       gi|4    19903    19997 
   234    375  1     gi|157     6480     6802 
   234    908 -1      gi|78    10345    10676 
   235    376  1     gi|157    18769    18914 
   235    545 -1      gi|20    26917    27060 
   236    378  1     gi|157    40124    40285 
   236    746 -1      gi|51    19224    19360 
   237    386  1      gi|16      525      602 
   237    494 -1     gi|170    35587    35665 
   238    388  1      gi|16     1337     1846 
   239    394  1      gi|16    19661    19986 
   239    629 -1      gi|32    35774    36084 
   240    396  1     gi|160     1239     1359 
   240    706  1      gi|45    29035    29144 
   241    402  1     gi|161     1268     1437 
   241   1151 -1     gi|136     9891    10031 
   241    404  1     gi|161     1820     1971 
   241    405 -1     gi|161    11045    11175 
   241   1152  1     gi|143    37178    37323 
   242    406  1     gi|161    15870    15975 
   242    902  1      gi|77    23683    23794 
   243    408  1     gi|161    24828    24895 
   243    915 -1       gi|8    12503    12568 
   244    410  1     gi|161    37567    37921 
   244    549  1      gi|21    29556    29910 
   245    411  1     gi|162    13596    13760 
   245    469 -1      gi|17     8737     9269 
   245    996 -1      gi|95     7772     8286 
   246    413  1     gi|162    35391    35507 
   246    954 -1      gi|90     7260     7379 
   247    415  1     gi|163    27578    27692 
   247    419 -1     gi|164     2674     2789 
   248    416  1     gi|163    34362    34466 
   248    949  1      gi|89     2634     2738 
   249    417  1     gi|163    36107    37926 
   249    712 -1      gi|46    17991    19786 
   249    979  1      gi|93    18077    18244 
   250    418  1     gi|163    38469    38627 
   250    677 -1      gi|40    12135    12294 
   251    420  1     gi|164     5349     5614 
   251   1011 -1      gi|99     8322     8582 
   252    421  1     gi|164     5672     6199 
   252   1010 -1      gi|99     7684     8201 
   253    422  1     gi|164     6227     6542 
   253   1009 -1      gi|99     7282     7592 
   254    423  1     gi|164     6643     7138 
   254   1008 -1      gi|99     6628     7112 
   255    425  1     gi|165     6901     7050 
   255    630 -1      gi|32    38362    38487 
   256    426  1     gi|165    11612    11829 
   256    814  1      gi|66     6183     6396 
   257    427  1     gi|165    37754    39238 
   257    946  1      gi|88    37056    38446 
   257    948  1      gi|88    39765    39972 
   258    428  1     gi|165    39234    39797 
   258    947  1      gi|88    38599    39141 
   259    429  1     gi|165    40502    40627 
   259    978  1      gi|93    16832    16945 
   260    430  1     gi|166      774      915 
   260    898 -1      gi|74    40615    40737 
   261    431  1     gi|166     1107     1753 
   261   1153 -1      gi|74    35043    37464 
   261    434  1     gi|166     3772     6227 
   261    435  1     gi|166     8085     8361 
   261    508  1     gi|173      539     1886 
   261   1154  1     gi|166     3532     3807 
   262    432  1     gi|166     1799     2956 
   262    897 -1      gi|74    38282    39460 
   262    984 -1      gi|93    37466    37655 
   263    436  1     gi|166     9995    10539 
   263    982 -1      gi|93    26095    26658 
   263    437  1     gi|166    10414    10677 
   264    438  1     gi|166    10717    10971 
   264    507  1     gi|173      228      494 
   265    442  1     gi|166    37336    37443 
   265    856  1       gi|7    34653    34766 
   266    443  1     gi|166    38880    39288 
   266    717 -1      gi|47    14384    14738 
   267    450  1     gi|168    23172    23289 
   267    606 -1      gi|30     3436     3550 
   268    451  1     gi|168    23289    23386 
   268    728  1      gi|49     1235     1335 
   269    464  1     gi|169     5134     5352 
   269    568  1      gi|25    11936    12172 
   270    468  1      gi|17     1253     1387 
   270    981 -1      gi|93    25964    26092 
   271    473  1      gi|17    15595    15807 
   271    753 -1      gi|52    36900    37069 
   271    791 -1      gi|61    20012    20145 
   271    960 -1      gi|91    23689    23867 
   271    840  1      gi|67    38798    38880 
   272    475  1      gi|17    23902    24048 
   273    476  1      gi|17    24119    24997 
   273    808  1      gi|64     6375     7317 
   274    478  1      gi|17    25227    25823 
   274    803 -1      gi|63    10795    11465 
   274   1013  1      gi|99    10867    11004 
   275    479  1      gi|17    29061    29282 
   275    965 -1      gi|92    14686    14906 
   276    480  1      gi|17    29320    30606 
   276    964 -1      gi|92    13307    14539 
   276    969 -1      gi|92    34955    35289 
   277    481  1      gi|17    33309    33507 
   277    963 -1      gi|92    10148    10365 
   278    482  1      gi|17    33956    34432 
   278    802 -1      gi|63     8858     9359 
   279    483  1      gi|17    34447    34604 
   279    558  1      gi|23    16914    17265 
   279    968  1      gi|92    34622    34694 
   280    492  1     gi|170    35040    35161 
   280    605 -1      gi|30     2455     2579 
   281    493  1     gi|170    35378    35465 
   281    500  1     gi|172    13460    13549 
   282    495  1     gi|170    35676    35838 
   282    792  1      gi|61    20131    20304 
   283    497  1     gi|171    17523    17633 
   283    757 -1      gi|53    25414    25515 
   284    499  1     gi|172     9732     9843 
   284    658 -1      gi|38    29931    30042 
   285    511  1     gi|173    14462    14763 
   285    806  1      gi|64     3802     4113 
   286    513  1     gi|173    16562    16680 
   286    594 -1      gi|29    33992    34109 
   287    514  1     gi|173    17433    17625 
   287    986 -1      gi|93    38801    38993 
   288    516  1     gi|173    18067    18315 
   288    983 -1      gi|93    28346    28594 
   289    520  1     gi|173    24953    25433 
   289    780 -1       gi|6    29487    29995 
   290    521  1     gi|173    25478    25630 
   290    779 -1       gi|6    29149    29289 
   291    523  1      gi|18     4818     4898 
   291    827  1      gi|67     9046     9138 
   292    524  1      gi|18     8058     8672 
   292   1147  1      gi|97    39149    39753 
   292   1150 -1      gi|13    23518    23731 
   293    526  1      gi|18    31126    31357 
   293    692 -1      gi|43    22454    22691 
   294    529  1      gi|19     9841     9976 
   294    724 -1      gi|47    27938    28071 
   295    534  1      gi|19    29910    32086 
   295    715  1      gi|47    10380    12525 
   295    722  1      gi|47    26369    27484 
   296    536  1      gi|19    39260    39438 
   296    548 -1      gi|20    37394    37619 
   296    848  1      gi|68    36500    36729 
   297    544  1      gi|20    26780    26889 
   297    950  1      gi|89    31307    31422 
   298    547  1      gi|20    29674    30058 
   298    901  1      gi|77    19536    19892 
   299    553  1      gi|23    15109    15216 
   299    835  1      gi|67    24624    25366 
   299    555  1      gi|23    15625    16333 
   300    554  1      gi|23    15238    15519 
   300    834  1      gi|67    24028    24324 
   301    556  1      gi|23    16619    16797 
   301    836  1      gi|67    25293    25461 
   302    559  1      gi|23    17256    17390 
   302    837  1      gi|67    25459    25603 
   303    561  1      gi|23    35413    35734 
   303    939  1      gi|85    33415    33734 
   304    562  1      gi|23    35932    36176 
   304    940  1      gi|85    33791    34035 
   305    564  1      gi|24    16776    16894 
   305    651  1      gi|37    19727    19848 
   306    565  1      gi|24    26156    26292 
   306    647 -1      gi|37     2076     2206 
   307    566  1      gi|24    34881    35131 
   307    714 -1      gi|47     3960     4208 
   308    567  1      gi|25     7268     8321 
   308    998 -1      gi|97    21180    22172 
   309    571  1      gi|25    39289    39349 
   309    970 -1      gi|93     8395     8453 
   310    572  1      gi|26     8230     8406 
   310    622 -1      gi|32    13565    13752 
   311    573  1      gi|26    33111    34214 
   311   1003  1      gi|98     5422     6632 
   312    574  1      gi|26    34255    35556 
   312   1004  1      gi|98     6750     8042 
   313    576  1      gi|27    19477    19534 
   313    637 -1      gi|35    23865    23922 
   314    577  1      gi|27    21015    21125 
   314    636 -1      gi|35    22397    22509 
   315    581  1      gi|29     2025     2314 
   315    887 -1      gi|74    24037    24362 
   316    582  1      gi|29     2366     2749 
   316    886 -1      gi|74    23542    23925 
   317    583  1      gi|29     2815     2869 
   317    885 -1      gi|74    23312    23366 
   318    584  1      gi|29     3899     4081 
   318    884 -1      gi|74    21964    22148 
   319    585  1      gi|29     4539     4836 
   319    883 -1      gi|74    21048    21370 
   320    586  1      gi|29     5073     5249 
   320    882 -1      gi|74    20640    20801 
   321    587  1      gi|29     5479     5690 
   321    881 -1      gi|74    20229    20517 
   322    591  1      gi|29    24520    24763 
   322    966  1      gi|92    32908    33154 
   323    592  1      gi|29    24782    25269 
   323    967  1      gi|92    33246    33688 
   324    595  1      gi|29    34445    34599 
   324    911 -1      gi|79    13689    13850 
   325    598  1      gi|29    36330    36856 
   325    971  1      gi|93     8913     9415 
   325    805  1      gi|64     2287     2646 
   326    601  1       gi|3    34242    34328 
   327    603  1       gi|3    35520    35683 
   327   1155 -1      gi|33     4637     4801 
   327   1132  1      gi|15    15971    16118 
   327   1156  1      gi|82    11192    11259 
   327    957 -1      gi|91     7287     7413 
   327   1129 -1      gi|72    14100    14142 
   328    604  1      gi|30     1827     1890 
   328    663 -1      gi|38    34511    34575 
   329    608  1      gi|30    14669    14956 
   329   1012 -1      gi|99     9208     9536 
   330    612  1      gi|30    28597    28709 
   330    952  1       gi|9    29938    30042 
   331    617  1      gi|31    28132    28259 
   331    716  1      gi|47    13703    14069 
   331    619 -1      gi|31    28837    29191 
   331    994 -1      gi|94    38887    39059 
   332    618  1      gi|31    28247    28417 
   332    659  1      gi|38    31483    31721 
   332    709 -1      gi|45    30975    31214 
   333    624  1      gi|32    27377    27427 
   333    727  1      gi|48    39500    39550 
   334    628  1      gi|32    35203    35265 
   334   1007 -1      gi|98    34799    34861 
   335    635  1      gi|34    29818    30125 
   335    697 -1      gi|43    31749    32047 
   336    639  1      gi|36     1864     1955 
   336    657 -1      gi|38    27250    27396 
   337    640  1      gi|36     3063     3297 
   337    904  1      gi|78     1372     1722 
   337    752 -1      gi|52    36604    36843 
   337   1034 -1     gi|114      565      777 
   338    641  1      gi|36     3352     3472 
   338    905  1      gi|78     2774     2952 
   339    643  1      gi|36    17914    17982 
   339    713 -1      gi|46    29364    29429 
   340    645  1      gi|36    37307    38248 
   341    648  1      gi|37     4033     4164 
   341   1099 -1      gi|72    28699    28927 
   341    941 -1      gi|86    26553    26765 
   341   1101 -1     gi|112    27425    27663 
   342    649  1      gi|37     4214     4956 
   342    867 -1      gi|72    26353    27658 
   342    704  1      gi|44    28634    29902 
   343    650  1      gi|37    19397    19555 
   343   1039  1     gi|160    25081    25310 
   343   1042 -1      gi|49     4240     4516 
   343    749  1      gi|52    13714    13794 
   344    655  1      gi|38     5763     6006 
   344   1020 -1      gi|99    39051    39278 
   345    660  1      gi|38    31787    31901 
   345    987 -1      gi|93    39292    39394 
   346    661  1      gi|38    31907    32109 
   346    721  1      gi|47    25600    25802 
   347    662  1      gi|38    34264    34377 
   347    667  1      gi|39    27739    27875 
   348    665  1      gi|39     5523     5615 
   348    849  1      gi|69     1566     1658 
   349    666  1      gi|39     5719     5815 
   349    900 -1      gi|76    32903    33005 
   350    669  1       gi|4     9598     9904 
   350    810  1      gi|64    39494    39799 
   351    671  1       gi|4    19513    19886 
   352    676  1      gi|40     8502     9473 
   353    688  1      gi|42    19779    19971 
   353    861 -1      gi|70    32007    32228 
   354    698  1      gi|44     4598     4810 
   354    910 -1      gi|79    12895    13130 
   355    702  1      gi|44    24035    24656 
   355    912 -1      gi|79    14027    14648 
   356    710  1      gi|45    32488    32714 
   356    858 -1       gi|7    35520    35765 
   357    711  1      gi|45    33175    33268 
   357    824 -1      gi|67     1015     1105 
   358    725  1      gi|47    29394    29967 
   358   1019  1      gi|99    23091    23653 
   359    726  1      gi|47    31800    31937 
   359    822 -1      gi|66    30111    30658 
   359    799 -1      gi|62    32080    32376 
   360    729  1      gi|49     1308     1558 
   360    747  1      gi|52    12637    12899 
   361    732  1      gi|49     4489     5003 
   361    748 -1      gi|52    13067    13574 
   362    734  1      gi|49    25683    26035 
   363    737  1       gi|5    26015    26345 
   363   1036  1     gi|100    38082    38181 
   363   1038  1      gi|97    16109    16329 
   364    738  1       gi|5    32339    32445 
   364   1001  1      gi|98     2335     2445 
   364   1005  1      gi|98    24826    24963 
   364    739 -1       gi|5    32900    33054 
   365    741  1      gi|50    31975    32561 
   365    938 -1      gi|84    37227    37901 
   366    742  1      gi|51     6587     6677 
   366    841 -1      gi|68     7716     7808 
   366    745  1      gi|51    17184    17277 
   367    743  1      gi|51    16840    17046 
   368    754  1      gi|53    11441    11555 
   368    785  1      gi|60     8676     8790 
   369    755  1      gi|53    11832    12252 
   369    786  1      gi|60     8897     9371 
   370    756  1      gi|53    13842    14236 
   370    787  1      gi|60    10465    10802 
   371    766  1      gi|57    14174    14615 
   371    797 -1      gi|62     8297     8772 
   372    767  1      gi|58    24047    24427 
   372    790  1      gi|61    14003    14379 
   373    775  1       gi|6    23404    23556 
   373    906  1      gi|78     6924     7068 
   374    784  1      gi|60     8564     8725 
   374    872  1      gi|72    37913    38074 
   375    829  1      gi|67    18169    18241 
   375    951 -1       gi|9     7794     7881 
   376    854  1       gi|7    34053    34215 
   376    868  1      gi|72    27773    27939 
   377    866  1      gi|72    26007    26059 
   377   1025 -1      gi|10     8010     8065 
   377   1027 -1     gi|170    29901    29946 
   378    870  1      gi|72    28935    29021 
   378   1024 -1      gi|10     7918     8007 
   378   1026 -1     gi|170    29809    29901 
   379    873  1      gi|73    17315    17384 
   380    874  1      gi|73    21341    21437 
   381    876  1      gi|74    11441    11778 
   381   1017  1      gi|99    18060    18394 
   382    877  1      gi|74    12571    12738 
   382   1018  1      gi|99    19038    19199 
   383    878  1      gi|74    16277    16376 
   383   1014  1      gi|99    14805    14904 
   384    879  1      gi|74    17111    17413 
   384   1015  1      gi|99    15601    15920 
   385    880  1      gi|74    18096    18502 
   385   1016  1      gi|99    16499    16893 
   386    893  1      gi|74    30967    31187 
   386    936 -1      gi|83    29020    29237 
   387    894  1      gi|74    31896    31990 
   387    935 -1      gi|83    28067    28161 
   388    899  1      gi|75    16095    16162 
   388    914  1       gi|8     3217     3275 
   389    903  1      gi|78      979     1101 
   390    921  1      gi|80    13542    13710 
   390    972  1      gi|93    10204    10366 
   391    922  1      gi|80    13813    14705 
   391    973  1      gi|93    10373    11258 
   392    925  1      gi|80    17799    19228 
   392    974  1      gi|93    11253    12670 
   393    928  1      gi|81     4307     4577 
   393   1002  1      gi|98     3244     3511 
   394    931  1      gi|82    10181    10260 
   395    934  1      gi|83    14322    14404 
   395    953  1       gi|9    30785    30878 
   396    937  1      gi|84    12751    12921 
   397    945  1      gi|88    27259    27396 
   398   1059  1     gi|116    31488    31589 
   398   1074 -1     gi|112    20638    20735 
   399   1072  1      gi|74    33898    35045 
   399   1091  1       gi|6    27614    28702 
   400   1075  1     gi|112    24958    24991 
   400   1089  1     gi|173     5261     5301 
   400   1080  1     gi|112    36345    36378 
   400   1093 -1     gi|112    33544    33577 
   401   1086  1     gi|119    23538    23682 
   402   1097  1     gi|112    27667    27719 
   402   1098 -1      gi|72    28643    28694 
   402   1100 -1     gi|112    27368    27425 
   403   1104  1     gi|166    19801    19856 
   403   1111  1       gi|6    14015    14070 
   404   1106  1     gi|173     6615     6670 
   404   1115 -1     gi|119    15031    15086 
   405   1123  1     gi|113    22394    22430 
   405   1126  1     gi|173    17729    17763 
