1 gi|10 7819 7912
2 gi|10 7914 8065
3 gi|10 8180 8549
4 gi|10 8501 8714
5 gi|10 8707 9018
6 gi|10 9024 9480
7 gi|10 9872 9934
8 gi|10 9947 10186
9 gi|100 3383 3490
10 gi|100 8810 8843
11 gi|100 16480 16612
12 gi|100 18835 18953
13 gi|100 36175 36240
14 gi|100 36316 36656
15 gi|100 38081 38220
16 gi|100 39144 39236
17 gi|101 7912 8049
18 gi|101 25551 25633
19 gi|101 28861 28981
20 gi|101 32226 32359
21 gi|101 32825 32912
22 gi|101 32917 33065
23 gi|101 36439 36528
24 gi|102 93 237
25 gi|102 771 836
26 gi|102 2138 2315
27 gi|102 2673 2763
28 gi|102 12510 12595
29 gi|102 16632 16715
30 gi|102 21001 21234
31 gi|102 34578 34723
32 gi|103 1 701
33 gi|104 4041 5478
34 gi|104 28584 28690
35 gi|106 19118 19313
36 gi|106 19639 19733
37 gi|107 8683 8890
38 gi|107 11965 12193
39 gi|107 13722 14278
40 gi|107 21679 21811
41 gi|108 10963 11059
42 gi|109 4187 4346
43 gi|109 4408 4500
44 gi|109 36029 36285
45 gi|109 36205 36593
46 gi|11 2192 2345
47 gi|11 3230 3348
48 gi|11 22047 22137
49 gi|11 29094 29168
50 gi|11 35509 35754
51 gi|110 2 108
52 gi|111 6719 6920
53 gi|111 19559 19689
54 gi|111 24638 25199
55 gi|111 25337 25541
56 gi|111 25631 25847
57 gi|111 31751 31933
58 gi|111 32353 33144
59 gi|112 2 441
60 gi|112 418 2034
61 gi|112 2017 2125
62 gi|112 2123 2863
63 gi|112 2857 3646
64 gi|112 3641 8045
65 gi|112 7974 9412
66 gi|112 9389 9557
67 gi|112 9530 10118
68 gi|112 9959 16391
69 gi|112 16236 16551
70 gi|112 16536 16683
71 gi|112 16682 17309
72 gi|112 17305 17876
73 gi|112 17865 19016
74 gi|112 18982 19498
75 gi|112 19448 19691
76 gi|112 19675 20139
77 gi|112 20136 20735
78 gi|112 24958 25600
79 gi|112 26054 26486
80 gi|112 26507 27025
81 gi|112 27368 27719
82 gi|112 27654 27959
83 gi|112 27809 28457
84 gi|112 28417 28721
85 gi|112 28722 29085
86 gi|112 29029 29541
87 gi|112 29528 29945
88 gi|112 29950 31171
89 gi|112 30653 32685
90 gi|112 32687 32984
91 gi|112 32973 33577
92 gi|112 36345 36907
93 gi|112 36897 37064
94 gi|112 37051 37134
95 gi|112 37105 37908
96 gi|112 37909 38504
97 gi|112 38505 39214
98 gi|112 39210 39548
99 gi|112 39543 40049
100 gi|113 1104 1226
101 gi|113 10551 10637
102 gi|113 16077 16205
103 gi|113 16209 16368
104 gi|113 16433 16533
105 gi|113 16797 17116
106 gi|113 17153 17260
107 gi|113 19392 19688
108 gi|113 21594 21789
109 gi|113 21835 22033
110 gi|113 21982 22430
111 gi|113 22401 22665
112 gi|113 23057 23193
113 gi|113 23204 23355
114 gi|113 23335 23804
115 gi|113 23780 24301
116 gi|113 32427 32536
117 gi|114 560 796
118 gi|114 956 1078
119 gi|114 2737 2780
120 gi|114 2832 3166
121 gi|114 8379 8509
122 gi|114 12288 12569
123 gi|114 13568 13783
124 gi|115 7638 8084
125 gi|115 10714 11011
126 gi|115 11433 11813
127 gi|116 3168 3400
128 gi|116 9452 9976
129 gi|116 16794 17034
130 gi|116 18787 19645
131 gi|116 27759 29110
132 gi|116 29080 29264
133 gi|116 29258 29453
134 gi|116 29451 29663
135 gi|116 31488 31959
136 gi|116 33496 33829
137 gi|116 33986 35814
138 gi|116 35762 36400
139 gi|116 36389 39698
140 gi|116 39681 40049
141 gi|117 20543 20820
142 gi|117 21438 21553
143 gi|117 25489 25893
144 gi|117 25763 26230
145 gi|117 26302 26369
146 gi|117 27963 28485
147 gi|117 28954 30274
148 gi|117 31289 31398
149 gi|118 7394 7650
150 gi|118 12363 12433
151 gi|118 12436 12620
152 gi|118 20010 20258
153 gi|118 20420 20489
154 gi|118 20501 20632
155 gi|118 20614 20956
156 gi|118 21891 22417
157 gi|118 22617 22994
158 gi|118 22995 23125
159 gi|118 23430 23505
160 gi|118 34831 34939
161 gi|119 1118 1369
162 gi|119 5835 6498
163 gi|119 6426 6921
164 gi|119 13609 13911
165 gi|119 14619 15086
166 gi|119 21362 21472
167 gi|119 21470 21521
168 gi|119 21667 21742
169 gi|119 21794 21926
170 gi|119 21861 22107
171 gi|119 22615 22910
172 gi|119 23022 23682
173 gi|119 23691 23988
174 gi|119 23956 24302
175 gi|119 24353 24647
176 gi|119 26828 27195
177 gi|119 30493 31793
178 gi|119 31942 33217
179 gi|119 33271 33610
180 gi|119 33593 34776
181 gi|119 34773 34930
182 gi|119 34926 40000
183 gi|12 269 470
184 gi|12 1204 1798
185 gi|12 17424 17623
186 gi|12 26278 26479
187 gi|12 26490 26534
188 gi|12 26536 26647
189 gi|12 26690 26830
190 gi|12 27835 28062
191 gi|120 37459 38027
192 gi|120 37842 38278
193 gi|121 39352 39533
194 gi|122 34 373
195 gi|123 3097 3321
196 gi|123 15168 15225
197 gi|123 21166 21328
198 gi|123 23722 23980
199 gi|123 37861 38438
200 gi|123 38466 38812
201 gi|124 5254 5804
202 gi|124 6056 6102
203 gi|124 6351 6394
204 gi|124 6659 6788
205 gi|124 38479 38575
206 gi|125 3484 3579
207 gi|125 4001 4634
208 gi|125 11757 11906
209 gi|125 16029 17671
210 gi|125 18982 19123
211 gi|125 19373 20346
212 gi|125 20263 20573
213 gi|125 20871 21039
214 gi|125 36384 37882
215 gi|125 38193 38514
216 gi|125 39818 40316
217 gi|126 8119 8236
218 gi|126 8394 8547
219 gi|126 17703 18165
220 gi|126 19187 19302
221 gi|126 20324 20429
222 gi|126 29629 29702
223 gi|127 9638 9708
224 gi|127 11718 11822
225 gi|127 17797 19304
226 gi|128 18431 18516
227 gi|128 23663 23841
228 gi|129 5170 5217
229 gi|129 5521 5596
230 gi|129 28852 29105
231 gi|129 29137 29268
232 gi|129 35444 35544
233 gi|13 619 3154
234 gi|13 3127 3197
235 gi|13 3181 3467
236 gi|13 8555 8721
237 gi|13 20763 20851
238 gi|13 23353 23731
239 gi|13 24574 24627
240 gi|13 35004 35130
241 gi|130 6875 7016
242 gi|130 15222 15496
243 gi|130 19840 19956
244 gi|132 6692 6854
245 gi|134 9993 10137
246 gi|134 15713 15859
247 gi|134 28391 28570
248 gi|134 34337 34417
249 gi|134 35965 36247
250 gi|134 37125 37195
251 gi|134 37457 37571
252 gi|135 2058 2185
253 gi|135 5989 6051
254 gi|135 6288 6418
255 gi|135 6596 6968
256 gi|135 7180 7584
257 gi|136 9864 10034
258 gi|136 20634 20715
259 gi|136 25422 25692
260 gi|136 33872 33959
261 gi|136 35268 35541
262 gi|136 35565 35812
263 gi|137 28356 28436
264 gi|138 4584 5111
265 gi|138 9257 9334
266 gi|138 27681 27861
267 gi|140 11629 12136
268 gi|140 15049 15369
269 gi|141 3105 3501
270 gi|141 4180 4410
271 gi|141 14011 14182
272 gi|141 16688 16933
273 gi|141 17184 17573
274 gi|141 17837 18043
275 gi|141 19483 19652
276 gi|142 636 869
277 gi|142 2723 2831
278 gi|142 26371 26478
279 gi|142 33226 33376
280 gi|142 33490 33652
281 gi|142 33681 33824
282 gi|142 34119 34651
283 gi|143 4191 4261
284 gi|143 7366 7505
285 gi|143 7611 7738
286 gi|143 10267 10385
287 gi|143 11780 11961
288 gi|143 21461 22632
289 gi|143 23036 23125
290 gi|143 36559 36637
291 gi|143 37177 37347
292 gi|143 37872 38719
293 gi|144 558 695
294 gi|144 23016 23182
295 gi|144 23900 24085
296 gi|144 24085 24187
297 gi|144 28295 28395
298 gi|144 29940 30082
299 gi|144 30502 31167
300 gi|145 7729 7977
301 gi|145 9094 9254
302 gi|145 10916 11339
303 gi|145 27806 27942
304 gi|145 28546 28641
305 gi|145 37768 38115
306 gi|145 38819 39062
307 gi|146 7206 7365
308 gi|146 7671 8035
309 gi|146 30800 30907
310 gi|146 31572 31676
311 gi|146 32373 32599
312 gi|146 32664 33350
313 gi|146 35796 36038
314 gi|146 36309 37214
315 gi|146 37516 37684
316 gi|147 7133 7436
317 gi|147 18445 18529
318 gi|147 20412 22261
319 gi|147 32238 32595
320 gi|147 35145 35334
321 gi|148 21379 22069
322 gi|148 23906 24184
323 gi|148 34357 34523
324 gi|149 5162 5611
325 gi|149 9042 9103
326 gi|149 25449 25621
327 gi|15 15032 15179
328 gi|15 15133 15523
329 gi|15 15524 16118
330 gi|15 16046 16210
331 gi|15 16443 16603
332 gi|15 32624 32728
333 gi|15 33189 33282
334 gi|150 2891 3047
335 gi|150 3638 3988
336 gi|150 4147 4319
337 gi|150 5613 5726
338 gi|150 25118 26560
339 gi|150 27130 27609
340 gi|150 27674 28012
341 gi|150 28195 28239
342 gi|150 38298 38445
343 gi|150 38713 40014
344 gi|150 39993 40087
345 gi|150 40089 40273
346 gi|150 40304 40406
347 gi|150 40586 40703
348 gi|151 1684 1843
349 gi|151 9937 10183
350 gi|151 24567 24636
351 gi|151 25628 25675
352 gi|151 27679 27909
353 gi|152 9663 10522
354 gi|152 14310 14564
355 gi|152 22905 23092
356 gi|152 23124 23190
357 gi|152 23300 23471
358 gi|152 23457 23580
359 gi|152 23582 23722
360 gi|152 33538 33671
361 gi|152 33711 33792
362 gi|153 17167 17585
363 gi|153 18058 18132
364 gi|153 28280 28394
365 gi|154 8471 8507
366 gi|154 18481 18863
367 gi|154 32689 32751
368 gi|155 891 1024
369 gi|155 1856 2001
370 gi|155 24901 25348
371 gi|156 5877 5973
372 gi|157 4931 5141
373 gi|157 5516 5981
374 gi|157 6180 6425
375 gi|157 6480 6802
376 gi|157 18769 18914
377 gi|157 32459 32868
378 gi|157 40124 40285
379 gi|158 5874 6071
380 gi|158 6544 7279
381 gi|159 37120 37182
382 gi|159 37366 37493
383 gi|159 37578 37944
384 gi|159 38099 38555
385 gi|16 26 520
386 gi|16 525 602
387 gi|16 912 1259
388 gi|16 1337 1846
389 gi|16 8475 8652
390 gi|16 8619 8753
391 gi|16 13027 13116
392 gi|16 14575 14745
393 gi|16 14844 15088
394 gi|16 19661 19986
395 gi|16 23606 24934
396 gi|160 1239 1359
397 gi|160 2393 2475
398 gi|160 2622 3051
399 gi|160 3024 3099
400 gi|160 24396 24566
401 gi|160 25081 25619
402 gi|161 1268 1438
403 gi|161 1565 1715
404 gi|161 1818 1971
405 gi|161 11042 11180
406 gi|161 15870 15975
407 gi|161 17581 18017
408 gi|161 24828 24895
409 gi|161 27346 27426
410 gi|161 37567 37921
411 gi|162 13591 13760
412 gi|162 27088 27201
413 gi|162 35391 35507
414 gi|163 5609 6003
415 gi|163 27578 27692
416 gi|163 34362 34466
417 gi|163 36107 37926
418 gi|163 38469 38627
419 gi|164 2674 2789
420 gi|164 5349 5614
421 gi|164 5672 6199
422 gi|164 6227 6542
423 gi|164 6643 7138
424 gi|164 38431 38613
425 gi|165 6901 7050
426 gi|165 11612 11829
427 gi|165 37754 39238
428 gi|165 39234 39797
429 gi|165 40502 40627
430 gi|166 774 915
431 gi|166 1107 1753
432 gi|166 1799 2956
433 gi|166 3532 3837
434 gi|166 3772 6227
435 gi|166 8085 8362
436 gi|166 9995 10539
437 gi|166 10414 10677
438 gi|166 10717 10971
439 gi|166 19801 20324
440 gi|166 20371 20651
441 gi|166 28089 28173
442 gi|166 37336 37443
443 gi|166 38880 39288
444 gi|166 39255 39547
445 gi|167 7576 7641
446 gi|168 19495 19792
447 gi|168 20438 22469
448 gi|168 22442 22963
449 gi|168 22892 23142
450 gi|168 23172 23289
451 gi|168 23289 23386
452 gi|168 23914 24116
453 gi|168 24061 24611
454 gi|168 24622 25333
455 gi|168 25317 25425
456 gi|168 25544 25761
457 gi|168 25731 26012
458 gi|168 26003 26325
459 gi|168 26317 30893
460 gi|168 30894 32076
461 gi|168 32089 38545
462 gi|168 38557 39223
463 gi|168 39124 40000
464 gi|169 5134 5352
465 gi|169 36127 36594
466 gi|169 36865 36927
467 gi|169 38797 38982
468 gi|17 1253 1387
469 gi|17 8737 9269
470 gi|17 9675 9820
471 gi|17 11344 11422
472 gi|17 14490 14672
473 gi|17 15595 15807
474 gi|17 17171 17312
475 gi|17 23902 24048
476 gi|17 24119 24997
477 gi|17 24994 25234
478 gi|17 25227 25823
479 gi|17 29061 29282
480 gi|17 29319 30606
481 gi|17 33309 33507
482 gi|17 33956 34432
483 gi|17 34447 34605
484 gi|17 36349 36476
485 gi|170 17299 17700
486 gi|170 18431 18526
487 gi|170 27258 27502
488 gi|170 28705 29206
489 gi|170 29809 29949
490 gi|170 30471 30806
491 gi|170 31415 31558
492 gi|170 35040 35161
493 gi|170 35378 35465
494 gi|170 35587 35665
495 gi|170 35676 35838
496 gi|170 36490 36623
497 gi|171 17523 17633
498 gi|171 39292 39382
499 gi|172 9732 9843
500 gi|172 13460 13549
501 gi|172 13551 13736
502 gi|172 13924 14015
503 gi|172 14002 15096
504 gi|172 15242 15531
505 gi|172 31165 31256
506 gi|172 40362 40503
507 gi|173 228 494
508 gi|173 539 1891
509 gi|173 5261 5872
510 gi|173 6615 7099
511 gi|173 14462 14763
512 gi|173 15077 16188
513 gi|173 16562 16680
514 gi|173 17433 17625
515 gi|173 17625 17763
516 gi|173 18067 18315
517 gi|173 18342 19703
518 gi|173 20783 20930
519 gi|173 21036 21144
520 gi|173 24953 25433
521 gi|173 25478 25630
522 gi|173 28704 29116
523 gi|18 4818 4898
524 gi|18 8058 8672
525 gi|18 9344 9684
526 gi|18 31126 31357
527 gi|18 33449 33714
528 gi|19 4056 4172
529 gi|19 9841 9976
530 gi|19 9962 10317
531 gi|19 10550 10742
532 gi|19 15673 15924
533 gi|19 29256 29368
534 gi|19 29910 32086
535 gi|19 37674 37758
536 gi|19 39260 39438
537 gi|2 18976 19154
538 gi|2 26774 26880
539 gi|20 1292 1368
540 gi|20 8373 8619
541 gi|20 13450 14149
542 gi|20 14076 14246
543 gi|20 14636 14778
544 gi|20 26780 26889
545 gi|20 26917 27060
546 gi|20 27267 27581
547 gi|20 29674 30058
548 gi|20 37391 37619
549 gi|21 29556 29910
550 gi|22 32843 32990
551 gi|23 13927 14080
552 gi|23 14647 14824
553 gi|23 15109 15216
554 gi|23 15238 15519
555 gi|23 15625 16333
556 gi|23 16619 16797
557 gi|23 16808 16926
558 gi|23 16914 17265
559 gi|23 17256 17390
560 gi|23 20535 20609
561 gi|23 35413 35734
562 gi|23 35932 36176
563 gi|24 16071 16192
564 gi|24 16776 16894
565 gi|24 26156 26292
566 gi|24 34881 35131
567 gi|25 7268 8321
568 gi|25 11936 12172
569 gi|25 18951 20461
570 gi|25 27219 27340
571 gi|25 39289 39349
572 gi|26 8230 8406
573 gi|26 33111 34214
574 gi|26 34255 35556
575 gi|27 3994 4047
576 gi|27 19477 19534
577 gi|27 21015 21125
578 gi|28 26721 26801
579 gi|28 31559 31789
580 gi|28 40071 40225
581 gi|29 2025 2314
582 gi|29 2366 2749
583 gi|29 2815 2869
584 gi|29 3899 4081
585 gi|29 4539 4836
586 gi|29 5073 5249
587 gi|29 5479 5690
588 gi|29 9985 10282
589 gi|29 15878 16000
590 gi|29 17753 17930
591 gi|29 24520 24763
592 gi|29 24782 25269
593 gi|29 32959 33809
594 gi|29 33992 34109
595 gi|29 34445 34599
596 gi|29 34804 35231
597 gi|29 35588 35744
598 gi|29 36330 36856
599 gi|29 37702 39185
600 gi|3 31223 31294
601 gi|3 34242 34328
602 gi|3 35212 35579
603 gi|3 35520 35685
604 gi|30 1827 1890
605 gi|30 2455 2579
606 gi|30 3436 3550
607 gi|30 4006 5240
608 gi|30 14669 14956
609 gi|30 17941 18096
610 gi|30 18116 18477
611 gi|30 18472 18742
612 gi|30 28597 28709
613 gi|31 2974 3170
614 gi|31 6726 6989
615 gi|31 7111 7248
616 gi|31 27719 27869
617 gi|31 28132 28259
618 gi|31 28247 28417
619 gi|31 28837 29191
620 gi|32 1717 2058
621 gi|32 2318 2749
622 gi|32 13565 13752
623 gi|32 26652 26854
624 gi|32 27377 27427
625 gi|32 27465 27905
626 gi|32 29247 29283
627 gi|32 32683 34655
628 gi|32 35203 35265
629 gi|32 35774 36084
630 gi|32 38362 38487
631 gi|33 4607 4804
632 gi|33 4967 5158
633 gi|33 20332 20529
634 gi|34 26149 26239
635 gi|34 29818 30125
636 gi|35 22397 22509
637 gi|35 23865 23922
638 gi|35 26157 26347
639 gi|36 1859 1958
640 gi|36 3060 3297
641 gi|36 3344 3475
642 gi|36 6672 6715
643 gi|36 17914 17982
644 gi|36 30350 30459
645 gi|36 37307 38248
646 gi|37 1318 1796
647 gi|37 2076 2206
648 gi|37 4033 4164
649 gi|37 4214 4956
650 gi|37 19397 19558
651 gi|37 19727 19848
652 gi|37 19863 20105
653 gi|37 27934 28001
654 gi|37 32026 32352
655 gi|38 5763 6006
656 gi|38 6444 6597
657 gi|38 27250 27396
658 gi|38 29931 30042
659 gi|38 31483 31721
660 gi|38 31787 31901
661 gi|38 31907 32109
662 gi|38 34264 34377
663 gi|38 34511 34575
664 gi|38 34622 34676
665 gi|39 5523 5615
666 gi|39 5719 5815
667 gi|39 27739 27875
668 gi|4 7447 7701
669 gi|4 9598 9904
670 gi|4 16060 16370
671 gi|4 19513 19886
672 gi|4 19897 20012
673 gi|40 591 714
674 gi|40 4615 4794
675 gi|40 4939 5035
676 gi|40 8502 9473
677 gi|40 12135 12294
678 gi|40 21719 22065
679 gi|40 22231 22278
680 gi|40 32229 32513
681 gi|41 26937 27183
682 gi|41 27935 27996
683 gi|42 3162 3245
684 gi|42 9842 10404
685 gi|42 10380 10725
686 gi|42 15130 15234
687 gi|42 15373 15676
688 gi|42 19779 19971
689 gi|42 25780 26050
690 gi|42 26193 26435
691 gi|43 12354 12530
692 gi|43 22454 22691
693 gi|43 24261 24342
694 gi|43 24811 24909
695 gi|43 25519 26900
696 gi|43 30471 30996
697 gi|43 31749 32047
698 gi|44 4598 4810
699 gi|44 5694 6970
700 gi|44 7570 7728
701 gi|44 9251 9357
702 gi|44 24035 24656
703 gi|44 28465 28522
704 gi|44 28634 29902
705 gi|45 28121 29018
706 gi|45 29035 29144
707 gi|45 29766 29993
708 gi|45 30522 30695
709 gi|45 30975 31214
710 gi|45 32488 32714
711 gi|45 33175 33268
712 gi|46 17991 19786
713 gi|46 29364 29429
714 gi|47 3960 4208
715 gi|47 10380 12525
716 gi|47 13703 14074
717 gi|47 14384 14738
718 gi|47 14734 14806
719 gi|47 14841 14954
720 gi|47 20125 20221
721 gi|47 25600 25802
722 gi|47 26369 27484
723 gi|47 27654 27824
724 gi|47 27938 28071
725 gi|47 29394 29967
726 gi|47 31800 31937
727 gi|48 39500 39550
728 gi|49 1235 1335
729 gi|49 1308 1558
730 gi|49 3663 3848
731 gi|49 4028 4516
732 gi|49 4489 5003
733 gi|49 5225 5422
734 gi|49 25683 26035
735 gi|5 2328 2386
736 gi|5 18284 18542
737 gi|5 26015 26351
738 gi|5 32339 32448
739 gi|5 32898 33054
740 gi|50 8890 8968
741 gi|50 31975 32561
742 gi|51 6587 6677
743 gi|51 16840 17046
744 gi|51 16967 17166
745 gi|51 17184 17277
746 gi|51 19224 19360
747 gi|52 12637 12899
748 gi|52 13067 13574
749 gi|52 13714 13794
750 gi|52 33485 33618
751 gi|52 35225 35365
752 gi|52 36604 36843
753 gi|52 36900 37069
754 gi|53 11441 11555
755 gi|53 11832 12252
756 gi|53 13842 14236
757 gi|53 25414 25515
758 gi|53 25539 25781
759 gi|53 38711 40378
760 gi|54 18895 19065
761 gi|54 29843 30022
762 gi|54 30277 30436
763 gi|55 1 235
764 gi|55 601 961
765 gi|55 1487 1854
766 gi|57 14174 14615
767 gi|58 24047 24427
768 gi|58 28980 29468
769 gi|58 36986 37334
770 gi|59 8409 8526
771 gi|6 13142 13235
772 gi|6 13237 13605
773 gi|6 14015 14257
774 gi|6 14258 14314
775 gi|6 23404 23556
776 gi|6 24089 24255
777 gi|6 25350 25641
778 gi|6 27055 28702
779 gi|6 29149 29289
780 gi|6 29487 29995
781 gi|6 32339 34879
782 gi|6 39474 39626
783 gi|6 39902 39982
784 gi|60 8564 8725
785 gi|60 8676 8790
786 gi|60 8897 9371
787 gi|60 10465 10802
788 gi|60 29025 29232
789 gi|60 29329 29431
790 gi|61 14003 14379
791 gi|61 20011 20145
792 gi|61 20131 20304
793 gi|61 21029 21107
794 gi|61 24096 24170
795 gi|61 28932 29415
796 gi|61 29980 30135
797 gi|62 8297 8772
798 gi|62 31438 31867
799 gi|62 32077 32376
800 gi|62 32351 32418
801 gi|62 40199 40288
802 gi|63 8858 9359
803 gi|63 10795 11465
804 gi|63 17263 17633
805 gi|64 2287 2646
806 gi|64 3802 4113
807 gi|64 5787 5986
808 gi|64 6375 7317
809 gi|64 7806 8644
810 gi|64 39494 39799
811 gi|65 17352 17430
812 gi|65 25438 25533
813 gi|65 26457 26568
814 gi|66 6183 6396
815 gi|66 19524 19723
816 gi|66 26144 26671
817 gi|66 26928 27308
818 gi|66 27359 27489
819 gi|66 27766 27841
820 gi|66 29316 29372
821 gi|66 29761 29823
822 gi|66 30111 30658
823 gi|66 36291 37042
824 gi|67 1015 1105
825 gi|67 2444 2714
826 gi|67 8834 8895
827 gi|67 9046 9138
828 gi|67 17888 17978
829 gi|67 18169 18241
830 gi|67 18587 18764
831 gi|67 19983 20048
832 gi|67 22313 23695
833 gi|67 23763 23857
834 gi|67 24028 24324
835 gi|67 24624 25366
836 gi|67 25293 25461
837 gi|67 25459 25603
838 gi|67 36203 38228
839 gi|67 38346 38792
840 gi|67 38796 38886
841 gi|68 7714 7811
842 gi|68 17681 17773
843 gi|68 17866 18025
844 gi|68 30601 30856
845 gi|68 31191 31629
846 gi|68 34594 34829
847 gi|68 34833 35177
848 gi|68 36500 36729
849 gi|69 1566 1658
850 gi|69 13332 13559
851 gi|7 23615 23746
852 gi|7 24056 24179
853 gi|7 33783 34052
854 gi|7 34053 34215
855 gi|7 34263 34413
856 gi|7 34653 34766
857 gi|7 35142 35356
858 gi|7 35520 35765
859 gi|70 30160 30518
860 gi|70 30504 30816
861 gi|70 32007 32228
862 gi|72 13884 14048
863 gi|72 14100 14592
864 gi|72 14647 14929
865 gi|72 14861 15130
866 gi|72 26002 26060
867 gi|72 26353 27658
868 gi|72 27773 27939
869 gi|72 28643 28963
870 gi|72 28934 29026
871 gi|72 37190 37362
872 gi|72 37913 38074
873 gi|73 17311 17385
874 gi|73 21341 21437
875 gi|74 9687 10067
876 gi|74 11441 11778
877 gi|74 12571 12738
878 gi|74 16277 16376
879 gi|74 17111 17413
880 gi|74 18096 18502
881 gi|74 20229 20517
882 gi|74 20640 20801
883 gi|74 21048 21370
884 gi|74 21964 22148
885 gi|74 23312 23366
886 gi|74 23542 23925
887 gi|74 24037 24362
888 gi|74 25245 25428
889 gi|74 25412 25952
890 gi|74 25904 26165
891 gi|74 26152 26409
892 gi|74 26405 27115
893 gi|74 30967 31187
894 gi|74 31896 31990
895 gi|74 33329 35045
896 gi|74 35012 37464
897 gi|74 38282 39460
898 gi|74 40615 40737
899 gi|75 16095 16162
900 gi|76 32903 33005
901 gi|77 19536 19892
902 gi|77 23683 23794
903 gi|78 979 1101
904 gi|78 1372 1722
905 gi|78 2774 2952
906 gi|78 6924 7068
907 gi|78 7782 8495
908 gi|78 10345 10676
909 gi|78 19565 19885
910 gi|79 12895 13130
911 gi|79 13689 13850
912 gi|79 14027 14648
913 gi|79 14650 14751
914 gi|8 3217 3275
915 gi|8 12503 12568
916 gi|8 17974 18048
917 gi|8 27418 27505
918 gi|8 32203 32468
919 gi|8 32487 32707
920 gi|8 32717 32973
921 gi|80 13542 13710
922 gi|80 13813 14705
923 gi|80 14788 15058
924 gi|80 16923 17644
925 gi|80 17799 19228
926 gi|81 1282 1633
927 gi|81 1779 3236
928 gi|81 4307 4577
929 gi|81 5756 5980
930 gi|81 37224 37671
931 gi|82 10181 10260
932 gi|82 11192 11289
933 gi|82 35552 35644
934 gi|83 14322 14404
935 gi|83 28067 28161
936 gi|83 29020 29241
937 gi|84 12748 12921
938 gi|84 37227 37901
939 gi|85 33415 33734
940 gi|85 33791 34035
941 gi|86 26544 26772
942 gi|86 27110 29017
943 gi|87 1041 1242
944 gi|88 8433 8517
945 gi|88 27259 27396
946 gi|88 37056 38446
947 gi|88 38599 39141
948 gi|88 39765 39972
949 gi|89 2634 2738
950 gi|89 31307 31422
951 gi|9 7794 7881
952 gi|9 29938 30042
953 gi|9 30785 30878
954 gi|90 7260 7379
955 gi|90 10606 10745
956 gi|91 522 1101
957 gi|91 7287 7418
958 gi|91 7640 7823
959 gi|91 8188 8314
960 gi|91 23689 23868
961 gi|92 2675 2940
962 gi|92 8146 8332
963 gi|92 10148 10365
964 gi|92 13307 14539
965 gi|92 14686 14906
966 gi|92 32908 33154
967 gi|92 33246 33688
968 gi|92 34622 34694
969 gi|92 34955 35289
970 gi|93 8395 8453
971 gi|93 8912 9415
972 gi|93 10204 10366
973 gi|93 10373 11258
974 gi|93 11253 12670
975 gi|93 12602 13788
976 gi|93 14152 15828
977 gi|93 16541 16643
978 gi|93 16832 16945
979 gi|93 18077 18244
980 gi|93 19753 20260
981 gi|93 25964 26092
982 gi|93 26095 26658
983 gi|93 28346 28594
984 gi|93 37466 37655
985 gi|93 37804 37876
986 gi|93 38801 38993
987 gi|93 39292 39394
988 gi|94 3763 3837
989 gi|94 4642 5162
990 gi|94 8114 8903
991 gi|94 8895 9005
992 gi|94 14000 14250
993 gi|94 30034 30093
994 gi|94 38887 39067
995 gi|95 6661 6826
996 gi|95 7772 8291
997 gi|97 16109 16362
998 gi|97 21180 22172
999 gi|97 30187 30394
1000 gi|97 39149 39920
1001 gi|98 2335 2449
1002 gi|98 3244 3511
1003 gi|98 5422 6632
1004 gi|98 6750 8042
1005 gi|98 24826 24966
1006 gi|98 30676 30737
1007 gi|98 34799 34861
1008 gi|99 6628 7112
1009 gi|99 7282 7592
1010 gi|99 7684 8201
1011 gi|99 8322 8582
1012 gi|99 9207 9536
1013 gi|99 10867 11004
1014 gi|99 14805 14904
1015 gi|99 15601 15920
1016 gi|99 16499 16893
1017 gi|99 18060 18394
1018 gi|99 19038 19199
1019 gi|99 23091 23653
1020 gi|99 39051 39278
