#  fam    ele   dir  sequence    start     end
     1      1  1       gi|1     2674     2789 
     1     32 -1      gi|26    27578    27692 
     2      2  1       gi|1     4994     7185 
     2     90 -1      gi|39    11809    13208 
     2    133 -1      gi|46    32661    34868 
     2     89 -1      gi|39    11318    11676 
     2     88 -1      gi|39    11220    11340 
     3      3  1       gi|1     8140     8177 
     3     12 -1      gi|17     8390     8467 
     3    235  1      gi|69    30315    30399 
     4      4  1       gi|1    38431    38613 
     4    163  1      gi|53    18481    18661 
     5      5  1      gi|11    13299    13558 
     5      6  1      gi|12     6163     6428 
     6      7  1      gi|12    18404    18464 
     6    251  1      gi|73    10915    10972 
     7      9  1      gi|12    24351    24442 
     7    266  1      gi|69    12759    12985 
     7     98 -1      gi|39    28803    28913 
     7    267 -1      gi|12    23661    23890 
     8     10  1      gi|14    15484    15606 
     8     37 -1       gi|3    30305    30422 
     8     24  1      gi|20    31126    31254 
     8    162 -1      gi|52    36901    36962 
     9     11  1      gi|15    40132    40203 
     9     48  1      gi|32     5683     5755 
    10     13  1      gi|17    29237    29310 
    10    245 -1       gi|7    24999    25073 
    11     14  1      gi|18    13167    13506 
    11    179  1      gi|59    29854    30193 
    12     15  1      gi|18    22355    22561 
    12    252  1      gi|73    12089    12307 
    13     16  1      gi|18    22581    22708 
    13    255  1      gi|73    12920    13056 
    14     17  1      gi|18    31558    31668 
    14     47 -1      gi|32     1963     3137 
    14    187  1      gi|61    22304    23513 
    15     18  1      gi|18    31850    32101 
    15    122 -1      gi|43    24090    24275 
    15    134 -1      gi|47    11648    11802 
    15    174  1      gi|57    21456    21677 
    16     19  1      gi|19    21320    21502 
    16    148  1       gi|5    26104    26286 
    16    194 -1      gi|64    10353    10418 
    17     20  1       gi|2     3063     3234 
    17    192 -1      gi|63     9949    10148 
    17    114  1      gi|43      376      483 
    18     21  1       gi|2    18632    18708 
    18    256  1      gi|73    13064    13170 
    18     87 -1      gi|39     7471     7575 
    18    168  1      gi|55     2019     2130 
    19     22  1       gi|2    31996    32097 
    19    160 -1      gi|52     7649     7911 
    19     83 -1      gi|38    23282    23550 
    20     23  1       gi|2    39306    39438 
    20     30 -1      gi|24     6754     6866 
    20     31 -1      gi|24    12625    12773 
    21     25  1      gi|21    12354    12440 
    21    124 -1      gi|43    27664    27749 
    22     26  1      gi|22    12848    12976 
    22    180  1       gi|6    16935    17066 
    23     27  1      gi|23    32805    32985 
    23     85 -1      gi|39     2134     2283 
    24     28  1      gi|23    38101    38412 
    24    247 -1       gi|7    40062    40376 
    25     29  1      gi|24      296      497 
    25    175 -1      gi|57    25555    25755 
    26     33  1      gi|27    27447    27579 
    26    257  1      gi|75    23313    23451 
    27     34  1      gi|28    13579    14258 
    27    128 -1      gi|45     3867     4574 
    28     35  1      gi|29    20062    20094 
    28    205 -1      gi|67     3168     3600 
    28    105  1      gi|39    38683    39434 
    28    203 -1      gi|67        8      158 
    28    204 -1      gi|67     1027     3123 
    28    104  1      gi|39    36004    38121 
    28    106  1      gi|39    39462    40171 
    29     36  1       gi|3    18901    19061 
    29     46 -1      gi|32     1289     1457 
    30     38  1      gi|30     7766     8289 
    30    218  1      gi|67    15908    16452 
    30    157 -1      gi|51    13588    13760 
    31     39  1      gi|31    13542    13710 
    31    140  1       gi|5    10204    10366 
    32     40  1      gi|31    13813    14705 
    32    141  1       gi|5    10373    11258 
    33     41  1      gi|31    17303    17644 
    33    178 -1      gi|58    22704    23041 
    34     42  1      gi|31    17799    19228 
    34    142  1       gi|5    11253    12670 
    35     44  1      gi|31    20347    20723 
    35    209 -1      gi|67     6963     7336 
    36     45  1      gi|31    20698    21551 
    36    268 -1      gi|67     4039     6120 
    36    271  1      gi|39    33929    36015 
    36    216 -1      gi|67    10756    11718 
    36    286 -1      gi|67     6577     6766 
    36    282  1       gi|5    16440    16593 
    37     49  1      gi|32     5776     5846 
    37    170  1      gi|55    29407    29478 
    38     50  1      gi|32     6285     6782 
    38     72  1      gi|35     1546     2008 
    38    109  1      gi|40     6576     6749 
    38    215  1      gi|67    10359    10565 
    38    226  1      gi|67    33966    34199 
    38    234  1      gi|69    29594    30138 
    39     51  1      gi|32    11869    12317 
    39     78  1      gi|35     5420     5576 
    39    111  1      gi|40    40236    40737 
    39     63 -1      gi|32    38772    39313 
    39     77  1      gi|35     5241     5382 
    39     79  1      gi|35     5557     5642 
    40     52  1      gi|32    13057    13180 
    40     76 -1      gi|35     3639     4640 
    40     55  1      gi|32    24086    24863 
    40     59 -1      gi|32    33290    33952 
    40     60 -1      gi|32    35320    36249 
    40     64 -1      gi|32    39513    39639 
    41     53  1      gi|32    17749    18148 
    42     54  1      gi|32    22462    22861 
    42    110 -1      gi|40    39753    39950 
    43     56  1      gi|32    26708    26859 
    43     73 -1      gi|35     2007     2153 
    43     57 -1      gi|32    30385    30529 
    44     58  1      gi|32    32404    33112 
    44    285  1      gi|35     3562     3751 
    44    284  1      gi|35     3168     3561 
    44    283  1      gi|35     3060     3168 
    44     61  1      gi|32    36577    36719 
    45     62  1      gi|32    36716    36908 
    46     65  1      gi|33     1761     2065 
    46    191 -1      gi|63     8713     9017 
    46     66  1      gi|33     2178     2299 
    47     67  1      gi|33     2351     2484 
    47    190 -1      gi|63     8561     8702 
    48     68  1      gi|33     2790     3069 
    48    189 -1      gi|63     8275     8576 
    49     69  1      gi|33     3312     3481 
    49    188 -1      gi|63     8171     8342 
    50     70  1      gi|33     8217     8757 
    50    154  1      gi|50    31478    32026 
    50    165  1      gi|54    20704    21070 
    51     71  1      gi|34     7260     7379 
    51    159 -1      gi|51    35391    35507 
    52     74  1      gi|35     2522     2968 
    52    263  1       gi|9    11235    11680 
    53     80  1      gi|36     1724     1807 
    53    115  1      gi|43     7569     7665 
    54     81  1      gi|36    26619    27010 
    54    156 -1      gi|50    37507    37878 
    54    167 -1      gi|55      542      811 
    55     82  1      gi|36    27388    28405 
    55    155 -1      gi|50    36253    37263 
    56     84  1      gi|38    38376    38417 
    56    250  1      gi|73    10764    10806 
    57     86  1      gi|39     4400     4753 
    57    231 -1      gi|69    25729    26099 
    58     91  1      gi|39    13785    13905 
    58    223 -1      gi|67    27886    28004 
    59     92  1      gi|39    13899    14606 
    59    222 -1      gi|67    26934    27629 
    60     93  1      gi|39    14582    15829 
    60    221 -1      gi|67    23350    24611 
    61     94  1      gi|39    15837    16534 
    61    220 -1      gi|67    22135    22841 
    62     95  1      gi|39    16525    22101 
    62    219 -1      gi|67    16453    22015 
    62    229  1      gi|69    25411    25475 
    62    230  1      gi|69    25601    25714 
    63     96  1      gi|39    22239    22329 
    63    225 -1      gi|67    30820    30920 
    64     97  1      gi|39    22383    22770 
    64    237  1      gi|69    33576    33956 
    65     99  1      gi|39    30152    31349 
    65    143  1       gi|5    12598    13784 
    66    100  1      gi|39    31461    31568 
    66    144  1       gi|5    13752    13846 
    67    102  1      gi|39    32069    33474 
    67    238  1      gi|69    33977    35467 
    68    107  1       gi|4    18690    18976 
    68    152 -1       gi|5    38530    38826 
    69    108  1       gi|4    24500    24556 
    69    182  1      gi|60    14163    14219 
    70    112  1      gi|42    16078    16207 
    70    253  1      gi|73    12370    12503 
    70    254 -1      gi|73    12798    12918 
    71    113  1      gi|42    37462    37645 
    71    166 -1      gi|54    36396    36554 
    72    116  1      gi|43    21913    22366 
    72    196 -1      gi|64    38858    39112 
    72    214  1      gi|67     9733    10327 
    72    121  1      gi|43    23561    24075 
    73    117  1      gi|43    22648    22756 
    73    211  1      gi|67     8791     8979 
    73    197 -1      gi|64    39624    39746 
    74    118  1      gi|43    22915    23223 
    74    195 -1      gi|64    37816    37965 
    74    212  1      gi|67     8973     9283 
    75    119  1      gi|43    23252    23381 
    75    169 -1      gi|55    24551    24703 
    76    120  1      gi|43    23374    23565 
    76    213  1      gi|67     9279     9487 
    77    123  1      gi|43    26765    26963 
    77    173  1      gi|57    20728    20955 
    78    125  1      gi|44     9062     9326 
    78    176 -1      gi|58    15502    15648 
    78    177 -1      gi|58    19319    19555 
    79    126  1      gi|44    26937    27183 
    79    181 -1      gi|60     4180     4410 
    80    127  1      gi|45     2287     2632 
    80    139  1       gi|5     8914     9215 
    81    129  1      gi|45     5787     5985 
    81    145 -1       gi|5    14531    14728 
    82    130  1      gi|46    29933    29989 
    82    261  1       gi|9     7225     7281 
    83    131  1      gi|46    29987    30746 
    83    262  1       gi|9     7428     8192 
    84    132  1      gi|46    31313    31481 
    84    264 -1       gi|9    13250    13428 
    85    135  1      gi|47    16567    17269 
    85    184  1      gi|61     5689     6376 
    86    136  1      gi|47    17697    18496 
    86    185  1      gi|61     6904     7677 
    86    224  1      gi|67    28068    28243 
    87    137  1      gi|48    34043    34282 
    87    138 -1       gi|5     8473     8719 
    88    147  1       gi|5    19753    20259 
    88    265 -1       gi|9    18806    19339 
    89    149  1       gi|5    31478    31605 
    89    242  1      gi|69    38409    38529 
    89    150  1       gi|5    33997    34115 
    90    151  1       gi|5    37466    37581 
    90    193 -1      gi|64     1854     1968 
    91    153  1       gi|5    38915    39808 
    91    217 -1      gi|67    11719    12610 
    92    158  1      gi|51    27081    27229 
    92    248 -1      gi|72     2533     2669 
    93    161  1      gi|52    14836    14966 
    93    198 -1      gi|65    20865    20971 
    94    164  1      gi|54    10810    10896 
    94    199  1      gi|65    34936    35020 
    95    171  1      gi|56     9897    10010 
    95    246 -1       gi|7    30483    30603 
    96    172  1      gi|56    13672    13759 
    96    227 -1      gi|68     8528     8621 
    97    183  1      gi|60    17596    17661 
    98    186  1      gi|61    10685    10837 
    98    244 -1       gi|7    12218    12361 
    99    200  1      gi|66    13716    14069 
    99    258  1      gi|77    28388    28729 
   100    201  1      gi|66    14840    14958 
   100    259  1      gi|77    29540    29649 
   101    202  1      gi|66    15111    15193 
   101    260  1      gi|77    29830    29912 
   102    206  1      gi|67     3597     3695 
   102    239 -1      gi|69    37191    37289 
   103    210  1      gi|67     7416     7471 
   103    277 -1      gi|69    28864    28919 
   103    280 -1      gi|31    19471    19526 
   104    233  1      gi|69    29341    29425 
   104    274  1      gi|39    31651    31877 
   104    276  1      gi|69    29110    29336 
   104    279  1      gi|69    33122    33346 
   104    273  1      gi|31    19717    19778 
   105    240  1      gi|69    37957    38187 
   105    270  1      gi|39    33461    33926 
   105    241  1      gi|69    38175    38295 
   105    269 -1      gi|67     6124     6586 
   105    287 -1      gi|67     6767     7032 
   106    243  1       gi|7     4253     4517 
   106    249  1      gi|73     2484     2715 
   107    278  1      gi|69    28919    29110 
   107    281  1      gi|31    19527    19716 
