1 gi|1 2674 2789
2 gi|1 4994 7185
3 gi|1 8140 8177
4 gi|1 38431 38613
5 gi|11 13299 13558
6 gi|12 6163 6428
7 gi|12 18404 18464
8 gi|12 23639 23890
9 gi|12 24351 24442
10 gi|14 15484 15606
11 gi|15 40132 40203
12 gi|17 8390 8467
13 gi|17 29237 29310
14 gi|18 13167 13506
15 gi|18 22355 22561
16 gi|18 22581 22708
17 gi|18 31558 31668
18 gi|18 31850 32101
19 gi|19 21320 21502
20 gi|2 3063 3234
21 gi|2 18632 18714
22 gi|2 31996 32097
23 gi|2 39306 39441
24 gi|20 31126 31260
25 gi|21 12354 12440
26 gi|22 12848 12976
27 gi|23 32805 32985
28 gi|23 38101 38412
29 gi|24 296 497
30 gi|24 6754 6866
31 gi|24 12625 12773
32 gi|26 27578 27692
33 gi|27 27447 27579
34 gi|28 13579 14258
35 gi|29 20062 20094
36 gi|3 18901 19061
37 gi|3 30301 30425
38 gi|30 7766 8291
39 gi|31 13542 13710
40 gi|31 13813 14705
41 gi|31 17303 17644
42 gi|31 17799 19228
43 gi|31 19471 19781
44 gi|31 20347 20723
45 gi|31 20698 21551
46 gi|32 1289 1457
47 gi|32 1963 3138
48 gi|32 5683 5755
49 gi|32 5776 5846
50 gi|32 6285 6785
51 gi|32 11869 12317
52 gi|32 13057 13180
53 gi|32 17749 18152
54 gi|32 22462 22865
55 gi|32 24086 24863
56 gi|32 26708 26859
57 gi|32 30385 30529
58 gi|32 32404 33112
59 gi|32 33290 33952
60 gi|32 35320 36249
61 gi|32 36577 36719
62 gi|32 36716 36908
63 gi|32 38772 39313
64 gi|32 39513 39639
65 gi|33 1761 2065
66 gi|33 2178 2299
67 gi|33 2351 2484
68 gi|33 2790 3069
69 gi|33 3312 3481
70 gi|33 8217 8757
71 gi|34 7260 7379
72 gi|35 1546 2011
73 gi|35 2007 2156
74 gi|35 2522 2968
75 gi|35 3060 3751
76 gi|35 3639 4640
77 gi|35 5241 5382
78 gi|35 5420 5576
79 gi|35 5557 5642
80 gi|36 1724 1807
81 gi|36 26619 27010
82 gi|36 27388 28405
83 gi|38 23282 23550
84 gi|38 38376 38417
85 gi|39 2134 2283
86 gi|39 4400 4753
87 gi|39 7465 7575
88 gi|39 11220 11340
89 gi|39 11318 11676
90 gi|39 11809 13208
91 gi|39 13785 13905
92 gi|39 13899 14606
93 gi|39 14582 15829
94 gi|39 15837 16534
95 gi|39 16525 22101
96 gi|39 22239 22329
97 gi|39 22383 22770
98 gi|39 28802 28913
99 gi|39 30152 31349
100 gi|39 31461 31568
101 gi|39 31647 31895
102 gi|39 32069 33474
103 gi|39 33460 36015
104 gi|39 35999 38121
105 gi|39 38680 39434
106 gi|39 39462 40171
107 gi|4 18690 18976
108 gi|4 24500 24556
109 gi|40 6576 6751
110 gi|40 39751 39950
111 gi|40 40236 40737
112 gi|42 16078 16211
113 gi|42 37462 37645
114 gi|43 376 483
115 gi|43 7569 7665
116 gi|43 21913 22366
117 gi|43 22648 22756
118 gi|43 22912 23223
119 gi|43 23252 23381
120 gi|43 23374 23565
121 gi|43 23561 24075
122 gi|43 24090 24275
123 gi|43 26765 26963
124 gi|43 27664 27749
125 gi|44 9062 9326
126 gi|44 26937 27183
127 gi|45 2287 2632
128 gi|45 3867 4574
129 gi|45 5787 5985
130 gi|46 29933 29989
131 gi|46 29987 30746
132 gi|46 31313 31481
133 gi|46 32661 34868
134 gi|47 11648 11802
135 gi|47 16567 17269
136 gi|47 17697 18496
137 gi|48 34043 34282
138 gi|5 8473 8719
139 gi|5 8914 9215
140 gi|5 10204 10366
141 gi|5 10373 11258
142 gi|5 11253 12670
143 gi|5 12598 13784
144 gi|5 13752 13846
145 gi|5 14531 14728
146 gi|5 16428 16593
147 gi|5 19753 20259
148 gi|5 26104 26286
149 gi|5 31478 31605
150 gi|5 33997 34115
151 gi|5 37466 37581
152 gi|5 38530 38826
153 gi|5 38915 39808
154 gi|50 31478 32026
155 gi|50 36253 37263
156 gi|50 37507 37878
157 gi|51 13588 13760
158 gi|51 27081 27229
159 gi|51 35391 35507
160 gi|52 7649 7911
161 gi|52 14836 14966
162 gi|52 36901 36962
163 gi|53 18481 18661
164 gi|54 10810 10896
165 gi|54 20704 21071
166 gi|54 36396 36554
167 gi|55 542 811
168 gi|55 2019 2130
169 gi|55 24551 24703
170 gi|55 29407 29478
171 gi|56 9897 10010
172 gi|56 13672 13759
173 gi|57 20728 20955
174 gi|57 21456 21685
175 gi|57 25555 25755
176 gi|58 15502 15648
177 gi|58 19319 19555
178 gi|58 22704 23041
179 gi|59 29854 30193
180 gi|6 16935 17066
181 gi|60 4180 4410
182 gi|60 14163 14219
183 gi|60 17596 17661
184 gi|61 5689 6376
185 gi|61 6904 7677
186 gi|61 10685 10837
187 gi|61 22304 23513
188 gi|63 8171 8342
189 gi|63 8275 8576
190 gi|63 8561 8702
191 gi|63 8713 9017
192 gi|63 9947 10148
193 gi|64 1854 1968
194 gi|64 10353 10418
195 gi|64 37816 37969
196 gi|64 38858 39112
197 gi|64 39624 39746
198 gi|65 20865 20971
199 gi|65 34936 35020
200 gi|66 13716 14069
201 gi|66 14840 14958
202 gi|66 15111 15193
203 gi|67 7 162
204 gi|67 1027 3124
205 gi|67 3168 3608
206 gi|67 3597 3695
207 gi|67 4039 6587
208 gi|67 6577 7032
209 gi|67 6963 7336
210 gi|67 7413 7471
211 gi|67 8791 8979
212 gi|67 8973 9283
213 gi|67 9279 9487
214 gi|67 9733 10327
215 gi|67 10359 10565
216 gi|67 10756 11718
217 gi|67 11719 12610
218 gi|67 15908 16454
219 gi|67 16453 22015
220 gi|67 22135 22841
221 gi|67 23350 24611
222 gi|67 26934 27629
223 gi|67 27886 28004
224 gi|67 28068 28243
225 gi|67 30820 30920
226 gi|67 33966 34200
227 gi|68 8528 8621
228 gi|69 12759 13008
229 gi|69 25410 25477
230 gi|69 25601 25714
231 gi|69 25729 26099
232 gi|69 28864 29336
233 gi|69 29341 29425
234 gi|69 29594 30140
235 gi|69 30315 30399
236 gi|69 33122 33364
237 gi|69 33576 33956
238 gi|69 33977 35467
239 gi|69 37191 37289
240 gi|69 37957 38187
241 gi|69 38175 38299
242 gi|69 38406 38530
243 gi|7 4253 4517
244 gi|7 12218 12361
245 gi|7 24999 25073
246 gi|7 30483 30603
247 gi|7 40062 40376
248 gi|72 2533 2669
249 gi|73 2484 2715
250 gi|73 10764 10806
251 gi|73 10915 10972
252 gi|73 12089 12307
253 gi|73 12370 12503
254 gi|73 12798 12918
255 gi|73 12920 13056
256 gi|73 13064 13176
257 gi|75 23313 23451
258 gi|77 28388 28729
259 gi|77 29540 29649
260 gi|77 29830 29912
261 gi|9 7225 7281
262 gi|9 7428 8192
263 gi|9 11235 11680
264 gi|9 13250 13428
265 gi|9 18806 19339
