564 611 gi|1 7370 7538 
566 370 gi|1 7374 7466 
568 322 gi|1 7445 7540 
570 303 gi|1 7453 7538 
572 298 gi|1 10612 10772 
574 311 gi|1 10637 10816 
576 282 gi|1 10643 10759 
578 263 gi|1 35645 35807 
544 4365 gi|10 25906 26437 
546 263 gi|10 26017 26159 
548 264 gi|10 26390 26447 
550 687 gi|10 33415 33734 
552 735 gi|10 33791 34035 
1878 893 gi|100 8173 8340 
1876 964 gi|100 8173 8295 
1880 829 gi|100 8179 8285 
1882 832 gi|100 8185 8304 
1884 869 gi|100 8186 8323 
1886 469 gi|100 9264 9380 
2016 274 gi|101 10794 11112 
1361 261 gi|101 11718 11822 
1747 340 gi|101 13189 13631 
715 628 gi|101 13746 14441 
1749 255 gi|101 13749 13847 
1751 409 gi|101 13844 13990 
2018 263 gi|101 15114 15195 
703 277 gi|101 16042 16271 
1579 5699 gi|101 17797 19304 
889 257 gi|102 13916 14005 
1770 622 gi|102 28408 28571 
1934 1136 gi|103 18039 18842 
1936 522 gi|103 18501 18815 
45 251 gi|103 32689 32751 
1547 811 gi|104 5208 5466 
2032 767 gi|104 5208 5445 
2034 373 gi|104 5252 5445 
2036 764 gi|104 5694 5785 
2040 626 gi|104 5694 5784 
2038 698 gi|104 5694 5783 
2042 254 gi|104 29976 30045 
449 349 gi|105 18790 18971 
447 543 gi|105 19264 19450 
445 743 gi|105 20006 20458 
443 383 gi|105 20878 21176 
441 307 gi|105 22156 22220 
439 600 gi|105 22647 23318 
437 352 gi|105 23347 23751 
1639 622 gi|105 24261 24342 
1541 582 gi|105 24263 24341 
1473 358 gi|105 24811 24908 
1954 1384 gi|105 30471 30996 
1956 256 gi|105 35348 35640 
1938 657 gi|106 609 878 
1940 506 gi|106 1463 1520 
1942 363 gi|106 2861 2908 
1341 290 gi|106 20763 20851 
261 286 gi|106 21312 21480 
1337 311 gi|106 23353 23731 
1944 709 gi|106 32747 32943 
1675 279 gi|106 34442 34520 
1931 255 gi|106 35004 35112 
1946 346 gi|106 35014 35143 
1679 264 gi|106 35015 35131 
577 282 gi|106 35015 35131 
1617 339 gi|107 3914 4063 
1561 793 gi|107 3950 4063 
2008 257 gi|107 3956 4040 
1269 782 gi|107 3959 4060 
2010 738 gi|107 3963 4062 
2012 259 gi|107 3963 4045 
2014 331 gi|107 6339 6407 
29 323 gi|107 9443 9535 
1253 274 gi|107 29932 30036 
1812 528 gi|108 17496 17687 
1814 300 gi|108 17502 17579 
1205 375 gi|108 17512 17605 
1545 257 gi|108 21950 22268 
1686 369 gi|109 507 628 
1171 4038 gi|109 778 1711 
1688 874 gi|109 7519 7623 
1690 531 gi|109 7519 7622 
1692 681 gi|109 7519 7621 
1611 453 gi|109 9043 9490 
1694 412 gi|109 9043 9490 
1698 573 gi|109 17885 17993 
1696 893 gi|109 17885 17992 
1700 698 gi|109 17885 17987 
1702 859 gi|109 20307 20411 
1704 578 gi|109 20308 20411 
1706 726 gi|109 20309 20411 
493 324 gi|109 21200 21461 
1159 296 gi|109 21235 21711 
1301 1992 gi|109 21515 21899 
1293 251 gi|109 21966 22118 
1589 896 gi|109 22068 22230 
1708 1264 gi|109 22204 22423 
1710 1277 gi|109 25758 26061 
1712 1272 gi|109 25758 26061 
985 1196 gi|109 25759 26061 
1714 266 gi|109 25768 25886 
989 255 gi|109 25768 25886 
1716 371 gi|109 25770 25985 
1718 383 gi|109 25770 25985 
987 384 gi|109 25770 25985 
105 254 gi|109 25815 25924 
1273 733 gi|109 25999 26091 
1720 9114 gi|109 26089 27854 
1279 533 gi|109 26094 26161 
1283 5987 gi|109 26158 26882 
1722 7882 gi|109 26340 27810 
1287 5369 gi|109 26878 27549 
1295 274 gi|109 27216 27246 
78 691 gi|11 15341 15451 
80 274 gi|11 25729 25883 
82 398 gi|11 26071 26229 
84 285 gi|11 26377 26423 
86 737 gi|11 27308 27670 
88 500 gi|11 28286 28419 
90 260 gi|11 29033 29241 
1966 309 gi|110 13860 13925 
1968 281 gi|110 14556 14659 
977 24106 gi|110 22805 25406 
1970 18497 gi|110 22805 25093 
93 9520 gi|110 22805 24042 
1059 4487 gi|110 22829 23705 
1972 265 gi|110 24166 24202 
1974 2932 gi|110 25070 25425 
1713 1272 gi|110 25116 25407 
1719 383 gi|110 25189 25395 
1715 266 gi|110 25292 25395 
1948 353 gi|111 22779 22991 
1950 295 gi|111 23282 23550 
1952 253 gi|111 38376 38417 
1820 252 gi|112 2675 2788 
1822 455 gi|112 2713 2958 
871 251 gi|112 7299 7379 
1824 422 gi|112 9531 9653 
1826 957 gi|112 9803 10029 
2043 254 gi|112 9872 9931 
1828 286 gi|112 10033 10094 
1830 486 gi|112 10471 10645 
1215 546 gi|112 10545 10788 
1832 365 gi|112 10628 10720 
1834 923 gi|112 10686 11031 
1836 317 gi|112 10854 11067 
1838 336 gi|112 10854 11037 
1840 353 gi|112 13427 13509 
1842 332 gi|112 13442 13491 
1513 1483 gi|112 13611 14436 
1844 411 gi|112 13611 13680 
1846 540 gi|112 13730 13834 
1848 441 gi|112 13730 13834 
1850 4178 gi|112 13969 15223 
1852 3992 gi|112 13975 15138 
1854 629 gi|112 14110 14832 
1507 1127 gi|112 14676 15246 
735 626 gi|112 17504 17622 
1231 894 gi|112 17508 17823 
1858 828 gi|112 17511 17716 
1856 1299 gi|112 17511 17679 
1860 252 gi|112 17537 17567 
1862 1151 gi|112 18014 18180 
1864 364 gi|112 18439 18597 
1866 1452 gi|112 19465 20012 
1083 292 gi|112 19934 20015 
57 811 gi|112 30190 30365 
1868 705 gi|112 30196 30365 
65 771 gi|112 30226 30343 
1870 676 gi|112 30226 30332 
69 860 gi|112 35748 35870 
1872 713 gi|112 35749 35893 
1874 746 gi|112 35760 35888 
59 760 gi|112 35764 35868 
165 465 gi|113 11326 11651 
1105 263 gi|113 11401 11559 
1107 337 gi|113 11582 11749 
1816 261 gi|113 14166 14225 
1818 453 gi|113 17263 17633 
1591 262 gi|115 26354 26466 
861 264 gi|115 26726 26817 
1976 1026 gi|115 29470 29759 
1978 273 gi|115 29532 29702 
1369 320 gi|115 32805 32985 
599 302 gi|115 32821 32916 
1980 292 gi|115 32883 32981 
763 392 gi|115 32910 33012 
1183 723 gi|115 38101 38412 
1902 547 gi|116 5724 5792 
1977 1026 gi|116 7995 8325 
109 806 gi|116 8064 8195 
111 1558 gi|116 8297 8480 
117 712 gi|116 8466 8549 
1904 834 gi|116 9135 9257 
1621 474 gi|116 9136 9256 
1906 330 gi|116 9140 9243 
1908 1116 gi|116 11053 11267 
1910 861 gi|116 11271 11405 
249 733 gi|116 20348 20836 
251 509 gi|116 20378 20680 
1912 250 gi|116 28728 28800 
1914 628 gi|116 35000 35246 
1916 1212 gi|116 35001 35327 
1447 398 gi|116 35005 35116 
309 282 gi|116 35041 35120 
1457 382 gi|116 35064 35218 
1918 515 gi|116 35115 35330 
103 266 gi|116 35325 35431 
131 301 gi|116 35450 35599 
1920 271 gi|116 35468 35585 
783 2472 gi|116 36221 37899 
1527 338 gi|116 36844 36981 
1979 273 gi|116 38020 38191 
1167 551 gi|116 38340 38436 
545 4365 gi|116 38638 39162 
1085 258 gi|116 39126 39168 
1982 14473 gi|117 8449 10620 
1843 332 gi|117 8450 8499 
1517 2330 gi|117 8558 9268 
1845 411 gi|117 8564 8633 
1847 540 gi|117 8630 8734 
1851 4178 gi|117 8867 10121 
1984 494 gi|117 8912 9775 
1505 1729 gi|117 9571 10261 
1939 657 gi|117 12412 12679 
1071 260 gi|117 14692 14844 
1986 272 gi|117 15133 15252 
1988 373 gi|117 15931 16222 
1990 557 gi|117 29914 30158 
1992 515 gi|117 29918 30085 
1994 790 gi|117 29938 30274 
1996 285 gi|117 29967 30196 
1998 339 gi|117 30151 30274 
2000 472 gi|117 30533 30811 
2002 764 gi|117 30875 31361 
2004 627 gi|117 30878 31225 
2006 311 gi|117 30898 31218 
1465 261 gi|117 36707 36963 
1888 403 gi|118 18897 19024 
1599 667 gi|118 18901 19061 
1890 291 gi|118 29843 29944 
1892 291 gi|118 29875 30022 
1894 391 gi|118 30277 30380 
1896 359 gi|118 30301 30425 
1898 409 gi|118 30309 30428 
1900 340 gi|118 30310 30436 
1429 376 gi|119 3537 3632 
579 263 gi|119 7127 7276 
1772 353 gi|119 22111 22327 
1041 1969 gi|119 22716 23242 
1075 717 gi|119 23014 23217 
1033 852 gi|119 23259 23454 
1031 2273 gi|119 23445 24206 
1029 313 gi|119 24244 24312 
1045 304 gi|119 24244 24312 
1774 275 gi|119 24353 24401 
1199 501 gi|119 34119 34253 
1201 350 gi|119 34603 34719 
436 352 gi|12 13955 14327 
438 600 gi|12 14474 15187 
440 307 gi|12 15750 15812 
442 383 gi|12 18039 18339 
444 743 gi|12 18755 19177 
446 543 gi|12 19680 19921 
448 349 gi|12 20238 20428 
2020 251 gi|120 4537 4792 
2022 325 gi|120 21988 22149 
1949 353 gi|120 22186 22393 
1801 257 gi|120 37459 37553 
1805 309 gi|120 37465 37649 
1795 407 gi|120 37539 37896 
1799 503 gi|120 37616 37916 
1803 466 gi|120 37661 38027 
1797 430 gi|120 37842 38278 
1811 313 gi|120 37870 38231 
1807 310 gi|120 37874 38222 
1809 294 gi|120 38032 38234 
2024 267 gi|121 9218 9372 
2026 262 gi|121 20489 20599 
1521 295 gi|121 20489 20598 
1985 494 gi|121 20809 21625 
2028 529 gi|121 20809 21625 
1855 629 gi|121 20849 21584 
1519 264 gi|121 20862 20953 
2030 267 gi|121 35823 35899 
767 336 gi|121 35823 35868 
887 1727 gi|121 37584 37950 
1771 622 gi|121 38272 38427 
247 283 gi|122 31223 31294 
969 261 gi|122 34242 34310 
243 268 gi|122 34267 34328 
961 345 gi|122 35212 35563 
1115 450 gi|122 35220 35402 
1673 303 gi|122 35228 35416 
1958 295 gi|122 35268 35333 
1960 293 gi|122 35294 35353 
1962 260 gi|122 35307 35579 
1113 299 gi|122 35520 35685 
1964 307 gi|122 35637 35733 
1025 250 gi|123 2610 2740 
1027 298 gi|123 3178 3305 
2044 352 gi|123 19029 19176 
935 298 gi|123 19030 19183 
3 2571 gi|123 23371 24769 
2046 4103 gi|123 29933 31727 
2048 6010 gi|123 32185 34228 
1777 362 gi|123 37402 37645 
2050 412 gi|123 37771 37997 
1919 515 gi|124 418 621 
2052 326 gi|124 418 520 
1461 419 gi|124 418 519 
1327 734 gi|124 632 936 
43 428 gi|124 636 884 
2054 775 gi|124 637 939 
143 442 gi|124 666 894 
2056 794 gi|124 729 938 
2058 319 gi|124 729 795 
2060 612 gi|124 730 928 
1741 414 gi|124 733 938 
2062 638 gi|124 744 945 
1443 267 gi|124 4461 4626 
1257 253 gi|124 6574 6630 
1601 1504 gi|124 9758 10390 
2064 315 gi|124 10177 10382 
1917 1212 gi|124 10397 10731 
2066 258 gi|124 10494 10604 
2068 438 gi|124 10516 10734 
1459 480 gi|124 10517 10657 
771 363 gi|124 10573 10787 
305 256 gi|124 10613 10767 
2070 266 gi|124 14676 14801 
2072 279 gi|124 14679 14787 
911 470 gi|124 14681 14856 
1889 403 gi|124 15039 15160 
289 465 gi|124 22929 23013 
287 423 gi|124 23037 23296 
285 386 gi|124 23496 23674 
2074 330 gi|125 27274 27386 
1907 330 gi|125 27274 27380 
1627 583 gi|125 27274 27378 
1271 274 gi|125 27283 27392 
1567 291 gi|125 27283 27378 
2013 259 gi|125 27283 27378 
2076 283 gi|125 27283 27378 
2078 646 gi|125 34921 35501 
2080 7827 gi|125 37056 38446 
2082 2501 gi|125 38599 39141 
2084 326 gi|125 39765 39972 
1665 251 gi|126 6877 6922 
1667 250 gi|126 6877 6916 
1649 315 gi|126 6878 6926 
821 15600 gi|126 10649 12416 
2098 14591 gi|126 10796 12416 
851 297 gi|126 13193 13312 
2100 3843 gi|126 13380 13976 
853 326 gi|126 13772 13956 
2102 5301 gi|126 14420 15399 
2104 420 gi|126 15486 15628 
2106 637 gi|126 15629 15768 
1425 22523 gi|126 15914 18541 
325 251 gi|126 16496 16620 
2108 413 gi|126 18895 18985 
2110 594 gi|126 18970 19147 
177 372 gi|126 19863 20089 
1413 719 gi|126 20500 20645 
2112 369 gi|126 20529 20664 
2114 11989 gi|126 20777 22604 
2116 5589 gi|126 20790 21643 
727 1159 gi|126 20793 21005 
1229 1359 gi|126 21404 21643 
1381 276 gi|126 22785 22847 
1383 375 gi|126 23163 23280 
1419 287 gi|126 23163 23280 
1371 342 gi|126 23163 23276 
1373 357 gi|126 23407 23523 
1385 405 gi|126 23410 23523 
1375 400 gi|126 23995 24234 
1387 304 gi|126 24143 24242 
1363 499 gi|126 24985 25154 
2118 468 gi|126 26931 27508 
2120 275 gi|126 27722 27798 
2122 327 gi|126 35048 35158 
2124 320 gi|126 35381 35645 
2134 262 gi|127 12997 13530 
2136 255 gi|127 14143 14211 
2138 905 gi|127 28121 29018 
2140 529 gi|127 29766 29993 
2142 1094 gi|127 30276 30451 
2144 473 gi|127 30794 30861 
2146 303 gi|127 32449 32614 
2148 278 gi|127 32456 32556 
2150 381 gi|127 32491 32689 
2152 295 gi|127 32495 32638 
593 386 gi|127 33175 33268 
933 271 gi|127 34629 34708 
2047 4103 gi|127 35971 37738 
1941 506 gi|128 15168 15225 
1629 1260 gi|128 31710 32437 
1 348 gi|128 32063 32274 
1633 448 gi|128 32700 32923 
1635 1142 gi|128 33038 33920 
2126 1261 gi|128 37861 38438 
2128 345 gi|128 37869 37959 
2130 927 gi|128 38466 38812 
2132 292 gi|128 38995 39145 
1035 283 gi|129 3534 3848 
1195 260 gi|129 18389 18473 
73 283 gi|129 38703 38792 
94 9470 gi|13 5754 6983 
96 9394 gi|13 5754 6981 
92 9520 gi|13 5754 6978 
98 1363 gi|13 6097 6308 
100 3221 gi|13 6318 6958 
102 266 gi|13 7106 7218 
104 254 gi|13 7109 7220 
106 809 gi|13 7813 8019 
108 806 gi|13 9690 9817 
110 1558 gi|13 9794 9979 
112 4452 gi|13 9957 10540 
114 3928 gi|13 9968 10508 
116 712 gi|13 10509 10592 
118 302 gi|13 10629 10683 
120 465 gi|13 10694 10792 
122 409 gi|13 18866 19007 
126 318 gi|13 18901 19013 
124 447 gi|13 18901 19012 
128 785 gi|13 23213 23791 
130 301 gi|13 24107 24282 
132 596 gi|13 24118 24318 
134 306 gi|13 24131 24224 
138 2014 gi|13 26247 26486 
136 1546 gi|13 26247 26482 
140 326 gi|13 32887 33066 
142 442 gi|13 32893 33087 
144 348 gi|13 32902 33073 
146 376 gi|13 32908 33073 
148 382 gi|13 32924 33070 
152 309 gi|13 32932 33070 
150 436 gi|13 32932 33069 
154 433 gi|13 32935 33079 
156 560 gi|13 33102 33240 
158 594 gi|13 33941 34730 
1861 252 gi|130 14170 14200 
2192 793 gi|130 15024 15193 
1857 1299 gi|130 15024 15192 
733 687 gi|130 15081 15193 
845 990 gi|130 20587 21216 
2194 607 gi|130 21195 22409 
841 921 gi|130 21215 21497 
837 1632 gi|130 21514 22904 
2196 296 gi|130 22396 22551 
1685 807 gi|130 36720 36904 
1683 2801 gi|130 37120 38510 
1129 253 gi|130 37120 37182 
1133 304 gi|130 37366 37493 
1135 651 gi|130 37578 37944 
1137 646 gi|130 38099 38555 
1681 805 gi|130 38512 38742 
1197 992 gi|131 16935 17066 
2254 253 gi|131 17028 17072 
2256 730 gi|131 38605 38741 
2258 679 gi|131 38640 38743 
2039 698 gi|131 38642 38732 
793 263 gi|132 8639 8711 
795 319 gi|132 9112 9364 
2286 775 gi|132 26333 26709 
2288 460 gi|132 26333 26619 
359 485 gi|132 26343 26568 
687 913 gi|132 26348 26751 
2290 521 gi|132 26348 26609 
805 815 gi|132 26349 26750 
399 751 gi|132 26420 26772 
1655 759 gi|132 26451 26751 
1491 620 gi|132 26490 26729 
1147 462 gi|132 26523 26750 
2292 336 gi|132 26626 26750 
2294 642 gi|132 30285 30515 
1099 913 gi|132 30337 30515 
2296 595 gi|132 30337 30515 
649 330 gi|132 30367 30421 
2017 274 gi|132 31363 31674 
675 280 gi|132 31838 31957 
2086 1060 gi|133 636 869 
2088 696 gi|133 2723 2831 
1697 893 gi|133 2723 2830 
1689 874 gi|133 2723 2827 
1703 859 gi|133 2723 2827 
1699 573 gi|133 26371 26478 
2090 671 gi|133 26373 26478 
1691 531 gi|133 26375 26478 
1705 578 gi|133 26375 26478 
1893 291 gi|133 33226 33376 
2092 441 gi|133 33494 33634 
541 252 gi|133 33694 33733 
1901 340 gi|133 33696 33822 
2094 535 gi|133 34159 34567 
2096 253 gi|133 34508 34585 
1899 409 gi|133 34514 34635 
2218 255 gi|134 6681 6763 
2220 985 gi|134 21141 21420 
203 658 gi|134 38780 39053 
601 304 gi|134 38791 38890 
2222 417 gi|134 38792 39053 
2224 269 gi|134 38909 38950 
1089 266 gi|135 6901 7050 
1787 1551 gi|135 11612 11829 
2276 251 gi|135 15715 15761 
435 310 gi|135 35754 35848 
2081 7827 gi|135 37754 39238 
2085 326 gi|135 38823 39033 
2083 2501 gi|135 39234 39797 
2278 261 gi|135 40552 40598 
467 691 gi|136 4790 5124 
463 356 gi|136 5563 5923 
2170 304 gi|136 34498 34714 
2172 318 gi|136 34512 34777 
2174 743 gi|136 34526 35120 
2176 435 gi|136 35627 35708 
2178 267 gi|136 36950 37004 
555 876 gi|137 30730 31623 
2280 488 gi|137 36682 36755 
2282 411 gi|137 36682 36754 
2059 319 gi|137 36682 36744 
2284 253 gi|137 36684 36755 
1187 1444 gi|138 2226 2611 
1191 2939 gi|138 2611 3631 
2023 325 gi|138 7502 7663 
1951 295 gi|138 7649 7911 
2246 261 gi|138 7693 7830 
1049 264 gi|138 7763 7858 
2179 267 gi|138 21794 21841 
2177 435 gi|138 23149 23230 
2175 743 gi|138 23935 24589 
2171 304 gi|138 24214 24439 
2173 318 gi|138 24217 24461 
2248 251 gi|138 24225 24389 
2095 535 gi|138 36539 36959 
2093 441 gi|138 36741 36884 
2250 286 gi|138 36894 36960 
2252 274 gi|138 36901 36962 
1073 254 gi|139 21016 21133 
1821 252 gi|139 25596 25703 
1263 250 gi|139 29634 29801 
1869 705 gi|139 29661 29816 
1873 713 gi|139 29671 29810 
2228 759 gi|139 29672 29785 
71 638 gi|139 29688 29792 
63 662 gi|139 29689 29785 
2230 567 gi|139 38037 38106 
2232 299 gi|139 38259 38293 
2234 3372 gi|139 38415 38956 
2236 267 gi|139 39021 39052 
204 259 gi|14 2663 2694 
206 5222 gi|14 2846 3448 
208 4231 gi|14 3462 3968 
210 3807 gi|14 3533 3968 
139 2014 gi|14 3965 4211 
212 1596 gi|14 3969 4211 
216 2939 gi|14 4263 4697 
214 2874 gi|14 4263 4634 
218 327 gi|14 7065 7127 
220 687 gi|14 7201 7422 
222 1501 gi|14 7513 7695 
224 265 gi|14 15672 15784 
226 401 gi|14 18968 19159 
228 458 gi|14 25546 25833 
230 391 gi|14 25587 25700 
232 314 gi|14 26339 26643 
234 589 gi|14 26715 27171 
236 429 gi|14 27011 27186 
238 282 gi|14 31502 31589 
240 303 gi|14 34986 35144 
1569 641 gi|140 9987 10122 
1181 444 gi|140 13960 14332 
1053 1578 gi|140 21001 21176 
1015 996 gi|140 21029 21174 
1011 1234 gi|141 10240 10835 
255 1379 gi|141 10294 10850 
2180 1093 gi|141 10369 10842 
2182 257 gi|141 11005 11163 
2184 316 gi|141 18778 18961 
2186 791 gi|141 25350 25602 
539 582 gi|141 31732 32243 
543 382 gi|141 32996 33573 
2055 775 gi|141 33994 34305 
1331 369 gi|141 33994 34302 
33 479 gi|141 33996 34258 
1735 476 gi|141 34011 34312 
145 348 gi|141 34037 34234 
2188 906 gi|141 34061 34312 
2283 411 gi|141 34061 34132 
2190 563 gi|141 34085 34304 
341 285 gi|141 34446 34489 
1775 275 gi|141 34458 34505 
1091 263 gi|142 9900 9969 
191 306 gi|142 36185 36305 
1997 285 gi|142 39622 39905 
2260 554 gi|142 39667 39934 
2259 679 gi|143 23664 23757 
2226 673 gi|143 23665 23759 
2041 626 gi|143 23674 23755 
1793 355 gi|143 39253 39443 
2154 407 gi|145 274 409 
2156 1180 gi|145 568 1566 
571 303 gi|145 6812 6901 
2127 1261 gi|145 9842 10404 
2131 927 gi|145 10380 10725 
2133 292 gi|145 10860 11019 
205 259 gi|145 14688 14719 
2158 4939 gi|145 14813 15425 
461 250 gi|145 15141 15200 
879 607 gi|145 15383 15647 
2160 443 gi|145 15397 15667 
1377 295 gi|145 15473 15611 
209 4231 gi|145 15670 16178 
2162 6490 gi|145 15741 16556 
217 2939 gi|145 16174 16644 
891 268 gi|145 28906 28984 
789 278 gi|145 33424 33552 
2164 761 gi|145 38879 38987 
2166 752 gi|145 38888 38987 
1349 282 gi|146 5867 5967 
1179 830 gi|146 5869 5994 
397 831 gi|146 7504 7699 
801 542 gi|146 7550 7699 
1657 413 gi|146 7568 7691 
2293 336 gi|146 7568 7690 
695 479 gi|146 7569 7690 
1499 511 gi|146 7571 7699 
2019 263 gi|146 15386 15459 
2079 646 gi|146 20131 20681 
781 286 gi|146 26138 26213 
1975 2932 gi|146 29003 29363 
1711 1277 gi|146 29027 29318 
983 2842 gi|146 29028 29363 
1717 371 gi|146 29039 29245 
1721 9114 gi|146 29511 31270 
1281 3653 gi|146 29573 30300 
2168 12058 gi|146 29756 31226 
1289 3507 gi|146 30297 30967 
1709 1264 gi|146 31304 31523 
167 294 gi|146 31891 31987 
975 18368 gi|146 33577 35891 
1971 18497 gi|146 33577 35888 
1973 265 gi|146 34515 34549 
981 265 gi|146 34515 34549 
95 9470 gi|146 34674 35893 
1069 1641 gi|146 35011 35238 
1061 3279 gi|146 35224 35864 
2238 305 gi|147 1664 1778 
2240 256 gi|147 1684 1843 
2242 370 gi|147 1722 1810 
1217 283 gi|147 10309 10429 
1833 365 gi|147 10351 10438 
2244 259 gi|147 19030 19076 
1669 262 gi|147 24139 24300 
1117 263 gi|147 24567 24610 
1959 295 gi|147 24571 24636 
1943 363 gi|147 25628 25675 
1003 282 gi|147 26619 26884 
1087 281 gi|147 27679 27909 
1615 301 gi|147 35032 35147 
523 256 gi|148 4088 4147 
1307 482 gi|148 6937 7104 
1767 342 gi|148 7123 7307 
1765 474 gi|148 7259 7376 
1305 372 gi|148 7289 7375 
1469 323 gi|148 7580 7702 
2202 310 gi|148 7602 7670 
2204 419 gi|148 7606 7700 
2206 654 gi|148 8020 8184 
1781 335 gi|148 8168 8279 
567 370 gi|148 8189 8279 
971 266 gi|148 9985 10221 
973 274 gi|148 10470 10537 
1937 522 gi|149 13923 14236 
2298 277 gi|149 13935 14090 
2300 285 gi|149 13975 14236 
2302 719 gi|149 24909 25139 
999 607 gi|149 25538 25706 
2304 810 gi|149 25539 25781 
283 454 gi|149 25589 25758 
252 1140 gi|15 10421 11014 
254 1379 gi|15 10428 11029 
256 938 gi|15 10505 11012 
258 778 gi|15 13771 14403 
260 286 gi|15 22598 22759 
262 254 gi|15 32376 32458 
264 316 gi|15 32577 32799 
1259 254 gi|150 3909 3982 
1219 264 gi|150 13282 13400 
2262 2134 gi|150 13289 13553 
2264 980 gi|150 13290 13456 
1839 336 gi|150 13298 13437 
2266 693 gi|150 14002 14128 
1067 346 gi|150 14002 14057 
671 462 gi|150 14003 14126 
2268 328 gi|150 14384 14427 
1663 519 gi|150 14651 14869 
1233 1149 gi|150 14663 15096 
1275 506 gi|150 14663 14840 
2270 274 gi|150 14677 14723 
1773 353 gi|150 14691 14904 
2272 1774 gi|150 15272 15531 
389 483 gi|150 31157 31240 
2274 352 gi|150 31165 31256 
2306 253 gi|151 10422 10492 
1433 426 gi|151 27269 27512 
2308 279 gi|152 6027 6103 
2310 344 gi|152 18800 18982 
2312 257 gi|152 28067 28161 
2314 329 gi|152 29020 29237 
1509 261 gi|152 33540 33654 
2181 1093 gi|152 35299 35773 
257 938 gi|152 35301 35763 
1013 800 gi|152 35306 35763 
2183 257 gi|152 35935 36090 
823 33352 gi|153 5956 9742 
2099 14591 gi|153 8118 9742 
1647 366 gi|153 11512 11819 
1645 265 gi|153 11901 11975 
1643 302 gi|153 12571 12713 
2119 468 gi|153 16616 17191 
1417 862 gi|153 16700 17486 
2121 275 gi|153 17235 17314 
513 279 gi|153 26407 26455 
2129 345 gi|153 26455 26544 
2315 329 gi|153 30967 31187 
2313 257 gi|153 31896 31990 
2198 7494 gi|153 38750 39541 
2200 5066 gi|153 38751 39399 
1631 776 gi|153 39603 40141 
1785 523 gi|154 39968 40159 
1367 336 gi|155 323 933 
1321 257 gi|155 1537 1587 
1169 1437 gi|155 9982 10351 
1245 14565 gi|155 12542 15250 
1243 296 gi|155 15762 15964 
1017 385 gi|155 16513 16661 
1319 425 gi|155 16520 16710 
49 731 gi|155 16569 16731 
1607 932 gi|155 16569 16722 
1329 400 gi|156 3139 3400 
1733 1176 gi|156 3141 3398 
2208 586 gi|156 3142 3399 
2210 621 gi|156 3168 3399 
153 309 gi|156 3168 3338 
35 418 gi|156 3169 3363 
2285 253 gi|156 3174 3251 
2061 612 gi|156 3187 3399 
1867 1452 gi|156 8826 9344 
1865 364 gi|156 9415 9592 
2212 346 gi|156 18010 18232 
699 307 gi|156 18955 19042 
1317 457 gi|156 29115 29214 
563 660 gi|156 29115 29213 
2214 629 gi|156 29115 29210 
2216 321 gi|156 29116 29212 
1165 281 gi|158 2484 2715 
1953 253 gi|158 10764 10806 
937 1152 gi|158 12089 12307 
2045 352 gi|158 12089 12242 
1761 622 gi|158 12364 12507 
2324 546 gi|158 12370 12503 
1755 706 gi|158 12375 12556 
1757 316 gi|158 12765 12900 
1759 572 gi|158 12774 12940 
2326 363 gi|158 12798 12918 
945 491 gi|158 12920 13056 
1453 496 gi|158 12962 13064 
1389 352 gi|158 13064 13167 
1007 434 gi|158 13065 13176 
2328 380 gi|158 13065 13172 
745 406 gi|158 13068 13167 
2201 5066 gi|159 343 977 
2316 5067 gi|159 343 977 
2318 708 gi|159 13803 13989 
2320 520 gi|159 23251 23567 
1185 359 gi|159 24580 24788 
1189 402 gi|159 25136 25408 
1651 4420 gi|159 31914 32716 
665 307 gi|159 32678 32716 
1637 1340 gi|159 33076 33524 
2105 420 gi|159 34071 34213 
2107 637 gi|159 34292 34437 
1585 1426 gi|159 34996 35200 
2322 13335 gi|159 35707 37613 
343 256 gi|159 36189 36260 
2117 5589 gi|159 36772 37613 
731 1109 gi|159 36778 37000 
1227 1847 gi|159 37373 37613 
284 386 gi|16 12942 13120 
286 423 gi|16 13263 13508 
288 465 gi|16 13477 13562 
2346 292 gi|160 9364 9467 
875 335 gi|160 13922 14014 
1379 285 gi|160 13923 14014 
133 596 gi|160 14307 14516 
1921 271 gi|160 14309 14436 
1583 290 gi|160 14350 14436 
557 337 gi|160 14673 14794 
1315 453 gi|160 14677 14792 
2348 426 gi|160 14680 14808 
2217 321 gi|160 14699 14784 
2350 299 gi|160 15296 15335 
1501 256 gi|160 19139 19204 
1769 797 gi|160 22832 23338 
2352 262 gi|161 10944 11024 
1891 291 gi|161 19163 19258 
1895 391 gi|161 19639 19733 
2251 286 gi|161 19648 19716 
2354 268 gi|161 19654 19720 
2097 253 gi|161 19656 19733 
895 542 gi|161 31556 31756 
859 435 gi|161 31562 31707 
2330 377 gi|162 11770 11823 
2332 456 gi|162 12245 12612 
1241 689 gi|162 12533 12610 
791 298 gi|162 16285 16375 
1641 539 gi|162 16373 16454 
1405 44410 gi|162 16453 22015 
2334 412 gi|162 19346 19585 
2336 283 gi|162 19613 19705 
2338 294 gi|162 19712 19848 
2340 609 gi|162 19723 19983 
15 283 gi|162 19765 19878 
7 251 gi|162 19908 19973 
1403 2698 gi|162 22135 22841 
1401 7567 gi|162 23350 24611 
2342 441 gi|162 24703 24983 
881 598 gi|162 24720 25086 
1399 4817 gi|162 26934 27629 
1397 669 gi|162 27886 28004 
1161 1084 gi|162 28068 28243 
2344 1066 gi|162 28068 28243 
2113 369 gi|162 30820 30948 
1415 403 gi|162 30820 30920 
2109 413 gi|162 31125 31210 
1247 3080 gi|163 28663 29145 
995 760 gi|163 28937 29136 
1725 909 gi|163 29029 29145 
2157 1180 gi|163 39536 40551 
2155 407 gi|163 40592 40727 
777 735 gi|164 5641 5993 
479 306 gi|164 34362 34466 
2245 259 gi|166 17048 17097 
423 462 gi|166 28980 29251 
877 880 gi|166 29001 29462 
2161 443 gi|166 29045 29332 
2343 441 gi|166 29081 29381 
1543 278 gi|166 37116 37248 
2368 2431 gi|167 6246 7677 
2147 303 gi|167 37296 37460 
2372 324 gi|167 37296 37453 
2370 366 gi|167 37296 37424 
905 271 gi|167 37297 37468 
2374 327 gi|167 37326 37491 
1913 250 gi|168 115 187 
2388 2703 gi|168 8853 9267 
2390 793 gi|168 8853 9074 
1831 486 gi|168 9659 9834 
2263 2134 gi|168 9736 9999 
2392 1074 gi|168 9833 10031 
1837 317 gi|168 9852 10023 
1221 251 gi|168 9885 10006 
885 375 gi|168 10012 10088 
1605 940 gi|168 36078 36387 
1441 916 gi|168 36078 36379 
297 621 gi|168 36090 36373 
2394 254 gi|168 36479 36559 
1055 339 gi|169 19700 19881 
537 311 gi|169 22778 22864 
1825 422 gi|169 37156 37284 
2289 460 gi|169 37887 38127 
813 837 gi|169 37901 38125 
2382 981 gi|169 37901 38118 
1483 515 gi|169 37901 38007 
381 280 gi|169 37901 37989 
2384 527 gi|169 37911 38117 
689 974 gi|169 37918 38132 
1661 773 gi|169 37918 38115 
357 428 gi|169 37918 38112 
1141 356 gi|169 37923 38140 
417 630 gi|169 37945 38125 
1489 589 gi|169 38017 38127 
1813 528 gi|170 35696 35892 
2247 261 gi|170 35757 35898 
2400 331 gi|170 35764 35873 
1203 669 gi|170 35781 36042 
2402 283 gi|170 35800 35889 
1209 292 gi|170 36109 36204 
535 265 gi|172 322 465 
531 907 gi|172 567 2052 
527 255 gi|172 2044 2125 
2366 254 gi|172 16095 16162 
525 261 gi|172 17644 17741 
529 902 gi|172 17719 18339 
533 522 gi|172 18464 19473 
797 252 gi|172 20066 20144 
1613 438 gi|172 21134 21225 
2249 251 gi|172 23844 24011 
1933 683 gi|173 15108 15220 
1571 4361 gi|173 34550 35094 
115 3928 gi|173 34550 35091 
2396 1137 gi|173 35419 35662 
2295 642 gi|173 35433 35688 
1101 532 gi|173 35433 35639 
651 473 gi|173 35528 35600 
633 327 gi|173 35595 35634 
137 1546 gi|173 36070 36307 
213 1596 gi|173 36070 36307 
2015 331 gi|173 36408 36473 
2143 1094 gi|173 36702 36887 
2187 791 gi|173 36902 37161 
2398 3410 gi|173 38793 39415 
2307 253 gi|173 39101 39180 
1737 682 gi|173 39135 39458 
2063 638 gi|173 39209 39415 
2191 563 gi|173 39216 39415 
2209 586 gi|173 39226 39476 
1335 509 gi|173 39233 39386 
31 431 gi|173 39247 39418 
155 433 gi|173 39279 39426 
2386 394 gi|174 28941 29231 
269 266 gi|174 29366 29439 
481 852 gi|174 32247 32801 
1421 330 gi|174 37916 38023 
1423 253 gi|174 39669 39742 
1407 550 gi|175 8272 8526 
2341 609 gi|175 8272 8526 
9 259 gi|175 8286 8344 
2111 594 gi|175 8606 8777 
2239 305 gi|175 24440 24553 
2243 370 gi|175 26110 26195 
107 809 gi|175 32796 32992 
2277 251 gi|176 165 214 
2378 1231 gi|176 4261 5162 
1823 455 gi|176 30072 30318 
2380 343 gi|176 33733 33820 
2335 412 gi|176 36220 36461 
1411 360 gi|176 36258 36461 
2337 283 gi|176 36556 36652 
1581 339 gi|176 38786 38853 
1325 284 gi|177 2816 2963 
2376 364 gi|177 2832 2961 
2311 344 gi|177 19165 19343 
2207 654 gi|177 24552 24720 
1121 251 gi|178 2356 2392 
2404 371 gi|178 16163 16441 
1311 315 gi|178 16166 16263 
2185 316 gi|179 11643 11825 
320 257 gi|18 653 767 
322 267 gi|18 1332 1457 
324 251 gi|18 1332 1457 
326 7787 gi|18 6337 7683 
328 315 gi|18 15758 15928 
330 864 gi|18 15903 16082 
332 1957 gi|18 16285 16999 
334 252 gi|18 17006 17050 
336 2572 gi|18 17281 17746 
338 3085 gi|18 17766 18310 
340 285 gi|18 18339 18382 
342 256 gi|18 19346 19417 
344 461 gi|18 19539 19809 
346 477 gi|18 19543 19793 
348 607 gi|18 19551 19797 
350 586 gi|18 19578 19794 
354 467 gi|18 19578 19780 
356 428 gi|18 19578 19779 
352 255 gi|18 19578 19667 
358 485 gi|18 19602 19799 
360 319 gi|18 19627 19854 
362 338 gi|18 19684 19798 
364 2558 gi|18 20308 22079 
515 283 gi|18 22577 22667 
366 619 gi|18 24358 24636 
368 707 gi|18 27315 27401 
370 874 gi|18 27522 27620 
372 503 gi|18 27924 28017 
374 451 gi|18 27925 28017 
376 500 gi|18 27925 28017 
378 429 gi|18 27926 28017 
380 280 gi|18 27928 28016 
382 312 gi|18 27931 28014 
384 290 gi|18 27963 28017 
1525 1011 gi|180 18223 18425 
1965 307 gi|181 10207 10303 
1111 359 gi|181 10218 10346 
1677 301 gi|181 10703 10773 
2360 331 gi|181 11441 11564 
2403 283 gi|181 14911 15000 
1815 300 gi|181 14918 14995 
1057 887 gi|181 17824 17930 
319 280 gi|181 20891 20946 
317 490 gi|181 21149 21250 
2362 2205 gi|181 26320 26698 
499 266 gi|181 26559 26699 
2364 658 gi|181 26594 26698 
491 782 gi|181 32519 32808 
291 444 gi|181 32655 32799 
169 330 gi|181 32709 32810 
2321 520 gi|181 36321 36636 
55 261 gi|182 7110 7228 
2165 761 gi|182 30879 30982 
2167 752 gi|182 31040 31138 
2406 269 gi|182 31225 31275 
2329 380 gi|182 31228 31338 
1005 2444 gi|182 31232 31630 
743 1943 gi|182 31232 31588 
1391 430 gi|182 31235 31325 
2408 278 gi|182 31491 31612 
2333 456 gi|183 346 717 
2199 7494 gi|183 1894 2685 
2317 5067 gi|183 2036 2684 
2356 268 gi|183 13265 13443 
2331 377 gi|183 24478 24531 
2309 279 gi|183 25284 25361 
1211 328 gi|184 3448 3687 
2358 1222 gi|184 9310 10158 
957 269 gi|184 15247 15307 
187 270 gi|185 11604 11724 
189 253 gi|185 13091 13243 
2410 266 gi|186 8274 8315 
2279 261 gi|186 8333 8380 
2021 251 gi|186 21861 22127 
2395 254 gi|186 38957 39029 
903 987 gi|186 38968 39331 
2373 324 gi|186 39001 39128 
2153 295 gi|186 39029 39159 
2412 430 gi|186 39032 39228 
2414 596 gi|186 39096 39330 
1887 469 gi|187 442 552 
1593 724 gi|187 867 1239 
1905 834 gi|187 4127 4241 
1619 372 gi|187 4127 4236 
2075 330 gi|187 4129 4236 
2416 276 gi|187 4141 4247 
1063 262 gi|187 7853 7921 
2418 636 gi|187 33364 34177 
2420 941 gi|187 34182 34743 
2422 444 gi|187 39302 39431 
2424 584 gi|187 39463 39576 
2379 1231 gi|189 7358 8190 
1993 515 gi|189 17008 17172 
2426 1348 gi|189 17012 18812 
2428 331 gi|189 17013 17174 
2430 351 gi|189 17345 17471 
1999 339 gi|189 17345 17467 
2432 460 gi|189 17683 18057 
2434 549 gi|189 18097 18825 
2007 311 gi|189 18097 18468 
2049 6010 gi|189 27978 29963 
72 283 gi|19 21458 21541 
74 342 gi|19 32053 32281 
76 412 gi|19 34058 34246 
429 439 gi|190 1464 1933 
2440 393 gi|190 9162 9311 
2442 398 gi|190 9166 9355 
2444 1036 gi|190 9657 9954 
2389 2703 gi|190 9723 10148 
1835 923 gi|190 10264 10625 
1587 347 gi|190 10399 10528 
2393 1074 gi|190 10465 10673 
2265 980 gi|190 10465 10639 
1223 321 gi|190 10549 10648 
2446 371 gi|190 13317 13676 
1359 403 gi|190 13420 13553 
1503 255 gi|190 15751 15829 
1357 313 gi|190 15947 16031 
2123 327 gi|190 15997 16107 
2448 738 gi|190 16166 16658 
1355 469 gi|190 16196 16602 
2450 300 gi|190 18478 18664 
2452 275 gi|190 18530 18650 
2213 346 gi|190 18608 18822 
1313 741 gi|190 24505 24671 
559 750 gi|190 24526 24670 
2349 426 gi|190 24551 24681 
2215 629 gi|190 24568 24663 
1659 724 gi|190 24670 25005 
415 601 gi|190 24670 24965 
2287 775 gi|190 24671 25034 
681 943 gi|190 24671 25017 
1139 548 gi|190 24671 24995 
1495 461 gi|190 24671 24881 
809 701 gi|190 24688 25012 
2454 750 gi|190 24785 25013 
2385 527 gi|190 24787 25008 
2456 302 gi|190 24791 24970 
355 467 gi|190 24792 25001 
1477 466 gi|190 24906 25040 
383 312 gi|190 24923 25007 
1351 252 gi|191 31138 31287 
489 559 gi|192 2077 2245 
2462 926 gi|192 30129 30550 
761 291 gi|192 30556 30664 
2464 354 gi|192 30564 30674 
941 495 gi|192 30584 30698 
1451 288 gi|192 30616 30698 
2203 310 gi|192 30713 30775 
2031 267 gi|192 31125 31196 
765 264 gi|192 31141 31199 
271 943 gi|192 34278 34498 
2303 719 gi|192 34531 34756 
277 275 gi|192 34877 35005 
1827 957 gi|192 38456 38661 
1213 519 gi|192 38566 38791 
2466 555 gi|192 38982 39141 
2468 534 gi|192 39139 39287 
2445 1036 gi|192 39341 39615 
2391 793 gi|192 39409 39610 
1829 286 gi|192 39980 40043 
1299 428 gi|193 8170 8298 
2472 1159 gi|193 8173 8428 
2363 2205 gi|193 8309 8708 
1687 369 gi|193 8714 8835 
2339 294 gi|193 8862 9003 
1409 258 gi|193 8863 9003 
697 287 gi|193 9869 9944 
1653 932 gi|193 9871 10183 
409 276 gi|193 9875 9960 
677 1082 gi|193 9952 10226 
2455 750 gi|193 9955 10186 
815 1180 gi|193 9956 10190 
2291 521 gi|193 9956 10186 
2383 981 gi|193 9956 10183 
1493 546 gi|193 9957 10059 
2474 279 gi|193 9960 10160 
351 586 gi|193 9962 10186 
419 749 gi|193 10016 10145 
1481 713 gi|193 10074 10186 
377 500 gi|193 10088 10186 
2381 343 gi|193 13232 13319 
1879 893 gi|194 1104 1262 
2484 893 gi|194 1104 1226 
2486 306 gi|194 10551 10637 
1763 593 gi|194 16023 16213 
1753 422 gi|194 16075 16204 
2325 546 gi|194 16078 16211 
2327 363 gi|194 16078 16203 
2441 393 gi|194 16222 16369 
2067 258 gi|194 16226 16337 
2488 302 gi|194 16227 16357 
2453 275 gi|194 16241 16355 
1883 832 gi|194 16418 16532 
2490 887 gi|194 16433 16533 
2492 925 gi|194 17153 17260 
1885 869 gi|194 17154 17281 
2071 266 gi|194 21553 21681 
909 534 gi|194 21559 21796 
2415 596 gi|194 21559 21794 
2494 298 gi|194 21691 21745 
2469 534 gi|194 23065 23213 
2496 283 gi|194 23298 23348 
2467 555 gi|194 24292 24448 
2498 858 gi|194 32427 32536 
1881 829 gi|194 32430 32536 
893 288 gi|194 37462 37645 
2473 1159 gi|195 359 603 
1297 414 gi|195 367 531 
2365 658 gi|195 492 601 
2009 257 gi|195 602 696 
2458 250 gi|195 602 688 
1935 1136 gi|195 4213 5022 
2301 285 gi|195 4292 4555 
2073 279 gi|195 5392 5501 
913 273 gi|195 5395 5498 
2460 266 gi|195 5406 5526 
2495 298 gi|195 5504 5557 
2299 277 gi|195 26995 27150 
1909 1116 gi|195 31710 31933 
1911 861 gi|195 32586 32720 
1261 806 gi|195 34817 34929 
2500 292 gi|196 463 510 
1731 781 gi|196 23373 23495 
2502 682 gi|196 23495 23602 
121 465 gi|196 23686 23788 
1729 2448 gi|196 23895 24366 
1727 3077 gi|196 24364 24898 
1923 280 gi|197 3842 4042 
847 1061 gi|197 6741 6889 
2476 653 gi|197 12533 12622 
1791 703 gi|197 12533 12616 
2351 299 gi|197 25169 25209 
183 1178 gi|197 26852 27365 
185 888 gi|197 27364 27921 
2478 912 gi|197 32868 33942 
2429 331 gi|197 32877 33048 
1995 790 gi|197 32895 33284 
2261 554 gi|197 32972 33238 
1987 272 gi|197 33133 33255 
2431 351 gi|197 33161 33288 
2433 460 gi|197 33416 33767 
1989 373 gi|197 33613 33925 
2005 627 gi|197 33728 34075 
2435 549 gi|197 33748 34426 
1549 403 gi|197 38064 38135 
2480 341 gi|197 38065 38142 
2035 373 gi|197 38091 38267 
1553 666 gi|197 38108 38270 
2482 595 gi|197 38112 38270 
2221 985 gi|197 39387 39666 
1779 348 gi|199 5520 5623 
749 261 gi|199 20838 20917 
2425 584 gi|199 24674 24802 
2423 444 gi|199 34537 34650 
554 876 gi|2 12372 13237 
556 337 gi|2 24137 24269 
560 498 gi|2 24139 24276 
558 750 gi|2 24139 24273 
562 660 gi|2 24146 24245 
11 268 gi|20 2346 2397 
242 268 gi|20 22076 22137 
244 283 gi|20 23490 23562 
246 283 gi|20 29094 29168 
248 733 gi|20 37835 38293 
250 509 gi|20 38396 38698 
201 702 gi|200 5611 5835 
2223 417 gi|200 5617 5845 
2225 269 gi|200 5720 5763 
603 252 gi|200 5786 5845 
465 276 gi|200 7319 7407 
2219 255 gi|201 1577 1657 
1077 311 gi|201 4175 4397 
1079 286 gi|201 5148 5672 
569 322 gi|201 20795 20900 
1783 293 gi|201 20818 20898 
2135 262 gi|201 22068 22587 
2137 255 gi|201 23209 23277 
2421 941 gi|201 34572 35125 
2419 636 gi|201 35252 36098 
2497 283 gi|201 36636 36687 
2481 341 gi|201 37022 37100 
1551 1923 gi|201 37023 37400 
2483 595 gi|201 37024 37192 
2033 767 gi|201 37027 37252 
1723 7882 gi|201 37696 39176 
2169 12058 gi|201 37696 39176 
1285 2682 gi|201 37696 38249 
1291 3556 gi|201 38246 38913 
1471 614 gi|202 7206 7365 
2205 419 gi|202 7206 7298 
2463 926 gi|202 8207 8628 
2089 696 gi|202 30800 30907 
2091 671 gi|202 30800 30905 
1693 681 gi|202 30800 30903 
1701 698 gi|202 30800 30903 
1707 726 gi|202 30800 30903 
2087 1060 gi|202 32373 32599 
1153 3274 gi|202 32664 33350 
2436 2601 gi|202 32664 33233 
2141 529 gi|202 35796 36038 
2139 905 gi|202 36309 37214 
1531 783 gi|202 37516 37684 
2438 877 gi|202 37516 37682 
1393 278 gi|203 2366 2676 
829 307 gi|203 2384 2508 
907 310 gi|203 5386 5536 
2371 366 gi|203 5386 5505 
2151 381 gi|203 5389 5594 
2413 430 gi|203 5395 5596 
831 255 gi|203 8856 9078 
2159 4939 gi|203 18831 19436 
459 273 gi|203 19152 19212 
207 5222 gi|203 19437 20033 
2163 6490 gi|203 20029 20836 
211 3807 gi|203 20029 20463 
215 2874 gi|203 20459 20831 
223 1501 gi|203 20928 21113 
1817 261 gi|203 26319 26379 
2401 331 gi|204 6981 7088 
1207 313 gi|204 7003 7091 
573 298 gi|204 25923 26083 
1947 346 gi|204 25942 26071 
2361 331 gi|204 25958 26081 
1927 277 gi|204 26033 26176 
1961 293 gi|204 26652 26709 
1573 653 gi|205 23335 24251 
2347 292 gi|205 32166 32269 
1969 281 gi|205 35373 35473 
1967 309 gi|205 35977 36042 
1143 395 gi|206 565 769 
1497 309 gi|206 570 650 
811 267 gi|206 570 650 
2475 279 gi|206 602 796 
2457 302 gi|206 603 769 
401 311 gi|206 799 907 
1877 964 gi|206 948 1074 
2499 858 gi|206 956 1063 
2485 893 gi|206 958 1078 
2255 253 gi|206 959 1002 
2491 887 gi|206 963 1063 
2493 925 gi|206 966 1073 
2241 256 gi|206 8379 8509 
1963 260 gi|206 12288 12569 
965 297 gi|206 12319 12566 
1929 272 gi|206 13519 13648 
967 386 gi|206 13568 13783 
2369 2431 gi|206 28513 30001 
2025 267 gi|206 38169 38317 
1623 257 gi|207 7720 7813 
2411 266 gi|207 28229 28269 
2504 394 gi|207 31615 31662 
2506 2411 gi|207 32413 33059 
2399 3410 gi|207 34151 34797 
1739 891 gi|207 34484 34829 
2189 906 gi|207 34594 34822 
2057 794 gi|207 34603 34812 
1333 625 gi|207 34605 34826 
2211 621 gi|207 34613 34829 
1437 276 gi|207 34627 34684 
41 392 gi|207 34652 34832 
151 436 gi|207 34674 34829 
2281 488 gi|207 34749 34823 
2501 292 gi|207 34779 34824 
2103 5301 gi|208 1382 2289 
2101 3843 gi|208 2269 2876 
855 256 gi|208 2287 2472 
2115 11989 gi|208 2877 4735 
1225 1307 gi|208 3867 4113 
2323 13335 gi|208 3868 5794 
729 1186 gi|208 4507 4718 
849 654 gi|208 5796 5988 
369 707 gi|208 5983 6069 
371 874 gi|208 6070 6169 
327 7787 gi|208 6375 7704 
2447 371 gi|209 14720 15076 
2449 738 gi|209 17037 17531 
2125 320 gi|209 17298 17560 
1353 579 gi|209 17303 17644 
2231 567 gi|209 19782 19851 
2233 299 gi|209 19852 19886 
2235 3372 gi|209 19879 20315 
2237 267 gi|209 20316 20347 
270 943 gi|21 1331 1552 
272 278 gi|21 1357 1421 
274 254 gi|21 1357 1421 
276 275 gi|21 1841 1965 
278 554 gi|21 2043 2359 
280 565 gi|21 2192 2459 
315 252 gi|21 2243 2381 
282 454 gi|21 2246 2411 
725 956 gi|210 28472 28673 
2353 262 gi|211 506 575 
1149 445 gi|211 7674 7751 
391 359 gi|211 7681 7751 
2503 682 gi|211 7891 8001 
2397 1137 gi|211 8684 8916 
2297 595 gi|211 8697 8883 
647 440 gi|211 8777 8867 
1103 516 gi|211 8784 8877 
631 271 gi|211 8847 8888 
1789 599 gi|211 12856 13016 
2477 653 gi|211 12909 13000 
1957 256 gi|211 14791 15041 
2470 256 gi|212 4317 4434 
2357 268 gi|212 9105 9276 
1435 255 gi|212 10720 10763 
2375 327 gi|212 11183 11343 
2149 278 gi|212 11210 11312 
2461 266 gi|212 11324 11450 
2195 607 gi|212 15527 16771 
843 275 gi|212 15532 15661 
839 312 gi|212 16401 16762 
2197 296 gi|212 16818 16967 
2479 912 gi|212 25019 26138 
1991 557 gi|212 25022 25263 
2427 1348 gi|212 25030 26560 
2001 472 gi|212 25604 25882 
2003 764 gi|212 25875 26407 
1609 5047 gi|212 36260 36833 
1695 412 gi|212 36396 36832 
1595 742 gi|212 36495 36764 
1903 547 gi|213 10270 10338 
2508 279 gi|213 21526 21597 
1603 277 gi|214 5311 5794 
2065 315 gi|214 5314 5519 
1309 534 gi|214 5495 5648 
2273 1774 gi|214 5546 5804 
2271 274 gi|214 6056 6102 
2269 328 gi|214 6351 6394 
2267 693 gi|214 6659 6788 
669 767 gi|214 6661 6787 
1065 396 gi|214 6733 6788 
2377 364 gi|214 15896 16022 
1193 820 gi|215 16527 16653 
245 283 gi|215 18571 18644 
2405 371 gi|215 24906 25159 
1945 709 gi|215 30713 30893 
659 311 gi|216 7619 7891 
1339 360 gi|216 28265 28534 
1925 531 gi|216 28300 28654 
1255 264 gi|216 39825 39913 
953 488 gi|217 11648 11802 
1529 2352 gi|217 11796 12324 
2439 877 gi|217 11845 12018 
2505 394 gi|217 13046 13093 
2507 2411 gi|217 13404 14027 
1155 17485 gi|217 14649 16650 
1157 15693 gi|217 16678 18496 
497 304 gi|217 17515 17835 
2345 1066 gi|217 18027 18205 
1163 2398 gi|217 18804 19091 
1151 5393 gi|217 20838 21441 
2437 2601 gi|217 20869 21441 
1575 316 gi|218 5874 6071 
1577 1193 gi|218 6544 7279 
75 342 gi|219 6669 6900 
2443 398 gi|219 18052 18250 
2489 302 gi|219 18063 18202 
741 336 gi|219 24015 24115 
2409 278 gi|219 24017 24115 
2407 269 gi|219 24108 24155 
386 431 gi|22 13193 13277 
388 483 gi|22 13202 13284 
390 359 gi|22 17549 17622 
392 351 gi|22 17552 17662 
394 375 gi|22 17767 17861 
396 831 gi|22 17847 18032 
398 751 gi|22 17883 18199 
400 311 gi|22 17889 17990 
402 1247 gi|22 17896 18220 
404 542 gi|22 17898 18199 
406 997 gi|22 17901 18173 
408 276 gi|22 17901 17984 
410 1020 gi|22 17903 18137 
412 1277 gi|22 17906 18206 
414 601 gi|22 17941 18199 
416 630 gi|22 18033 18206 
418 749 gi|22 18085 18206 
361 319 gi|22 18086 18298 
420 455 gi|22 18142 18206 
385 290 gi|22 18153 18206 
424 262 gi|22 18209 18476 
422 462 gi|22 18209 18475 
426 365 gi|22 18243 18442 
428 439 gi|22 20165 20687 
430 259 gi|22 23926 24108 
432 253 gi|22 33880 33956 
434 310 gi|22 40591 40680 
2051 412 gi|220 20606 20832 
2193 793 gi|220 25492 25684 
737 520 gi|220 25492 25612 
1859 828 gi|220 25493 25713 
1863 1151 gi|220 25705 25871 
921 250 gi|220 25942 26083 
2145 473 gi|220 26190 26257 
2509 279 gi|220 32007 32081 
1023 296 gi|221 13715 13823 
1021 251 gi|221 14357 14485 
1981 292 gi|221 21345 21432 
759 403 gi|221 21349 21464 
2465 354 gi|221 21349 21455 
943 265 gi|221 21350 21432 
927 285 gi|221 21717 21830 
1983 14473 gi|221 26965 29155 
1853 3992 gi|221 27559 28726 
1511 1605 gi|221 27563 28024 
2029 529 gi|221 27820 28687 
1515 2336 gi|221 28331 29045 
1849 441 gi|221 28869 28973 
2027 262 gi|221 28880 28990 
1841 353 gi|221 29079 29168 
1523 261 gi|221 29132 29172 
2387 394 gi|221 30452 30755 
2417 276 gi|222 7750 7871 
2011 738 gi|222 7757 7870 
1267 890 gi|222 7758 7878 
1625 292 gi|222 7762 7878 
1565 900 gi|222 7763 7876 
2077 283 gi|222 7774 7869 
2459 250 gi|222 7779 7876 
2510 586 gi|222 9094 9252 
1177 841 gi|222 9094 9241 
625 402 gi|222 9130 9236 
259 778 gi|222 10729 11354 
1819 453 gi|222 10916 11339 
1093 504 gi|222 27806 27942 
1095 333 gi|222 28546 28641 
583 2175 gi|222 37768 38115 
581 965 gi|222 38819 39062 
2257 730 gi|223 8129 8254 
2227 673 gi|223 8153 8270 
2037 764 gi|223 8157 8255 
2229 759 gi|223 12835 12955 
1875 746 gi|223 12849 12977 
67 672 gi|223 12849 12958 
61 642 gi|223 12853 12957 
1871 676 gi|223 12853 12955 
2471 256 gi|223 15459 15575 
2359 1222 gi|223 27925 28772 
2319 708 gi|223 36404 36587 
1897 359 gi|224 31126 31256 
2355 268 gi|224 31190 31256 
2253 274 gi|224 31192 31253 
2367 254 gi|225 3217 3275 
227 401 gi|225 9573 9756 
2487 306 gi|225 27418 27505 
281 565 gi|225 32200 32448 
2305 810 gi|225 32210 32468 
1001 711 gi|225 32291 32482 
787 322 gi|225 32487 32538 
1743 474 gi|225 32536 32679 
1745 262 gi|225 32665 32693 
1915 628 gi|225 32720 32972 
2451 300 gi|225 32720 32918 
1455 482 gi|225 32744 32908 
2069 438 gi|225 32749 32974 
2053 326 gi|225 32749 32849 
773 312 gi|225 32806 32960 
307 283 gi|225 32856 32947 
1449 257 gi|225 32859 32960 
1955 1384 gi|226 4584 5111 
387 431 gi|226 9256 9324 
2275 352 gi|226 9257 9334 
723 251 gi|226 12723 12812 
1175 712 gi|226 27686 27851 
2511 586 gi|226 27695 27861 
627 546 gi|226 27744 27851 
1671 380 gi|226 30910 31022 
229 458 gi|23 16329 16635 
192 264 gi|23 16340 16480 
194 320 gi|23 17468 17948 
196 501 gi|23 18178 18445 
237 429 gi|23 18267 18442 
198 584 gi|23 36809 37161 
200 702 gi|23 38046 38294 
202 658 gi|23 38052 38315 
170 530 gi|24 16820 17061 
172 269 gi|24 16937 17003 
174 268 gi|24 17389 17551 
176 372 gi|24 29995 30226 
178 314 gi|24 30554 30686 
180 350 gi|24 31206 31353 
182 1178 gi|24 31906 32398 
184 888 gi|24 32463 32963 
186 270 gi|24 36279 36391 
188 253 gi|24 37925 38082 
190 306 gi|24 37939 38059 
450 311 gi|25 1716 1806 
452 351 gi|25 1755 1858 
454 259 gi|25 2001 2088 
456 276 gi|25 2079 2151 
458 273 gi|25 10328 10388 
460 250 gi|25 10329 10388 
462 356 gi|25 11506 11863 
464 276 gi|25 11506 11591 
466 691 gi|25 12195 12516 
468 257 gi|25 13602 13704 
470 284 gi|25 23529 23578 
472 274 gi|25 23569 23656 
474 351 gi|25 23799 23902 
476 311 gi|25 23851 23941 
30 431 gi|27 32211 32379 
32 479 gi|27 32229 32473 
34 418 gi|27 32233 32408 
36 449 gi|27 32234 32472 
38 418 gi|27 32237 32477 
40 392 gi|27 32237 32412 
42 428 gi|27 32252 32476 
147 376 gi|27 32255 32430 
160 337 gi|28 17304 17624 
162 366 gi|28 18663 19010 
483 340 gi|28 18826 18926 
164 465 gi|28 18862 19187 
166 294 gi|28 20158 20260 
168 330 gi|28 20302 20396 
266 251 gi|29 33039 33099 
268 266 gi|29 35470 35545 
0 348 gi|3 163 371 
2 2571 gi|3 6721 8155 
4 280 gi|3 25410 25477 
6 251 gi|3 25410 25472 
8 259 gi|3 25415 25474 
10 268 gi|3 25535 25585 
12 284 gi|3 25601 25714 
14 283 gi|3 25601 25714 
16 624 gi|3 36976 37045 
18 1920 gi|3 37386 37595 
20 276 gi|3 37461 37577 
22 1159 gi|3 37462 37595 
24 1159 gi|3 37462 37595 
26 591 gi|3 37462 37595 
28 323 gi|3 38419 38528 
44 251 gi|30 2328 2386 
46 570 gi|30 26120 26343 
48 731 gi|30 26187 26350 
50 686 gi|30 26204 26350 
52 420 gi|30 26225 26333 
54 261 gi|30 27338 27447 
56 811 gi|30 32303 32482 
60 642 gi|30 32339 32444 
58 760 gi|30 32339 32441 
62 662 gi|30 32339 32441 
64 771 gi|30 32894 33010 
66 672 gi|30 32903 33014 
68 860 gi|30 32904 33025 
70 638 gi|30 32904 33011 
592 386 gi|31 1015 1105 
457 276 gi|31 8521 8590 
471 284 gi|31 8541 8590 
594 361 gi|31 8834 8895 
453 351 gi|31 8988 9091 
475 351 gi|31 8988 9091 
91 260 gi|31 16985 17193 
89 500 gi|31 17830 17963 
87 737 gi|31 18599 18958 
85 285 gi|31 19895 19940 
83 398 gi|31 19989 20143 
81 274 gi|31 20305 20458 
275 254 gi|31 22355 22417 
596 312 gi|31 23148 23227 
598 302 gi|31 23762 23852 
600 304 gi|31 23886 23978 
602 252 gi|31 23919 23977 
604 1196 gi|31 24028 24324 
606 2983 gi|31 24623 25366 
608 341 gi|31 25059 25170 
610 332 gi|31 25293 25461 
612 460 gi|31 25459 25603 
614 456 gi|31 28705 28870 
616 293 gi|31 28705 28825 
618 288 gi|31 28706 28825 
21 276 gi|31 28707 28825 
620 287 gi|31 28707 28825 
622 308 gi|31 36698 36777 
273 278 gi|31 37522 37584 
624 402 gi|31 37745 37856 
626 546 gi|31 37759 37859 
628 473 gi|31 37759 37856 
630 271 gi|31 38314 38356 
632 327 gi|31 38316 38356 
501 2228 gi|31 38327 38775 
634 357 gi|31 38340 38433 
636 321 gi|31 38353 38422 
638 262 gi|31 38355 38786 
640 1026 gi|31 38360 38785 
642 907 gi|31 38380 38738 
644 372 gi|31 38796 38877 
646 440 gi|31 38797 38885 
648 330 gi|31 38807 38863 
650 473 gi|31 38810 38884 
652 342 gi|31 39143 39290 
780 286 gi|32 11862 11941 
782 2472 gi|32 14771 16510 
517 255 gi|32 15823 15955 
784 264 gi|32 18635 18668 
786 322 gi|32 24363 24414 
159 594 gi|32 36685 37464 
654 250 gi|33 25921 25980 
656 296 gi|33 26157 26347 
848 654 gi|34 2136 2326 
850 297 gi|34 3124 3241 
852 326 gi|34 3663 3847 
854 256 gi|34 3664 3847 
856 322 gi|34 5602 5751 
858 435 gi|34 5609 5754 
860 264 gi|34 8809 8898 
862 253 gi|34 13343 13482 
221 687 gi|34 29021 29223 
219 327 gi|34 29223 29288 
637 321 gi|34 29298 29365 
507 308 gi|34 29298 29361 
866 281 gi|34 29304 29369 
864 355 gi|34 29304 29367 
868 326 gi|34 29312 29359 
1046 254 gi|36 5879 5973 
1048 264 gi|36 14097 14199 
754 395 gi|37 1092 1234 
127 318 gi|37 1099 1233 
756 397 gi|37 1100 1265 
758 403 gi|37 1170 1297 
760 291 gi|37 1185 1292 
762 392 gi|37 1195 1293 
764 264 gi|37 23254 23310 
766 336 gi|37 23257 23302 
768 1029 gi|37 30936 31478 
770 363 gi|37 32436 32645 
772 312 gi|37 32436 32579 
303 571 gi|37 32479 32625 
774 1000 gi|37 32482 32896 
776 735 gi|37 32552 32907 
299 826 gi|37 32730 32952 
778 811 gi|37 36594 36796 
197 501 gi|38 455 723 
658 311 gi|38 468 742 
235 589 gi|38 473 924 
195 320 gi|38 827 1263 
233 314 gi|38 1049 1337 
660 290 gi|38 1763 2026 
231 391 gi|38 1923 2036 
193 264 gi|38 1926 2059 
924 355 gi|39 13167 13579 
922 455 gi|39 13167 13506 
926 285 gi|39 16751 16862 
928 313 gi|39 18912 18994 
930 265 gi|39 19183 19485 
932 271 gi|39 19335 19414 
934 298 gi|39 22347 22494 
936 1152 gi|39 22355 22561 
938 718 gi|39 22557 22709 
757 397 gi|39 22558 22701 
123 409 gi|39 22558 22696 
940 495 gi|39 22558 22672 
942 265 gi|39 22563 22647 
944 491 gi|39 22581 22708 
946 256 gi|39 31558 31668 
948 344 gi|39 31846 32112 
487 281 gi|39 31848 31996 
950 415 gi|39 31895 32125 
952 488 gi|39 31954 32101 
954 275 gi|39 31990 32126 
956 269 gi|39 32069 32125 
580 965 gi|4 20010 20258 
582 2175 gi|4 20614 20956 
584 750 gi|4 21891 22417 
586 1289 gi|4 22617 22994 
588 264 gi|4 22995 23125 
590 252 gi|4 23430 23505 
870 251 gi|40 4463 4536 
639 262 gi|40 11044 11510 
872 742 gi|40 11048 11323 
505 418 gi|40 11051 11508 
874 335 gi|40 11055 11136 
876 880 gi|40 11058 11508 
427 365 gi|40 11070 11269 
878 607 gi|40 11120 11379 
880 598 gi|40 11138 11508 
882 346 gi|40 11329 11447 
865 355 gi|40 11451 11513 
395 375 gi|40 11490 11578 
884 375 gi|40 11498 11573 
886 1727 gi|40 20706 21071 
313 2047 gi|40 23924 25779 
888 257 gi|40 26850 26942 
890 268 gi|40 29585 29663 
892 288 gi|40 36396 36554 
265 316 gi|40 39787 40000 
820 15600 gi|41 3397 5155 
822 33352 gi|41 3544 7316 
824 254 gi|41 7680 7785 
826 250 gi|41 11996 12223 
828 307 gi|41 12005 12123 
830 255 gi|41 13332 13554 
832 742 gi|41 15609 15716 
834 532 gi|41 15725 15815 
836 1632 gi|41 16506 17938 
838 312 gi|41 17003 17369 
840 921 gi|41 18014 18283 
842 275 gi|41 18169 18301 
844 990 gi|41 18340 19017 
267 251 gi|41 27321 27387 
846 1061 gi|41 27928 28088 
279 554 gi|42 17251 17558 
998 607 gi|42 17251 17439 
1000 711 gi|42 17252 17456 
1020 251 gi|43 561 690 
1022 296 gi|43 1530 1638 
1024 250 gi|43 3922 4051 
1026 298 gi|43 4363 4490 
1028 313 gi|43 17905 17982 
1030 2273 gi|43 18249 19009 
1032 852 gi|43 19555 19744 
1034 283 gi|43 25824 26140 
181 350 gi|43 26079 26223 
1036 275 gi|43 26104 26198 
653 342 gi|43 26234 26376 
1038 500 gi|43 26486 26609 
1040 1969 gi|43 27651 28193 
1042 928 gi|43 27677 27885 
1044 304 gi|43 28724 28801 
1090 263 gi|44 28766 28835 
367 619 gi|44 31578 31828 
1092 504 gi|44 33485 33618 
1094 333 gi|44 35225 35365 
1096 410 gi|44 36604 36843 
1100 532 gi|44 36900 37080 
1098 913 gi|44 36900 37069 
1102 516 gi|44 36970 37063 
645 372 gi|44 36971 37054 
779 811 gi|45 3191 3385 
1072 254 gi|45 8238 8355 
469 257 gi|45 30300 30396 
662 2661 gi|46 4169 4691 
664 307 gi|46 4169 4207 
666 1785 gi|46 4692 5192 
668 767 gi|46 6969 7103 
670 462 gi|46 6969 7103 
672 304 gi|46 7049 7103 
674 280 gi|46 10130 10249 
676 1082 gi|46 11203 11481 
678 1572 gi|46 11246 11633 
680 943 gi|46 11247 11575 
349 607 gi|46 11247 11498 
682 1360 gi|46 11250 11614 
686 913 gi|46 11251 11616 
684 643 gi|46 11251 11356 
375 451 gi|46 11251 11343 
688 974 gi|46 11264 11491 
690 585 gi|46 11269 11603 
413 1277 gi|46 11292 11610 
692 1021 gi|46 11362 11601 
694 479 gi|46 11494 11614 
696 287 gi|46 11545 11623 
698 307 gi|46 12419 12506 
700 1260 gi|46 14581 15729 
702 277 gi|46 15324 15594 
704 262 gi|46 15868 16019 
706 258 gi|46 16085 16172 
708 797 gi|46 16176 16441 
710 728 gi|46 17078 17508 
712 1181 gi|46 17807 18179 
714 628 gi|46 18216 18820 
716 430 gi|46 18315 18469 
718 549 gi|46 18606 18823 
720 403 gi|46 18966 19418 
722 251 gi|46 19033 19113 
833 742 gi|46 20633 20740 
835 532 gi|46 20960 21051 
724 956 gi|46 27068 27260 
726 1159 gi|46 27561 27787 
730 1109 gi|46 27563 27793 
728 1186 gi|46 27563 27787 
734 626 gi|46 27809 27926 
732 687 gi|46 27809 27919 
736 520 gi|46 27813 27919 
738 1856 gi|46 29525 29902 
740 336 gi|46 29532 29649 
742 1943 gi|46 29535 29902 
744 406 gi|46 29800 29900 
746 596 gi|46 29810 29901 
748 261 gi|46 29811 29882 
750 400 gi|46 30976 31142 
752 513 gi|46 31561 31891 
163 366 gi|47 36267 36608 
1104 263 gi|47 36601 36759 
1106 337 gi|47 36873 37041 
1070 260 gi|48 13560 13715 
1050 980 gi|49 13671 13822 
1052 1578 gi|49 13675 13850 
290 444 gi|5 14839 14978 
292 1328 gi|5 16909 17521 
294 1733 gi|5 17008 17766 
296 621 gi|5 17211 17471 
298 826 gi|5 17541 17779 
300 336 gi|5 17780 17933 
302 571 gi|5 17780 17931 
304 256 gi|5 17780 17931 
306 283 gi|5 17839 17931 
308 282 gi|5 17854 17932 
310 251 gi|5 20581 20626 
312 2047 gi|5 28952 30806 
1002 282 gi|50 542 811 
1004 2444 gi|50 1750 2125 
739 1856 gi|50 1761 2125 
1006 434 gi|50 2019 2130 
1008 508 gi|50 2032 2122 
1010 1234 gi|50 4548 5127 
253 1140 gi|50 4577 5127 
1012 800 gi|50 4668 5125 
431 259 gi|50 4936 5114 
1051 980 gi|50 24551 24703 
1014 996 gi|50 24557 24703 
1016 385 gi|50 29344 29478 
53 420 gi|50 29401 29521 
1018 283 gi|50 29407 29478 
1054 339 gi|51 30307 30492 
857 322 gi|52 745 897 
894 542 gi|52 746 946 
896 268 gi|52 1755 1867 
898 403 gi|52 2297 2567 
661 290 gi|52 16419 16679 
900 290 gi|52 30102 30218 
902 987 gi|52 30132 30496 
904 271 gi|52 30145 30281 
906 310 gi|52 30183 30313 
908 534 gi|52 30242 30498 
910 470 gi|52 30311 30496 
912 273 gi|52 30397 30495 
171 530 gi|52 31933 32159 
914 704 gi|52 31943 32259 
916 492 gi|52 31989 32095 
918 478 gi|52 32489 32584 
1037 275 gi|52 32606 32700 
175 268 gi|52 34137 34292 
920 250 gi|52 34406 34547 
657 296 gi|53 14139 14326 
960 345 gi|53 14145 14496 
962 273 gi|53 14155 14396 
964 297 gi|53 14163 14398 
966 386 gi|53 14861 15088 
968 261 gi|53 15012 15077 
970 266 gi|53 23817 24058 
972 274 gi|53 24312 24379 
974 18368 gi|53 26350 28620 
97 9394 gi|53 26350 27569 
976 24106 gi|53 26353 28933 
978 4371 gi|53 26370 27232 
980 265 gi|53 27693 27729 
982 2842 gi|53 28597 28933 
984 1196 gi|53 28643 28933 
986 384 gi|53 28716 28922 
988 255 gi|53 28819 28922 
990 818 gi|53 37133 37428 
992 653 gi|53 37141 37310 
994 760 gi|53 37208 37383 
996 402 gi|53 37399 37550 
792 263 gi|54 3970 4042 
794 319 gi|54 4654 4903 
796 252 gi|54 9490 9564 
79 691 gi|54 21837 21940 
951 415 gi|54 24734 24990 
798 290 gi|54 24746 25002 
800 542 gi|54 25109 25297 
403 1247 gi|54 25123 25500 
804 815 gi|54 25128 25527 
802 1079 gi|54 25128 25525 
683 1360 gi|54 25129 25529 
806 964 gi|54 25160 25407 
808 701 gi|54 25224 25527 
347 477 gi|54 25263 25527 
810 267 gi|54 25285 25356 
812 837 gi|54 25298 25525 
814 1180 gi|54 25306 25532 
816 634 gi|54 25418 25527 
379 429 gi|54 25431 25527 
818 255 gi|54 29338 29443 
1056 887 gi|55 464 574 
157 560 gi|55 689 818 
1058 4487 gi|55 1023 1987 
1060 3279 gi|55 1023 1711 
979 4371 gi|55 1024 1987 
101 3221 gi|55 1027 1705 
1062 262 gi|55 1519 1588 
1064 396 gi|55 1707 1762 
1066 346 gi|55 1707 1762 
673 304 gi|55 1708 1762 
1068 1641 gi|55 1758 1987 
99 1363 gi|55 1774 1987 
788 278 gi|56 15031 15191 
790 298 gi|56 16520 16617 
1074 717 gi|57 2889 3082 
1043 928 gi|57 2889 3081 
1039 500 gi|57 3126 3254 
1076 311 gi|57 8372 8597 
1078 286 gi|57 9647 10222 
1080 429 gi|57 13565 13752 
883 346 gi|57 26659 26774 
199 584 gi|57 28862 29230 
1082 292 gi|57 29391 29479 
549 264 gi|57 29473 29531 
1084 258 gi|57 29474 29520 
1086 281 gi|57 33962 34187 
1088 266 gi|57 38362 38487 
958 3728 gi|58 35100 36545 
1122 285 gi|59 5445 5507 
1124 338 gi|59 5578 5699 
1126 392 gi|59 5907 6051 
1128 253 gi|59 5989 6051 
1130 1329 gi|59 6122 7780 
1132 304 gi|59 6288 6418 
1134 651 gi|59 6596 6968 
1136 646 gi|59 7180 7584 
239 282 gi|59 24532 24619 
923 455 gi|59 29854 30193 
490 782 gi|6 11472 11759 
492 324 gi|6 15017 15278 
494 325 gi|6 15052 15369 
496 304 gi|6 15052 15369 
498 266 gi|6 16161 16302 
500 2228 gi|6 30091 30515 
502 1148 gi|6 30107 30519 
504 418 gi|6 30115 30522 
506 308 gi|6 30115 30180 
508 370 gi|6 30117 30191 
510 1275 gi|6 30137 30515 
512 279 gi|6 30471 30519 
514 283 gi|6 37932 38026 
516 255 gi|6 39044 39186 
1108 277 gi|60 4596 4693 
1110 359 gi|60 4598 4726 
1112 299 gi|60 4635 4800 
1114 450 gi|60 4967 5158 
1116 263 gi|60 5042 5084 
1118 338 gi|60 20380 20529 
1120 251 gi|60 35878 35913 
1164 281 gi|61 4253 4517 
1166 551 gi|61 12227 12320 
1168 1437 gi|61 13036 13386 
1170 4038 gi|61 14120 14976 
769 1029 gi|61 15008 15526 
1172 297 gi|61 17561 17680 
519 293 gi|61 17563 17679 
1174 712 gi|61 24904 25078 
1176 841 gi|61 24913 25077 
629 473 gi|61 24969 25072 
1178 830 gi|61 30479 30603 
1180 444 gi|61 36627 37050 
1182 723 gi|61 40062 40376 
1212 519 gi|62 16487 16699 
1214 546 gi|62 16707 16975 
1216 283 gi|62 16718 16881 
1218 264 gi|62 17188 17329 
1220 251 gi|62 17208 17333 
1222 321 gi|62 17225 17334 
1256 253 gi|63 15052 15112 
1194 260 gi|64 7254 7341 
1196 992 gi|64 12848 12976 
1198 501 gi|64 15143 15277 
1200 350 gi|64 15630 15746 
1202 669 gi|64 19521 19792 
1204 375 gi|64 19521 19614 
1206 313 gi|64 19527 19616 
1208 292 gi|64 19804 19905 
1081 429 gi|65 8230 8406 
1184 359 gi|65 8298 8498 
1186 1444 gi|65 8601 8980 
1188 402 gi|65 8857 9125 
1190 2939 gi|65 9049 10089 
1192 820 gi|65 36476 36604 
1246 3080 gi|66 1 461 
991 818 gi|66 215 499 
1248 1154 gi|66 349 497 
1250 328 gi|66 482 576 
1252 274 gi|66 25374 25487 
1254 264 gi|66 38718 38806 
1360 261 gi|67 891 1024 
997 402 gi|67 931 1086 
1251 328 gi|67 1006 1104 
1362 499 gi|67 1853 2015 
959 3728 gi|68 9255 10706 
161 337 gi|68 9990 10302 
799 290 gi|69 15401 15659 
949 344 gi|69 15402 15690 
485 272 gi|69 15542 15689 
1554 254 gi|69 26964 27072 
478 306 gi|7 2634 2738 
480 852 gi|7 30621 31165 
482 340 gi|7 30776 30876 
484 272 gi|7 31309 31505 
486 281 gi|7 31310 31488 
488 559 gi|7 31746 31900 
1454 482 gi|70 4725 4881 
1456 382 gi|70 4725 4875 
1458 480 gi|70 4736 4875 
1460 419 gi|70 4772 4875 
1462 258 gi|70 19164 19239 
1464 261 gi|70 37716 37993 
1556 261 gi|71 2654 2728 
1558 983 gi|71 19554 19717 
1560 793 gi|71 19569 19692 
1562 334 gi|71 19569 19690 
1564 900 gi|71 19576 19689 
1566 291 gi|71 19587 19683 
1568 641 gi|71 23958 24099 
113 4452 gi|71 24638 25217 
1570 4361 gi|71 24649 25192 
1572 653 gi|71 29796 30652 
1574 316 gi|71 31751 31933 
1576 1193 gi|71 32353 33144 
47 570 gi|73 16109 16332 
1318 425 gi|73 16190 16386 
1320 257 gi|73 16340 16388 
1322 1621 gi|73 21180 22172 
1324 284 gi|73 28473 28624 
1326 734 gi|73 30105 30394 
1328 400 gi|73 30107 30390 
39 418 gi|73 30107 30354 
1330 369 gi|73 30109 30394 
141 326 gi|73 30131 30329 
1332 625 gi|73 30163 30394 
1334 509 gi|73 30231 30384 
1336 311 gi|73 39545 39920 
1338 360 gi|73 39591 39849 
1340 290 gi|73 39761 39849 
1466 547 gi|74 8983 9366 
511 1275 gi|74 9007 9352 
643 907 gi|74 9008 9346 
1468 323 gi|74 13901 14011 
1470 614 gi|74 13927 14080 
1472 358 gi|74 14721 14824 
609 341 gi|74 15109 15216 
605 1196 gi|74 15238 15519 
635 357 gi|74 15513 15611 
509 370 gi|74 15538 15611 
869 326 gi|74 15538 15585 
1474 406 gi|74 15539 15629 
607 2983 gi|74 15624 16333 
611 332 gi|74 16619 16797 
1476 466 gi|74 16781 16916 
363 338 gi|74 16804 16916 
373 503 gi|74 16807 16902 
1478 323 gi|74 16808 16918 
1480 713 gi|74 16808 16916 
685 643 gi|74 16808 16915 
817 634 gi|74 16809 16915 
1482 515 gi|74 16811 16916 
421 455 gi|74 16849 16916 
1484 597 gi|74 16937 17252 
693 1021 gi|74 17002 17242 
411 1020 gi|74 17007 17253 
1486 1003 gi|74 17008 17242 
1488 589 gi|74 17008 17123 
1490 620 gi|74 17013 17235 
807 964 gi|74 17014 17228 
1492 546 gi|74 17014 17111 
353 255 gi|74 17016 17106 
1494 461 gi|74 17018 17215 
1496 309 gi|74 17065 17133 
1498 511 gi|74 17121 17251 
613 460 gi|74 17256 17390 
751 400 gi|74 18669 18835 
753 513 gi|74 19133 19471 
597 312 gi|74 20535 20609 
623 308 gi|74 20535 20609 
1500 256 gi|74 28460 28518 
551 687 gi|74 35413 35734 
553 735 gi|74 35932 36176 
1366 336 gi|75 456 1027 
1368 320 gi|75 2134 2283 
1370 342 gi|75 3134 3247 
1372 357 gi|75 3358 3473 
1374 400 gi|75 3936 4161 
867 281 gi|75 4377 4450 
503 1148 gi|75 4379 4826 
641 1026 gi|75 4390 4823 
1475 406 gi|75 4390 4484 
1467 547 gi|75 4392 4827 
873 742 gi|75 4552 4835 
425 262 gi|75 4579 4827 
1376 295 gi|75 4581 4721 
1378 285 gi|75 4736 4826 
1380 276 gi|75 5676 5734 
1382 375 gi|75 6119 6236 
1384 405 gi|75 6344 6457 
1386 304 gi|75 7060 7159 
747 596 gi|75 7470 7559 
1388 352 gi|75 7471 7575 
1009 508 gi|75 7472 7559 
1390 430 gi|75 7472 7559 
365 2558 gi|75 11339 13097 
1392 278 gi|75 12952 13263 
1394 343 gi|75 13085 13249 
1396 669 gi|75 13785 13905 
1398 4817 gi|75 13899 14606 
1400 7567 gi|75 14582 15829 
1402 2698 gi|75 15837 16534 
1404 44410 gi|75 16525 22101 
1406 550 gi|75 18574 18835 
5 280 gi|75 18584 18658 
13 284 gi|75 18679 18793 
1408 258 gi|75 18710 18845 
1410 360 gi|75 18973 19175 
1412 719 gi|75 22219 22360 
1414 403 gi|75 22239 22329 
547 263 gi|75 22530 22667 
1416 862 gi|75 24002 24786 
1418 287 gi|75 27819 27936 
1420 330 gi|75 28810 28913 
1422 253 gi|75 28813 28876 
1424 22523 gi|75 28910 31568 
321 257 gi|75 30375 30489 
323 267 gi|75 30866 30990 
1426 495 gi|75 31604 31660 
1428 376 gi|75 31642 31740 
1364 507 gi|76 16076 16192 
1430 297 gi|77 10951 11108 
1432 426 gi|77 18224 18477 
1557 261 gi|77 18706 18772 
1434 255 gi|77 22699 22743 
1436 276 gi|77 23128 23185 
1438 1806 gi|77 32107 32652 
295 1733 gi|77 32108 32877 
1440 916 gi|77 32303 32607 
775 1000 gi|77 32726 33149 
1442 267 gi|77 32863 33026 
1444 297 gi|77 32939 33079 
301 336 gi|77 32996 33154 
1446 398 gi|77 33036 33149 
1448 257 gi|77 33043 33149 
939 718 gi|77 35432 35572 
755 395 gi|77 35450 35574 
1450 288 gi|77 35450 35535 
125 447 gi|77 35451 35564 
1452 496 gi|77 35479 35577 
1427 495 gi|78 128 183 
925 355 gi|78 1936 2348 
931 265 gi|78 4785 5098 
929 313 gi|78 5933 6015 
1224 1307 gi|78 14521 14763 
1226 1847 gi|78 14522 14764 
1228 1359 gi|78 14522 14763 
1230 894 gi|78 14761 15078 
1232 1149 gi|78 15077 15509 
1234 416 gi|78 15303 15508 
1236 1367 gi|78 15344 15807 
1238 318 gi|78 16032 16075 
333 1957 gi|78 16301 17004 
329 315 gi|78 16562 16733 
1240 689 gi|78 17433 17511 
785 264 gi|78 17590 17623 
179 314 gi|78 21024 21137 
1242 296 gi|78 21247 21454 
1244 14565 gi|78 22076 24849 
825 254 gi|78 24229 24332 
827 250 gi|78 24327 24552 
1395 343 gi|78 24394 24558 
433 253 gi|78 34241 34322 
1555 254 gi|79 15345 15453 
77 412 gi|79 29226 29411 
314 252 gi|8 34772 34917 
316 490 gi|8 36855 36955 
318 280 gi|8 37052 37107 
1526 338 gi|80 5141 5282 
451 311 gi|80 8782 8873 
477 311 gi|80 8782 8873 
595 361 gi|80 9042 9103 
455 259 gi|80 9189 9294 
473 274 gi|80 9189 9294 
1528 2352 gi|80 25123 25674 
1530 783 gi|80 25449 25621 
1532 290 gi|80 31330 31568 
1534 756 gi|80 31793 32416 
1536 273 gi|80 32900 33245 
863 253 gi|81 1615 1755 
1210 328 gi|81 28224 28448 
1588 896 gi|82 6877 7031 
1590 262 gi|82 18400 18511 
1342 4881 gi|83 1194 2950 
1344 553 gi|83 2992 3255 
1346 382 gi|83 3541 3774 
1348 282 gi|83 10066 10132 
1350 252 gi|83 10213 10376 
1352 579 gi|83 22704 23041 
1354 469 gi|83 22869 23286 
1356 313 gi|83 23453 23537 
1358 403 gi|83 25466 25599 
1323 1621 gi|84 7268 8321 
1431 297 gi|84 7487 7645 
1343 4881 gi|84 15378 17121 
1345 553 gi|84 17275 17554 
1347 382 gi|84 17838 18067 
1578 5699 gi|84 18951 20461 
1580 339 gi|84 27280 27352 
901 290 gi|84 37652 37774 
1582 290 gi|84 37806 37887 
135 306 gi|84 37821 37918 
1584 1426 gi|84 39292 39499 
1586 347 gi|84 39538 39674 
917 492 gi|85 978 1091 
173 269 gi|85 1003 1091 
1097 410 gi|85 1372 1583 
691 585 gi|85 1381 1687 
1138 548 gi|85 1381 1658 
1140 356 gi|85 1381 1594 
1485 597 gi|85 1385 1695 
1142 395 gi|85 1406 1583 
405 542 gi|85 1410 1701 
1144 501 gi|85 1431 1698 
1146 462 gi|85 1490 1698 
919 478 gi|85 2565 2660 
915 704 gi|85 2668 2961 
1148 445 gi|85 6905 6980 
393 351 gi|85 6916 7020 
1150 5393 gi|85 7751 8378 
1152 3274 gi|85 7782 8495 
1154 17485 gi|85 8803 10818 
1156 15693 gi|85 18728 20521 
1158 296 gi|85 19565 20041 
495 325 gi|85 19565 19885 
1160 1084 gi|85 20077 20255 
1162 2398 gi|85 20829 21115 
1258 254 gi|86 2560 2633 
1260 806 gi|86 4951 5067 
1262 250 gi|86 4956 5111 
1559 983 gi|86 12324 12491 
1264 346 gi|86 12334 12462 
1266 890 gi|86 12343 12462 
1268 782 gi|86 12345 12457 
1270 274 gi|86 12360 12464 
1272 733 gi|86 14368 14464 
1239 318 gi|86 14576 14618 
1237 1367 gi|86 14845 15306 
1274 506 gi|86 15143 15317 
1276 338 gi|86 15144 15299 
1278 533 gi|86 15305 15372 
1280 3653 gi|86 15698 16417 
1282 5987 gi|86 15699 16417 
1284 2682 gi|86 15881 16417 
1286 5369 gi|86 16727 17390 
1288 3507 gi|86 16728 17390 
1290 3556 gi|86 16728 17390 
1292 251 gi|86 17374 17542 
1294 274 gi|86 17388 17418 
1296 414 gi|86 17846 18015 
1298 428 gi|86 17900 18026 
1365 507 gi|86 18064 18173 
1300 1992 gi|86 18202 18583 
1302 336 gi|86 19364 19490 
1304 372 gi|86 19395 19472 
331 864 gi|86 20412 20589 
1306 482 gi|86 20643 20808 
1308 534 gi|86 20821 20981 
1310 315 gi|86 24713 24812 
311 251 gi|86 28946 28986 
1312 741 gi|86 37263 37422 
561 498 gi|86 37264 37433 
1314 453 gi|86 37264 37392 
1316 457 gi|86 37271 37372 
1502 255 gi|87 19337 19412 
1504 1729 gi|87 19547 20292 
1506 1127 gi|87 19671 20289 
1508 261 gi|87 19762 19869 
1510 1605 gi|87 19840 20292 
1512 1483 gi|87 20641 21458 
1514 2336 gi|87 20657 21464 
1516 2330 gi|87 20657 21464 
1518 264 gi|87 20918 21009 
1520 295 gi|87 21300 21409 
1522 261 gi|87 21550 21590 
129 785 gi|88 1064 1661 
1524 1011 gi|88 3471 3688 
225 265 gi|89 15207 15328 
1538 2178 gi|89 24749 25137 
1540 582 gi|89 24817 24902 
518 293 gi|9 5440 5556 
520 272 gi|9 5443 5555 
522 256 gi|9 6199 6263 
524 261 gi|9 9695 9789 
526 255 gi|9 9705 9787 
528 902 gi|9 9853 10485 
530 907 gi|9 9858 11291 
532 522 gi|9 10556 11474 
534 265 gi|9 11330 11473 
536 311 gi|9 32588 32679 
538 582 gi|9 38230 38687 
540 252 gi|9 38543 38582 
542 382 gi|9 39475 40065 
1173 297 gi|90 4728 4847 
521 272 gi|90 4731 4843 
1542 278 gi|90 4738 4870 
1544 257 gi|90 6968 7328 
241 303 gi|90 11826 11987 
1546 811 gi|90 25740 25981 
1548 403 gi|90 25749 25821 
1550 1923 gi|90 25751 26111 
1552 666 gi|90 25752 25923 
1109 277 gi|91 7824 7921 
655 250 gi|91 7826 7885 
1668 262 gi|91 7863 8016 
1672 303 gi|91 8138 8329 
1670 380 gi|91 8138 8251 
1674 279 gi|91 8209 8287 
1676 301 gi|91 8217 8287 
575 311 gi|91 8663 8845 
1678 264 gi|91 8720 8836 
955 275 gi|91 12054 12214 
1680 805 gi|91 16646 16877 
1131 1329 gi|91 16690 18309 
1682 2801 gi|91 16936 18374 
1127 392 gi|91 18312 18483 
1125 338 gi|91 18573 18694 
1684 807 gi|91 18598 18782 
1123 285 gi|91 18696 18758 
819 255 gi|91 35482 35603 
1249 1154 gi|92 3421 3571 
993 653 gi|92 3427 3571 
1724 909 gi|92 3458 3571 
1726 3077 gi|92 3728 4277 
1728 2448 gi|92 4540 5015 
1730 781 gi|92 5051 5176 
1732 1176 gi|92 11812 12110 
37 449 gi|92 11815 12060 
1734 476 gi|92 11824 12130 
1736 682 gi|92 11848 12200 
1738 891 gi|92 11857 12230 
149 382 gi|92 11863 12036 
1740 414 gi|92 11881 12121 
1742 474 gi|92 15360 15495 
1744 262 gi|92 15574 15602 
701 1260 gi|92 22193 23513 
705 262 gi|92 23673 23824 
707 258 gi|92 23991 24072 
709 797 gi|92 24132 24394 
711 728 gi|92 24914 25368 
1746 340 gi|92 25661 26098 
713 1181 gi|92 25738 26124 
1748 255 gi|92 26225 26323 
717 430 gi|92 26376 26530 
1750 409 gi|92 26378 26521 
719 549 gi|92 26793 27060 
721 403 gi|92 27262 27706 
1537 273 gi|92 32718 33060 
1535 756 gi|92 33505 34143 
1533 290 gi|92 34338 34576 
1445 297 gi|92 35030 35173 
1752 422 gi|92 35412 35566 
1754 706 gi|92 35421 35621 
1756 316 gi|92 35446 35598 
1758 572 gi|92 35624 35792 
1762 593 gi|92 35654 35820 
1760 622 gi|92 35654 35779 
263 254 gi|92 36520 36594 
119 302 gi|92 38781 38838 
1303 336 gi|92 38918 39047 
1764 474 gi|92 38949 39066 
1766 342 gi|92 39102 39285 
1612 438 gi|93 4 92 
899 403 gi|93 2043 2305 
897 268 gi|93 2953 3067 
1614 301 gi|93 3819 3935 
1616 339 gi|93 9073 9236 
1618 372 gi|93 9105 9227 
1620 474 gi|93 9110 9233 
1622 257 gi|93 9111 9226 
1265 346 gi|93 9117 9250 
1624 292 gi|93 9117 9231 
1563 334 gi|93 9118 9236 
1626 583 gi|93 9125 9227 
1628 1260 gi|93 13224 13938 
1630 776 gi|93 13651 14178 
1632 448 gi|93 14093 14334 
1634 1142 gi|93 14361 15220 
1636 1340 gi|93 16356 16772 
1539 2178 gi|93 16910 17274 
1638 622 gi|93 17137 17218 
1640 539 gi|93 17217 17301 
1642 302 gi|93 18975 19115 
1644 265 gi|93 19568 19642 
1646 366 gi|93 19664 20020 
1648 315 gi|93 20609 20660 
615 456 gi|93 20619 20787 
27 591 gi|93 20621 20742 
1650 4420 gi|93 20922 21740 
663 2661 gi|93 21702 22245 
679 1572 gi|93 22237 22575 
1652 932 gi|93 22248 22568 
1654 759 gi|93 22251 22526 
803 1079 gi|93 22252 22568 
1145 501 gi|93 22252 22532 
407 997 gi|93 22252 22530 
1656 413 gi|93 22252 22372 
1487 1003 gi|93 22266 22486 
1658 724 gi|93 22292 22563 
345 461 gi|93 22345 22585 
1660 773 gi|93 22385 22558 
1479 323 gi|93 22495 22571 
667 1785 gi|93 22572 23041 
17 624 gi|93 30953 31022 
19 1920 gi|93 36348 36557 
621 287 gi|93 36423 36539 
1662 519 gi|93 37090 37308 
1235 416 gi|93 37103 37308 
1277 338 gi|93 37103 37260 
1664 251 gi|93 37386 37430 
617 293 gi|93 37388 37505 
23 1159 gi|93 37390 37523 
619 288 gi|93 37828 37944 
25 1159 gi|93 37829 37962 
1666 250 gi|93 37830 37869 
1592 724 gi|94 26185 26551 
1594 742 gi|94 26952 27226 
1596 713 gi|94 26952 27226 
335 252 gi|94 27324 27368 
337 2572 gi|94 28353 28826 
339 3085 gi|94 28922 29459 
1463 258 gi|95 369 454 
1768 797 gi|95 2396 2900 
565 611 gi|96 1496 1670 
1780 335 gi|96 1500 1605 
1782 293 gi|96 1590 1670 
1784 523 gi|96 2619 2813 
1786 1551 gi|96 6183 6396 
1788 599 gi|96 16043 16186 
1790 703 gi|96 16056 16136 
585 750 gi|96 26144 26671 
1792 355 gi|96 26297 26481 
587 1289 gi|96 26928 27308 
589 264 gi|96 27359 27489 
591 252 gi|96 27766 27841 
1119 338 gi|96 30374 30523 
1794 407 gi|96 36291 36749 
1796 430 gi|96 36379 36836 
1798 503 gi|96 36402 36769 
1800 257 gi|96 36402 36488 
1802 466 gi|96 36513 36945 
1804 309 gi|96 36534 36709 
1806 310 gi|96 36603 36951 
1808 294 gi|96 36651 36844 
1810 313 gi|96 36706 37042 
1598 667 gi|97 1289 1457 
1600 1504 gi|97 1783 2416 
1602 277 gi|97 2201 2673 
293 1328 gi|97 2615 3232 
1439 1806 gi|97 2710 3233 
1604 940 gi|97 2895 3192 
947 256 gi|97 3037 3138 
1606 932 gi|97 5756 5902 
51 686 gi|97 5756 5899 
1019 283 gi|97 5776 5846 
1047 254 gi|97 5784 5888 
1608 5047 gi|97 37099 37672 
1610 453 gi|97 37236 37671 
1597 713 gi|97 37334 37603 
1776 362 gi|98 5410 5647 
1778 348 gi|98 14887 14982 
1922 280 gi|99 2821 3018 
1924 531 gi|99 19991 20345 
963 273 gi|99 33850 34085 
1926 277 gi|99 34505 34646 
1928 272 gi|99 34556 34673 
1930 255 gi|99 34598 34730 
1932 683 gi|99 38711 38833 
