#  fam    ele   dir  sequence    start     end
     1      1  1       gi|1     7716     7808 
     1    229 -1     gi|135     6587     6677 
     1    233 -1     gi|135    17184    17277 
     2      2  1       gi|1    31615    31662 
     2   1042  1      gi|45    13046    13093 
     3      3  1       gi|1    32413    33059 
     3   1043  1      gi|45    13404    14027 
     4      5  1      gi|10    15898    16150 
     4    884  1     gi|227    21988    22277 
     4    386 -1     gi|155     7502     7663 
     5      6  1      gi|10    35139    35617 
     5    982 -1      gi|36     5956     9742 
     5    335  1     gi|149     3397     7316 
     5   1128  1      gi|62    10649    12416 
     6      7  1     gi|100        1      618 
     6    350  1     gi|150    11586    12229 
     7      8  1     gi|100    12013    12139 
     7    909 -1     gi|231     8173     8311 
     7   1379  1     gi|117    26694    26828 
     7   1380 -1     gi|149    27917    28056 
     7   1383  1      gi|11    25548    25687 
     8      9  1     gi|100    19618    19785 
     8    269  1      gi|14     1013     1221 
     8    488 -1     gi|169     7564     7653 
     8     16 -1     gi|102     8403     8507 
     9     10  1     gi|100    25355    25472 
     9    886  1     gi|227    37360    37467 
    10     11  1     gi|100    27443    27534 
    10    280  1     gi|142    20980    21087 
    10   1384 -1      gi|61    23403    23483 
    10   1385  1      gi|40     8151     8247 
    11     12  1     gi|100    39727    39807 
    11    239  1     gi|136    12529    12624 
    12     13  1     gi|102      565      770 
    12   1387 -1     gi|165     1381     1695 
    12   1396  1     gi|199    17904    18374 
    12    482 -1     gi|169      155      508 
    12   1388  1      gi|53    25128    25526 
    12   1391  1     gi|166    19792    19854 
    12   1398  1     gi|125     9981    10296 
    12   1399 -1     gi|102      799      893 
    12     35 -1     gi|107    11252    11611 
    12   1389 -1     gi|164    34463    34606 
    12   1390  1     gi|166    19548    19786 
    12   1394 -1     gi|174    26348    26749 
    12   1397 -1      gi|60    37901    38124 
    12    399 -1     gi|157     7107     7438 
    12    468 -1     gi|166    27927    28016 
    12   1393  1      gi|17     7569     7694 
    13     15  1     gi|102      960     1069 
    13   1048  1      gi|46     1104     1226 
    13   1051 -1      gi|46    16433    16533 
    13   1052  1      gi|46    17153    17260 
    13   1057  1      gi|46    32427    32536 
    14     17  1     gi|102    12318    12569 
    14    653  1     gi|190    10039    10278 
    15     18  1     gi|102    13519    13648 
    15     30  1     gi|106    34521    34730 
    15    651  1      gi|19    36878    36986 
    15    655  1     gi|190    10618    10740 
    16     19  1     gi|104    23454    24457 
    16    674  1     gi|195    20652    21628 
    16   1400 -1     gi|223    13070    13167 
    17     20  1     gi|104    24521    25062 
    17    675  1     gi|195    21603    22155 
    17     21  1     gi|104    25009    25328 
    18     22  1     gi|104    25227    25500 
    18    676  1     gi|195    22091    22346 
    19     24  1     gi|105     9598     9708 
    19    929 -1      gi|26    17335    17448 
    20     25  1     gi|105    30962    31107 
    20    785  1     gi|213    18332    18473 
    21     26  1     gi|106     5066     5606 
    21    352  1     gi|150    17720    18213 
    22     27  1     gi|106     5798     5864 
    22    353  1     gi|150    18333    18399 
    23     28  1     gi|106     5952     6361 
    23    354  1     gi|150    18428    18833 
    24     29  1     gi|106    19991    20345 
    24   1097 -1      gi|54    28265    28654 
    24     50  1     gi|108    39591    39849 
    25     31  1     gi|106    38711    38839 
    25    241 -1     gi|136    18829    18955 
    25    273 -1     gi|141     2559     2665 
    26     32  1     gi|107     4170     5201 
    26    923 -1      gi|24     9982    11014 
    27     33  1     gi|107     6969     7103 
    27    301 -1     gi|145    14003    14149 
    27   1402  1     gi|169     1484     1625 
    28     34  1     gi|107    10130    10249 
    28    528 -1     gi|174    31838    31957 
    29     36  1     gi|107    12419    12506 
    29    227 -1     gi|134    18787    19645 
    29    349 -1     gi|150     9663    10522 
    30     37  1     gi|107    19033    19113 
    30    602 -1     gi|181    12723    12812 
    31     38  1     gi|107    20634    20744 
    31    338  1     gi|149    15609    15832 
    31    331  1     gi|148    31947    32123 
    31     39  1     gi|107    20960    21051 
    31   1065  1      gi|47    20979    21201 
    32     40  1     gi|107    27389    27453 
    32    873  1     gi|226      591      653 
    33     41  1     gi|107    27561    27787 
    33    180  1     gi|128    13579    14257 
    33   1135  1      gi|62    20938    21643 
    33   1275 -1      gi|85    14521    14763 
    34     42  1     gi|107    27811    27918 
    34    105 -1     gi|114    26247    26385 
    34    902 -1      gi|23    25489    25637 
    35     43  1     gi|107    29710    29901 
    35    370  1     gi|153    24498    24706 
    36     44  1     gi|108    13716    14069 
    36    649  1      gi|19    28388    28729 
    37     45  1     gi|108    15111    15193 
    37    650  1      gi|19    29830    29912 
    38     47  1     gi|108    28473    28624 
    38    682  1     gi|197     2816     2963 
    39     48  1     gi|108    30187    30390 
    39    224  1     gi|134     3173     3399 
    39    264  1     gi|139     8299     8489 
    39   1364 -1       gi|1    34605    34820 
    39   1369  1      gi|83     7946     8160 
    39   1371  1     gi|152    31566    31777 
    39   1375 -1     gi|228    34007    34247 
    39   1377 -1      gi|83    14501    14712 
    39   1378  1     gi|229    34065    34298 
    39    217  1     gi|132    23128    23185 
    39    724 -1     gi|202    36682    36751 
    39   1367 -1      gi|68     3003     3064 
    40     49  1     gi|108    39373    39487 
    40   1160 -1      gi|65    18402    18512 
    41     51  1     gi|109     1869     1953 
    41    444 -1     gi|165     2774     2952 
    41     53 -1     gi|109     3344     3473 
    41    442  1     gi|165      979     1101 
    42     52  1     gi|109     3063     3297 
    43     54  1     gi|109     6672     6715 
    43    887 -1     gi|227    37423    38207 
    43   1310  1       gi|9    14149    14823 
    43   1289  1      gi|86    18314    18420 
    44     55  1     gi|109    12789    12979 
    44    788 -1     gi|214     4440     4639 
    45     56  1     gi|109    17914    17982 
    45    835 -1     gi|221    29364    29429 
    46     57  1     gi|109    18632    18708 
    47     58  1     gi|109    30350    30459 
    47    598 -1     gi|180    35509    35754 
    47    185 -1     gi|129    27258    27502 
    48     59  1     gi|109    31996    32093 
    48    387 -1     gi|155     7649     7911 
    48    513 -1     gi|171    23282    23550 
    49     60  1     gi|109    37307    38248 
    50     61  1     gi|109    39303    39466 
    50    633 -1     gi|186    12615    12773 
    50    671 -1     gi|194     2447     2637 
    50    632 -1     gi|186     6729     6866 
    51     62  1      gi|11    13861    14174 
    52     64  1      gi|11    26368    26504 
    52    672 -1     gi|194     3481     3629 
    53     66  1      gi|11    36269    36415 
    53    266  1     gi|139    11804    11948 
    54     67  1     gi|110    10849    10895 
    54    957  1      gi|31    25256    25301 
    55     68  1     gi|110    11515    11578 
    55    694  1     gi|199    17797    17861 
    56     69  1     gi|110    20667    21069 
    56   1311 -1      gi|90    18480    19284 
    56    809  1     gi|217     8229     9060 
    56    149 -1     gi|121     4556     5100 
    56    240 -1     gi|136    16480    16619 
    56   1117 -1      gi|59    13409    13514 
    57     70  1     gi|110    23085    23157 
    57   1303  1      gi|89    29036    29108 
    58     71  1     gi|110    26211    26639 
    58    916  1     gi|231    33029    33484 
    59     72  1     gi|110    26850    26942 
    59   1330  1      gi|95    13916    14005 
    60     73  1     gi|110    29577    29672 
    60   1304  1      gi|89    30953    31048 
    61     74  1     gi|110    30048    30230 
    61   1305  1      gi|89    31365    31538 
    62     75  1     gi|110    36396    36554 
    62   1058 -1      gi|46    37462    37645 
    63     76  1     gi|112      906     1060 
    63    503  1      gi|17    21050    21209 
    64     77  1     gi|112     5033     5344 
    64    487 -1     gi|169     4021     4394 
    65     78  1     gi|112    10685    11006 
    65    983 -1      gi|36     9739    10058 
    65    537  1     gi|175    30878    30971 
    65   1249  1       gi|8    17973    18238 
    65   1417  1     gi|112    32067    32518 
    65     81 -1     gi|112    11548    11672 
    65    836 -1     gi|221    29470    29544 
    65    837 -1     gi|221    29545    29591 
    65    494 -1     gi|169    23375    23565 
    65    990 -1      gi|36    26102    26406 
    65   1485 -1     gi|225     9280     9732 
    66     79  1     gi|112    11132    11317 
    66   1421 -1      gi|32    32592    33027 
    66     80 -1     gi|112    11278    11546 
    66     82  1     gi|112    17112    17459 
    66    456 -1     gi|166    16097    16191 
    66   1420 -1      gi|32    32556    32591 
    66    989 -1      gi|36    25947    26160 
    66    454 -1     gi|166    15068    15235 
    67     83  1     gi|112    17616    18271 
    67   1285 -1      gi|85    27173    27782 
    68     84  1     gi|112    18590    18770 
    68   1284 -1      gi|85    26837    27059 
    69     85  1     gi|112    19020    22567 
    69    995  1      gi|36    32187    32295 
    69   1423  1      gi|85    24556    24787 
    69   1422  1      gi|85    21223    24554 
    69    336 -1     gi|149    11996    12223 
    69    574  1     gi|178    13085    13246 
    70     86  1     gi|112    22625    22845 
    70   1425  1      gi|36    32816    33337 
    70   1429  1     gi|112    34371    34519 
    70   1430  1     gi|112    34566    35048 
    71     88  1     gi|112    23776    25124 
    71    144 -1      gi|12    27412    27562 
    71    379 -1     gi|154    26475    26590 
    71    391 -1     gi|156    10384    10476 
    71    423 -1     gi|164     9875    10865 
    72     89  1     gi|112    24599    26085 
    72    422 -1     gi|164     8358     9933 
    72    862 -1     gi|225    15535    16449 
    72   1326 -1      gi|94    16520    16617 
    73     90  1     gi|112    26086    26527 
    73    108  1     gi|115    18736    19202 
    74     91  1     gi|112    27775    27869 
    74    459 -1     gi|166    17051    17157 
    75     92  1     gi|112    28407    28633 
    75   1000  1      gi|36    38293    38519 
    76     93  1     gi|112    28611    29822 
    76    861 -1     gi|225    11719    12999 
    76     95  1     gi|112    29961    30042 
    76    722 -1     gi|201    24479    24531 
    77     94  1     gi|112    29783    29963 
    77    104 -1     gi|114    10884    11066 
    78     96  1     gi|112    30045    31044 
    78    113  1     gi|115    20898    21946 
    79    100  1     gi|112    35786    36050 
    79    207 -1     gi|130     8395     8659 
    80    101  1     gi|113       11      123 
    80    998  1      gi|36    35708    35854 
    81    102  1     gi|114       93      512 
    81    161  1     gi|123    22719    23142 
    82    103  1     gi|114     9007     9168 
    82    597 -1     gi|180    31972    32153 
    83    106  1     gi|114    32859    32990 
    83   1129 -1      gi|62    13900    14034 
    84    107  1     gi|115    17265    17403 
    84    654 -1     gi|190    10248    10386 
    85    109  1     gi|115    19052    19595 
    85    450 -1     gi|166        1      546 
    85    110  1     gi|115    19547    19663 
    85    112  1     gi|115    20090    20536 
    86    111  1     gi|115    19743    20017 
    86    997  1      gi|36    35045    35319 
    87    114  1     gi|116     2322     2446 
    87    165  1     gi|124    32339    32443 
    87   1015  1      gi|40    12844    12960 
    87   1446  1     gi|116    24826    24961 
    87   1447  1     gi|188    29659    29786 
    87    166 -1     gi|124    32905    33054 
    88    115  1     gi|116     5422     6632 
    88   1179  1      gi|67    33111    34214 
    89    116  1     gi|116     6750     8042 
    89   1180  1      gi|67    34255    35556 
    90    117  1     gi|116    22109    22184 
    90    163 -1     gi|124    19658    19728 
    91    119  1     gi|116    26492    26564 
    91    393  1     gi|156    21006    21082 
    92    120  1     gi|116    30515    30738 
    92   1302 -1      gi|89    23013    23242 
    92    316 -1     gi|146    27341    27407 
    93    121  1     gi|116    31320    31591 
    93   1301 -1      gi|89    22249    22460 
    94    122  1     gi|117      269      406 
    94    607  1     gi|182    14017    14162 
    95    124  1     gi|117     4070     4142 
    95    740 -1     gi|207    16510    16582 
    96    125  1     gi|117    26214    26479 
    96    344 -1      gi|15    25337    25541 
    96   1156 -1      gi|65    15618    15860 
    97    126  1     gi|117    26490    26534 
    97   1327  1      gi|95     5170     5217 
    98    127  1     gi|117    26567    26647 
    99    129  1     gi|117    27173    29058 
    99    799 -1     gi|216     5201     7104 
    99    937 -1      gi|29    13299    13558 
    99   1317 -1      gi|91    22815    22890 
   100    130  1     gi|119     5514     5975 
   100    956 -1      gi|31    24646    25152 
   100    992 -1      gi|36    26607    27096 
   100   1176 -1      gi|67    28416    28911 
   100   1431 -1     gi|112    35074    35600 
   100   1434  1      gi|31    23990    24513 
   100   1438  1      gi|68    12089    12504 
   100   1426 -1      gi|36    33340    33893 
   100   1433  1     gi|117     1222     1782 
   100   1436 -1      gi|67    25042    25436 
   100   1437 -1      gi|67    31912    32475 
   100   1171 -1      gi|66    29874    30109 
   100    375 -1     gi|154    17893    17977 
   100    382  1     gi|154    28729    28826 
   100   1435 -1      gi|67    25009    25041 
   101    131  1     gi|119     8020     8184 
   101    684 -1     gi|197    24552    24720 
   102    132  1     gi|119    21821    23256 
   102    558  1     gi|177    14074    15510 
   103    133  1     gi|119    23669    24274 
   103    559  1     gi|177    15610    16210 
   104    134  1     gi|119    24526    25169 
   104    560  1     gi|177    16311    16952 
   105    135  1     gi|119    25323    26592 
   105    561  1     gi|177    17056    18405 
   106    136  1     gi|119    29073    29141 
   106    500  1     gi|169    32099    32169 
   107    137  1      gi|12    13450    14149 
   107    627 -1     gi|185    30502    31167 
   108    138  1      gi|12    14076    14246 
   108   1068 -1      gi|48     4041     5478 
   108    332 -1     gi|148    36385    37882 
   108    188  1     gi|129    31415    31558 
   109    139  1      gi|12    14636    14778 
   109    626 -1     gi|185    29940    30082 
   110    140  1      gi|12    26215    26533 
   110   1119  1      gi|59    39542    39867 
   111    141  1      gi|12    26791    26920 
   111    689  1     gi|198    31843    32127 
   111    496 -1     gi|169    24090    24275 
   111   1040 -1      gi|45    11648    11802 
   111   1094 -1      gi|53    24734    25002 
   111   1116 -1      gi|58    15401    15690 
   111   1120  1      gi|59    39850    39994 
   111   1296  1      gi|87     8198     8456 
   111    681  1     gi|196    34043    34199 
   112    142  1      gi|12    26917    27060 
   112   1246 -1      gi|79    18769    18914 
   113    145  1      gi|12    29679    30058 
   113   1409  1     gi|209    19537    19905 
   113   1024  1      gi|42     5189     5268 
   113    277 -1     gi|142     4187     4292 
   113   1072  1      gi|49    35757    36059 
   113   1073  1      gi|49    36109    36204 
   114    146  1      gi|12    31647    32026 
   114    538  1     gi|175    37608    38001 
   115    147  1      gi|12    37354    37647 
   115    415 -1     gi|162    14904    15220 
   116    148  1     gi|120    23339    23873 
   116    478 -1     gi|168    34989    35531 
   116   1190  1       gi|7    28924    29457 
   117    150  1     gi|121     8502     9473 
   118    151  1     gi|121    12135    12333 
   118   1111 -1      gi|56    38469    38627 
   119    152  1     gi|121    18098    19531 
   119    901 -1      gi|23    19870    21346 
   119   1032 -1      gi|43    37755    37996 
   120    153  1     gi|121    32229    32502 
   120    941 -1       gi|3     7320     7513 
   120    543  1     gi|176     2444     2714 
   120    545  1     gi|176     8798     8886 
   121    154  1     gi|122    24343    24413 
   121   1002 -1      gi|37    11085    11159 
   122    155  1     gi|122    26149    26239 
   122   1152 -1      gi|64    21246    21338 
   123    156  1     gi|123    12363    12433 
   123    882  1     gi|226    18858    20091 
   123    718 -1     gi|201      952     2164 
   124    157  1     gi|123    20010    20258 
   124    201 -1      gi|13    38819    39062 
   125    158  1     gi|123    20420    20489 
   125   1254  1       gi|8    24096    24170 
   126    159  1     gi|123    20505    20634 
   126    828  1     gi|220    22315    22447 
   127    160  1     gi|123    20614    20956 
   127    200 -1      gi|13    37768    38115 
   128    162  1     gi|123    34916    34985 
   128   1297 -1      gi|87    28039    28104 
   129    167  1     gi|125     9841     9976 
   129    769 -1     gi|210    27938    28071 
   130    169  1     gi|125    10302    10546 
   130    210 -1     gi|130    34920    35160 
   131    170  1     gi|125    10583    10742 
   131    320 -1     gi|148     3991     4421 
   131    645  1     gi|189    32434    32907 
   131   1108 -1      gi|56     5641     5997 
   131    219 -1     gi|132    32726    33149 
   131   1469 -1       gi|7     6137     6457 
   131    951 -1      gi|30    35005    35325 
   131    321 -1     gi|148     4322     4616 
   131   1470  1     gi|142    17650    17843 
   131   1050  1      gi|46    16223    16368 
   132    171  1     gi|125    29042    29255 
   132   1158 -1      gi|65    16052    16300 
   133    172  1     gi|125    29256    29368 
   133    302 -1     gi|145    14659    15096 
   133   1277  1      gi|85    15077    15509 
   134    173  1     gi|125    29910    32086 
   134    758  1     gi|210    10380    12525 
   134    767  1     gi|210    26369    27484 
   135    174  1     gi|125    37676    37754 
   135    563  1     gi|177    29629    29702 
   135    731 -1     gi|205    28089    28173 
   136    175  1     gi|126     6597     6789 
   136    664  1     gi|190    31627    31819 
   137    176  1     gi|126    12974    13081 
   137   1036  1      gi|45     2261     2368 
   138    177  1     gi|126    13245    13697 
   138   1037  1      gi|45     2429     2862 
   139    178  1     gi|127    10181    10249 
   140    179  1     gi|127    29743    30132 
   140   1362 -1      gi|98    39214    39616 
   141    181  1     gi|128    31871    31924 
   141    616 -1     gi|183    32182    32241 
   142    182  1     gi|129     5042     5178 
   142   1112 -1      gi|57    31753    31898 
   143    183  1     gi|129    17299    17700 
   143    518 -1     gi|172    24901    25348 
   144    184  1     gi|129    18321    18496 
   144   1233 -1      gi|78    19609    19784 
   144   1200  1      gi|71    10382    10504 
   145    186  1     gi|129    28705    29206 
   145    334 -1     gi|148    39818    40316 
   146    187  1     gi|129    30471    30806 
   146    333 -1     gi|148    38193    38514 
   147    189  1     gi|129    35040    35161 
   147   1210 -1      gi|74    12849    12973 
   148    190  1     gi|129    35230    35462 
   148    260 -1     gi|138    16711    16975 
   148    299  1     gi|145    13460    13549 
   149    191  1     gi|129    35587    35665 
   149    777 -1     gi|212      525      602 
   150    192  1     gi|129    35657    35837 
   150    520 -1     gi|173    33279    34020 
   150   1251  1       gi|8    19870    19922 
   150   1253  1       gi|8    20131    20813 
   151    193  1     gi|129    35860    35979 
   151    483  1     gi|169      522      634 
   152    194  1     gi|129    36490    36623 
   152   1055  1      gi|46    23057    23193 
   153    195  1      gi|13     7763     7876 
   153    342  1      gi|15    19576    19689 
   154    197  1      gi|13    10846    11339 
   154    590  1     gi|179    17263    17633 
   154    958 -1      gi|31    35511    35671 
   155    198  1      gi|13    15316    15394 
   155   1308  1       gi|9     2210     2281 
   156    199  1      gi|13    37547    37593 
   156   1324 -1      gi|93     8471     8516 
   157    202  1     gi|130        2     1414 
   157    691  1     gi|199    10164    11559 
   157   1248  1       gi|8     8316     8479 
   158    203  1     gi|130     6691     6850 
   158    357 -1     gi|150    23286    23467 
   158    825 -1     gi|220    20291    20463 
   158    228  1     gi|134    29115    29213 
   158    406 -1     gi|159    14677    14792 
   159    204  1     gi|130     6929     7399 
   159    881 -1     gi|226    18432    18902 
   160    205  1     gi|130     7389     7497 
   160   1001 -1      gi|36    38750    39541 
   160    728  1     gi|205     1799     2489 
   160    719  1     gi|201     1894     2685 
   161    206  1     gi|130     7981     8307 
   161   1060 -1      gi|47     2098     2424 
   162    208  1     gi|130    25715    25923 
   162    745 -1     gi|208    32139    32352 
   163    209  1     gi|130    33360    33398 
   163    275 -1     gi|141    15380    15418 
   164    211  1     gi|131      167      239 
   164    729 -1     gi|205     9995    10759 
   164    878  1     gi|226     7494     8048 
   164    924  1      gi|24    21320    21874 
   164   1130 -1      gi|62    14348    14591 
   164    859 -1     gi|225      656     1026 
   165    212  1     gi|132     1010     1092 
   165   1223  1      gi|77    21076    21165 
   166    213  1     gi|132     6565     6710 
   166    263  1     gi|139     5984     6135 
   167    214  1     gi|132    18043    18175 
   167   1231  1      gi|78    15693    15826 
   168    215  1     gi|132    18706    18772 
   168    341  1      gi|15     2654     2728 
   169    216  1     gi|132    22427    22847 
   169    732 -1     gi|205    37141    37561 
   169    928 -1      gi|25    34667    34770 
   169   1020  1      gi|41    10720    10763 
   170    218  1     gi|132    32104    32719 
   170    709 -1      gi|20    22303    23535 
   170   1219 -1      gi|76     6087     6201 
   170    327  1     gi|148    19373    20217 
   170    328  1     gi|148    20263    20573 
   170    779 -1     gi|212     1307     1839 
   170    783  1     gi|212    23606    24932 
   170    778  1     gi|212      912     1272 
   171    221  1     gi|133    15069    15383 
   171    726 -1     gi|203    29911    30222 
   172    222  1     gi|133    24817    24968 
   172    362  1     gi|150    33712    33851 
   173    223  1     gi|133    37584    37687 
   173   1146 -1      gi|63    17620    17721 
   174    225  1     gi|134     8835     9344 
   174    477 -1     gi|168    34536    34984 
   174   1359  1      gi|98    21102    21316 
   174    877 -1     gi|226     1417     1649 
   174    479 -1     gi|168    35535    35626 
   175    226  1     gi|134     9354     9990 
   175    476 -1     gi|168    33095    33684 
   176    230  1     gi|135    16840    16939 
   177    231  1     gi|135    16914    17040 
   178    232  1     gi|135    17015    17147 
   179    234  1     gi|135    19224    19360 
   179   1247 -1      gi|79    40124    40285 
   180    235  1     gi|135    27193    27311 
   180    696 -1     gi|199    24678    24795 
   181    237  1     gi|136     6399     6606 
   181   1018  1      gi|40    36383    36588 
   182    238  1     gi|136     8810     8844 
   182    657 -1     gi|190    21612    21646 
   183    242  1     gi|136    36175    36225 
   183   1465 -1      gi|92    30311    30433 
   183   1255  1       gi|8    28953    29399 
   183    388 -1     gi|155    36561    36963 
   183   1472 -1      gi|92    29874    30045 
   183    817 -1     gi|219    25612    25728 
   183    819 -1     gi|219    26784    26874 
   183   1474 -1     gi|144     1600     1665 
   184    243  1     gi|136    36316    36582 
   184    782  1     gi|212    14852    15088 
   185    245  1     gi|137      507      645 
   185    485 -1     gi|169     1200     1510 
   185    610 -1     gi|182    17183    17568 
   185    802  1     gi|217     1809     2068 
   185    926  1      gi|25    33783    34049 
   185   1099 -1      gi|55    22624    22727 
   186    246  1     gi|137      778     1711 
   186    591  1      gi|18     1909     2090 
   186   1212 -1      gi|74    14120    14976 
   187    247  1     gi|137     1720     1773 
   187    523  1     gi|173    34594    34645 
   188    248  1     gi|137     7522     7623 
   188    288  1     gi|143    37839    37916 
   188   1295  1      gi|86    25334    25422 
   188    250  1     gi|137    17888    17989 
   188    251 -1     gi|137    20307    20408 
   189    249  1     gi|137     9043     9490 
   189   1023 -1      gi|41    36396    36832 
   189    854 -1     gi|224    26952    27226 
   190    252  1     gi|137    21200    21847 
   190   1241 -1      gi|79     5813     6444 
   191    253  1     gi|137    21835    21938 
   192    255  1     gi|137    22204    22423 
   192    506 -1      gi|17    31304    31523 
   193    256  1     gi|137    25801    26061 
   193    504  1      gi|17    29003    29363 
   193   1225 -1      gi|77    25070    25425 
   193   1401 -1     gi|104    26555    26785 
   194    257  1     gi|137    26089    27854 
   194    505  1      gi|17    29511    31270 
   194   1084  1      gi|51    37696    39176 
   194    776 -1     gi|212       26      551 
   194   1062 -1      gi|47     2620     3056 
   195    258  1     gi|137    35774    35882 
   195   1291 -1      gi|86    19380    19487 
   196    259  1     gi|137    36434    36925 
   196   1290 -1      gi|86    18878    19371 
   197    261  1     gi|138    17188    17329 
   197    298 -1     gi|145    13282    13400 
   198    262  1     gi|138    24476    24616 
   198    931  1      gi|28     7343     7447 
   198    940 -1       gi|3     7118     7234 
   199    265  1     gi|139     9347     9535 
   199   1245 -1      gi|79    17551    17741 
   200    267  1     gi|139    12327    12593 
   200    369  1     gi|153    21738    22004 
   201    268  1     gi|139    18758    18880 
   201    615 -1     gi|183    28082    28211 
   202    270  1     gi|140     4728     4847 
   202   1214  1      gi|74    17561    17680 
   203    271  1     gi|140    25751    26249 
   203   1082  1      gi|51    37008    37400 
   203   1360 -1      gi|98    31679    32208 
   204    272  1     gi|140    32113    32227 
   204   1344 -1      gi|97    24844    24949 
   205    274  1     gi|141     3822     3910 
   205    702  1       gi|2    28573    28657 
   206    276  1     gi|142      723      924 
   206    555  1     gi|177     8102     8327 
   206    619  1     gi|184     7284     7507 
   206    624 -1     gi|185      556      692 
   207    278  1     gi|142     6238     6367 
   207    818 -1     gi|219    25875    26376 
   207   1256  1       gi|8    29645    30115 
   208    281  1     gi|142    22974    23103 
   208    621  1     gi|184    18038    18197 
   208   1319 -1      gi|92     8689     8843 
   209    282  1     gi|142    25418    25573 
   209    617  1     gi|183    39062    39217 
   210    283  1     gi|142    25967    26336 
   210    618  1     gi|183    39628    40000 
   211    284  1     gi|142    26337    26638 
   211   1286  1      gi|86        1      303 
   212    285  1     gi|142    26931    26997 
   212   1287  1      gi|86      673      737 
   213    286  1     gi|143     3873     4001 
   213   1185 -1      gi|69    36292    36444 
   214    287  1     gi|143    17192    17499 
   214    511  1     gi|171     9123     9697 
   214    913  1     gi|231    15710    16227 
   215    289  1     gi|143    37915    38234 
   215    661  1     gi|190    23375    23698 
   216    291  1     gi|144     1689     2203 
   216    714 -1     gi|200    25975    26477 
   216    748  1     gi|209    10342    10797 
   217    292  1     gi|144    19924    20063 
   217    401  1     gi|157    40389    40703 
   217    295  1     gi|144    20725    20830 
   217    622  1     gi|184    18470    18606 
   217    763 -1     gi|210    14841    14958 
   217   1466 -1     gi|137    21889    22203 
   218    293  1     gi|144    20097    20327 
   218    804  1     gi|217     2790     3042 
   218   1239  1      gi|79     5061     5152 
   219    294  1     gi|144    20328    20488 
   219    806  1     gi|217     3344     3505 
   220    296  1     gi|144    20820    21014 
   220   1468  1     gi|206     6877     7012 
   220   1467  1     gi|206     6836     6877 
   221    297  1     gi|144    38985    39065 
   221    991  1      gi|36    26461    26541 
   222    300  1     gi|145    13925    14015 
   222    356  1     gi|150    23124    23190 
   222    781  1     gi|212    13027    13116 
   223    303  1     gi|145    15242    15494 
   224    304  1     gi|145    25390    25496 
   224    792 -1     gi|214    31510    31616 
   225    305  1     gi|145    25488    26017 
   225    791 -1     gi|214    30944    31453 
   226    306  1     gi|145    26044    26813 
   227    307  1     gi|145    31161    31256 
   227    601  1     gi|181     9256     9329 
   227    692 -1     gi|199    13197    13280 
   228    308  1     gi|145    37975    38191 
   228    933  1      gi|28    16529    17052 
   228    810 -1     gi|217    11124    11597 
   229    309  1     gi|146     1302     1451 
   229    501 -1      gi|17     5851     5992 
   229   1217  1      gi|74    30472    30603 
   229    311  1     gi|146     1836     1970 
   229    312 -1     gi|146    11041    11181 
   230    310  1     gi|146     1565     1715 
   230   1067  1      gi|47    25427    25570 
   231    313  1     gi|146    15870    15975 
   231    755  1     gi|209    23683    23794 
   232    314  1     gi|146    17442    18017 
   233    315  1     gi|146    24116    24336 
   233    670  1     gi|193    37406    37601 
   234    317  1     gi|147    21460    21658 
   234    896 -1     gi|229     8819     9020 
   235    318  1     gi|147    37106    37152 
   235    533 -1     gi|175    21987    22034 
   236    319  1     gi|148     3484     3579 
   236    548 -1     gi|176    22313    23695 
   236   1456  1      gi|32    20412    22046 
   236   1453  1     gi|176    36203    37863 
   236    762 -1     gi|210    14740    14806 
   237    322  1     gi|148    15009    15147 
   237    472  1     gi|168    30991    31161 
   238    323  1     gi|148    15615    15778 
   238    473  1     gi|168    31218    31347 
   239    324  1     gi|148    15779    18179 
   239    480  1     gi|168    35847    38230 
   240    325  1     gi|148    18771    19041 
   240   1010  1      gi|38    34748    35018 
   241    326  1     gi|148    18986    19138 
   241    832  1     gi|220    23378    23487 
   241   1298 -1      gi|88      677      818 
   242    330  1     gi|148    30969    31087 
   242    397  1     gi|157     1394     1512 
   243    337  1     gi|149    13645    13738 
   243   1351 -1      gi|97    36418    36509 
   244    339  1     gi|149    17003    17369 
   244   1022 -1      gi|41    16401    16762 
   245    345  1      gi|15    25631    25847 
   245    756 -1      gi|21        1      235 
   246    346  1      gi|15    27423    27520 
   246    876 -1     gi|226     1374     1458 
   247    347  1      gi|15    31751    31933 
   247   1261  1      gi|82     5874     6071 
   248    348  1      gi|15    32353    33144 
   248   1262  1      gi|82     6544     7279 
   249    351  1     gi|150    14311    14458 
   249    514  1     gi|171    27775    27855 
   249   1321 -1      gi|92    18895    19065 
   250    355  1     gi|150    22871    23092 
   250   1021 -1      gi|41    11330    11450 
   251    358  1     gi|150    23457    23580 
   251    439 -1     gi|164    36349    36476 
   252    359  1     gi|150    23582    23722 
   252    516 -1     gi|172     1854     2015 
   252   1141 -1      gi|62    24985    25154 
   253    360  1     gi|150    24434    24531 
   253   1140 -1      gi|62    24495    24591 
   254    361  1     gi|150    33538    33671 
   254    611 -1     gi|182    17820    18042 
   254    890  1     gi|228    33211    33713 
   255    363  1     gi|151    11420    11480 
   255   1354 -1      gi|98    10911    10969 
   256    364  1     gi|151    14459    14634 
   256    400  1     gi|157    11021    11190 
   257    365  1     gi|151    35754    35848 
   257    699 -1     gi|199    40591    40680 
   258    366  1     gi|151    37978    38033 
   258   1025  1      gi|42    38468    38534 
   259    367  1     gi|151    40543    40627 
   259    474 -1     gi|168    31409    31867 
   259    723  1     gi|202    36257    36684 
   260    371  1     gi|154     3922     4051 
   260   1026  1      gi|43     2610     2740 
   261    372  1     gi|154     4361     4814 
   261    404  1     gi|158    31989    32435 
   261   1027  1      gi|43     3178     3305 
   262    373  1     gi|154    11063    11177 
   262    562 -1     gi|177    23527    25647 
   262    833  1     gi|220    23582    25566 
   263    374  1     gi|154    11415    11534 
   263   1153 -1      gi|64    35616    35736 
   264    376  1     gi|154    18249    19009 
   264   1102 -1      gi|55    23445    24206 
   265    377  1     gi|154    19555    19744 
   265   1101 -1      gi|55    23259    23454 
   266    378  1     gi|154    23978    26406 
   266    667  1     gi|192     3534     3848 
   266   1229  1      gi|78     3626     6047 
   266   1230  1      gi|78     6048     6087 
   266    553 -1     gi|176    39143    39290 
   266    666  1     gi|192     2482     2606 
   267    380  1     gi|154    27197    27399 
   267   1358 -1      gi|98    20784    20988 
   268    381  1     gi|154    27651    28193 
   268   1100 -1      gi|55    22716    23242 
   269    383  1     gi|154    29657    29757 
   269    402  1     gi|158    13301    13415 
   270    384  1     gi|155     2226     2611 
   270   1172  1      gi|67     8601     8980 
   271    385  1     gi|155     2611     3631 
   271   1173  1      gi|67     9049    10089 
   272    389  1     gi|156     1755     1858 
   272    546 -1     gi|176     8988     9091 
   272    395 -1     gi|156    23799    23902 
   273    390  1     gi|156     2079     2151 
   273    544 -1     gi|176     8521     8590 
   273    394 -1     gi|156    23529    23578 
   274    392  1     gi|156    11506    11591 
   274    774  1     gi|211     7319     7407 
   275    396  1     gi|157        1     1262 
   275   1195  1      gi|71        8      208 
   275   1198  1      gi|71     8400     9225 
   275   1476  1     gi|148    29664    30949 
   275   1477 -1      gi|65        1      426 
   275   1320  1      gi|92    11373    11444 
   276    398  1     gi|157     1568     1653 
   276   1199  1      gi|71     9917    10002 
   277    403  1     gi|158    17510    18089 
   277    420 -1     gi|163    31987    32549 
   278    405  1     gi|159    14309    14436 
   278    952 -1      gi|30    35468    35585 
   279    407  1     gi|159    15288    15335 
   279   1361 -1      gi|98    35167    35215 
   280    408  1     gi|160    15393    15869 
   280   1076  1      gi|50    14077    14541 
   281    409  1     gi|160    16024    16166 
   281   1077  1      gi|50    14651    14793 
   282    410  1     gi|160    16351    16400 
   282   1078  1      gi|50    14921    14970 
   283    411  1     gi|162     7677     7751 
   283    445  1     gi|165     6905     7020 
   283    693  1     gi|199    17550    17662 
   284    412  1     gi|162     7942     8241 
   284   1064  1      gi|47     3101     3410 
   285    413  1     gi|162     8691     8884 
   285    427 -1     gi|164    15589    15779 
   285    527 -1     gi|174    30334    30515 
   285    551 -1     gi|176    38314    38356 
   285    552 -1     gi|176    38798    38882 
   285   1252  1       gi|8    19930    20156 
   286    414  1     gi|162    14142    14242 
   286   1410 -1     gi|215     6865     6995 
   286   1017 -1      gi|40    35270    35410 
   286   1499 -1      gi|95     9633     9726 
   287    416  1     gi|163     3510     3591 
   287    541 -1     gi|176     1198     1272 
   288    417  1     gi|163     3624     4535 
   288    539 -1     gi|176        1      935 
   289    418  1     gi|163     4554     5038 
   289   1480  1     gi|178    29951    31568 
   289    421 -1     gi|163    39497    39982 
   289    425  1     gi|164    13416    13507 
   289   1481 -1      gi|62    15914    17499 
   290    419  1     gi|163     8207     8457 
   290    542 -1     gi|176     1259     1512 
   291    424  1     gi|164    11344    11388 
   291   1439 -1     gi|112    23169    23300 
   291    429  1     gi|164    17177    17226 
   291   1056 -1      gi|46    23306    23348 
   291   1081 -1      gi|51    36644    36691 
   291   1441  1      gi|15    24649    25188 
   291    988  1      gi|36    25411    25949 
   291   1215  1      gi|74    22768    23308 
   291   1440 -1     gi|112    23302    23775 
   291   1445 -1      gi|12    27075    27120 
   291   1066  1      gi|47    24396    24566 
   291    428  1     gi|164    16700    16760 
   291    490 -1     gi|169    22470    22519 
   291    826  1     gi|220    20514    20670 
   291   1442  1     gi|220    20120    20265 
   291   1444  1      gi|47     2000     2113 
   291   1083 -1      gi|51    37546    37617 
   291   1314 -1      gi|91    18980    19076 
   291   1443  1      gi|47     1932     2000 
   292    426  1     gi|164    13780    14859 
   292    451  1     gi|166      546     1671 
   293    430  1     gi|164    23892    24043 
   293    484 -1     gi|169     1111     1260 
   294    431  1     gi|164    24097    25013 
   294    452  1     gi|166     6314     7683 
   294   1169  1      gi|66    27628    28956 
   295    432  1     gi|164    24994    25234 
   295   1170  1      gi|66    29620    29856 
   296    433  1     gi|164    25227    25823 
   296    589 -1     gi|179    10795    11413 
   297    434  1     gi|164    29061    29282 
   297    912 -1     gi|231    14686    14906 
   298    435  1     gi|164    29320    30606 
   298    911 -1     gi|231    13307    14539 
   298    918 -1     gi|231    34955    35289 
   299    436  1     gi|164    33309    33507 
   299    910 -1     gi|231    10148    10365 
   300    437  1     gi|164    33956    34432 
   300    588 -1     gi|179     8858     9359 
   301    440  1     gi|164    36871    37098 
   301    863  1     gi|225    16453    22015 
   301    579 -1     gi|178    16525    22101 
   301    441  1     gi|164    37085    38239 
   302    446  1     gi|165     7751     8378 
   302   1047  1      gi|45    20838    21441 
   303    447  1     gi|165     8803    10817 
   303    703  1      gi|20     5689     6376 
   303   1044  1      gi|45    14649    16650 
   304    448  1     gi|165    18728    20521 
   304    704  1      gi|20     6905     7677 
   304    869  1     gi|225    28068    28243 
   304   1045  1      gi|45    16567    18496 
   305    449  1     gi|165    20829    21115 
   305    705  1      gi|20     7985     8272 
   305   1046  1      gi|45    18804    19091 
   306    453  1     gi|166     8847     9148 
   306   1449  1     gi|169    26901    27203 
   306   1450 -1      gi|81    13466    13611 
   306    963  1      gi|32    22274    22322 
   307    455  1     gi|166    15758    15928 
   307   1278  1      gi|85    16301    17004 
   307    457  1     gi|166    16285    16999 
   308    458  1     gi|166    17006    17062 
   308    855  1     gi|224    27324    27380 
   309    460  1     gi|166    17281    17746 
   309    856  1     gi|224    28353    28826 
   310    461  1     gi|166    17766    18310 
   310    857  1     gi|224    28922    29459 
   311    462  1     gi|166    18339    18382 
   311    899  1     gi|229    34446    34505 
   311   1104 -1      gi|55    24353    24401 
   312    463  1     gi|166    18404    18645 
   312    874 -1     gi|226      684      901 
   313    465  1     gi|166    20308    22079 
   313    535 -1     gi|175    29069    29253 
   313    573 -1     gi|178    11339    13097 
   314    466  1     gi|166    22577    22667 
   314    908  1     gi|230    37932    38026 
   315    467  1     gi|166    23025    23184 
   315    812 -1     gi|217    33502    33664 
   315    813 -1     gi|217    36258    36390 
   316    469  1     gi|167    37374    37419 
   316    638  1     gi|187    17858    17903 
   317    470  1     gi|168    23952    24015 
   317   1191 -1      gi|70     7587     7636 
   317    961  1      gi|32    20274    20324 
   318    471  1     gi|168    24031    24465 
   318   1264 -1      gi|83    14028    14454 
   319    475  1     gi|168    32754    33020 
   319    716 -1     gi|201       68      334 
   320    481  1     gi|168    38797    38891 
   320   1080  1      gi|51    20807    20898 
   321    489  1     gi|169    21913    22366 
   321   1416 -1     gi|112    31089    32065 
   321    495  1     gi|169    23565    24075 
   321   1486  1     gi|225     9732    10711 
   322    491  1     gi|169    22648    22752 
   322   1419 -1     gi|112    32824    34325 
   322    735 -1     gi|205    39624    39746 
   322    759  1     gi|210    13442    13626 
   322   1483  1     gi|225     7472     8975 
   323    492  1     gi|169    22916    23220 
   323   1418 -1     gi|112    32519    32823 
   323    733 -1     gi|205    37816    37965 
   323   1484  1     gi|225     8975     9280 
   324    493  1     gi|169    23223    23375 
   324    943  1       gi|3    31590    31766 
   324   1115  1      gi|57    33144    33261 
   325    497  1     gi|169    24473    24701 
   325   1159  1      gi|65    16731    16943 
   326    499  1     gi|169    29080    29678 
   326   1283 -1      gi|85    25679    26201 
   327    507  1      gi|17    33577    35888 
   327   1299 -1      gi|88     1023     1987 
   327    927 -1      gi|25    34053    34215 
   327   1224 -1      gi|77    22805    25093 
   327   1114  1      gi|57    32103    32210 
   328    508  1     gi|170    17011    17213 
   328    784  1     gi|213    16410    16622 
   329    509  1     gi|170    32487    32606 
   329    938  1       gi|3     1591     1728 
   330    510  1     gi|170    39834    39920 
   330   1300  1      gi|89        5       91 
   331    512  1     gi|171    22779    22991 
   331    885 -1     gi|227    22186    22393 
   332    515  1     gi|171    38376    38417 
   332    847  1     gi|223    10764    10806 
   333    517  1     gi|172    17141    17313 
   333   1197 -1      gi|71     5333     5518 
   334    519  1     gi|173    25544    27246 
   334   1193 -1      gi|70    10439    12234 
   334   1332 -1      gi|96     1384     1588 
   334   1333 -1      gi|96     1591     1773 
   335    521  1     gi|173    34059    34321 
   335   1250 -1       gi|8    19051    19311 
   336    522  1     gi|173    34406    34468 
   336    646 -1      gi|19     2905     3000 
   336    736  1     gi|206     6705     6786 
   337    524  1     gi|174     8639     8711 
   337   1089  1      gi|53     3970     4042 
   338    525  1     gi|174     9112     9364 
   338   1090  1      gi|53     4654     4903 
   339    529  1     gi|175     1674     1813 
   339    972  1      gi|34    36292    36439 
   340    530  1     gi|175    10235    10401 
   340    606 -1     gi|182     5305     5482 
   341    531  1     gi|175    14706    15063 
   341   1028 -1      gi|43    17859    18209 
   342    532  1     gi|175    16039    17509 
   342   1030  1      gi|43    23372    24787 
   343    536  1     gi|175    29537    29859 
   343   1070 -1      gi|48    28610    28942 
   344    540  1     gi|176      978     1084 
   344    814  1     gi|219     2422     2535 
   345    547  1     gi|176    18169    18241 
   345    725 -1     gi|203     7794     7881 
   346    549  1     gi|176    23896    23986 
   346    727  1     gi|204    34051    34295 
   346    554  1     gi|176    39539    39621 
   346    772  1     gi|211     5614     5840 
   346    787  1     gi|213    38049    38299 
   347    556  1     gi|177     8343     8536 
   347    630  1     gi|186      220      457 
   348    557  1     gi|177    10439    10519 
   348    900 -1      gi|23     7978     8055 
   349    564  1     gi|177    37668    37769 
   349    631  1     gi|186     5772     5887 
   350    565  1     gi|177    38804    38997 
   350   1168  1      gi|66    19267    19460 
   351    566  1     gi|178      468     1130 
   351   1340  1      gi|97    16221    17135 
   351    920 -1      gi|24     3051     3961 
   352    567  1     gi|178     2135     2282 
   352    960  1      gi|32    18343    18543 
   353    569  1     gi|178     5675     5751 
   353    770  1     gi|210    28619    28698 
   353   1136  1      gi|62    22785    22847 
   354    570  1     gi|178     6117     7159 
   354   1488  1     gi|210    28938    29948 
   354    584 -1     gi|178    26943    27938 
   354   1137  1      gi|62    23163    23294 
   354   1490  1     gi|178     3136     4155 
   354   1138  1      gi|62    23408    23523 
   354   1139  1      gi|62    23995    24275 
   354    842  1     gi|222    11308    11450 
   355    571  1     gi|178     7459     7571 
   356    572  1     gi|178     9303     9416 
   356    894  1     gi|228    36032    36145 
   357    575  1     gi|178    13785    13905 
   357    868 -1     gi|225    27886    28004 
   358    576  1     gi|178    13899    14606 
   358    867 -1     gi|225    26934    27629 
   359    577  1     gi|178    14582    15829 
   359    866 -1     gi|225    23350    24611 
   360    578  1     gi|178    15837    16534 
   360    865 -1     gi|225    22135    22841 
   361    580  1     gi|178    22219    22360 
   361   1133 -1      gi|62    20500    20664 
   361    871 -1     gi|225    30820    30948 
   362    581  1     gi|178    23678    23741 
   362    984  1      gi|36    16280    16380 
   362   1345  1      gi|97    26021    26107 
   363    582  1     gi|178    24002    24938 
   363    985  1      gi|36    16616    17486 
   363   1347  1      gi|97    26720    27196 
   363   1142  1      gi|62    26931    27508 
   363   1143  1      gi|62    27725    27920 
   363   1346  1      gi|97    26479    26777 
   364    583  1     gi|178    25128    25692 
   364   1348  1      gi|97    27380    28233 
   364    986  1      gi|36    17876    18783 
   364   1144  1      gi|62    28110    28401 
   364   1145  1      gi|62    28517    28616 
   365    586  1     gi|178    31605    31646 
   365    841 -1     gi|222    11272    11311 
   365   1491 -1      gi|85      142      183 
   365   1493 -1     gi|222     8596     8637 
   366    587  1     gi|178    31933    32068 
   366   1014  1      gi|40     8466     8562 
   366    840 -1     gi|222    10850    10982 
   367    592  1      gi|18    12439    12553 
   367   1201 -1      gi|71    10777    10882 
   368    593  1      gi|18    32099    32414 
   368    715 -1     gi|200    33104    33400 
   369    594  1     gi|180     3230     3347 
   369   1312  1      gi|90    25269    25383 
   370    595  1     gi|180     7809     8081 
   370    648 -1      gi|19    17862    18140 
   371    596  1     gi|180    22047    22137 
   371    656 -1     gi|190    10701    10855 
   371    604 -1     gi|181    31733    31856 
   372    599  1     gi|180    37835    38293 
   372    949 -1      gi|30    20348    20836 
   372    600  1     gi|180    38396    38698 
   373    603  1     gi|181    27688    27847 
   373   1452 -1     gi|175    25566    25747 
   373   1455  1     gi|210    27657    27809 
   373   1458  1      gi|74    24907    25073 
   373   1459  1      gi|13     9094     9237 
   373   1235 -1      gi|78    29233    29310 
   374    605  1     gi|182     4180     4410 
   374    930 -1      gi|27    26937    27183 
   375    608  1     gi|182    16084    16188 
   375    935 -1      gi|28    35459    35563 
   376    609  1     gi|182    16651    16933 
   376   1098  1      gi|55    22062    22327 
   377    612  1     gi|182    19483    19776 
   378    613  1     gi|182    25749    25817 
   378    798  1     gi|215    38209    38278 
   379    614  1     gi|183     4190     4377 
   379   1329 -1      gi|95    11520    11738 
   380    620  1     gi|184    13358    13456 
   380    665 -1     gi|191    29697    29784 
   381    625  1     gi|185    28133    28373 
   381   1352 -1      gi|98     8643     8961 
   381    849  1     gi|223    12087    12367 
   381    643 -1     gi|189     1190     1392 
   381    688  1     gi|198    22557    22706 
   381   1460 -1     gi|189     1100     1285 
   381    687  1     gi|198    22357    22580 
   381   1353 -1      gi|98     8899     9092 
   381   1461 -1     gi|220    21495    21801 
   381   1029 -1      gi|43    18896    19183 
   382    628  1     gi|185    34522    34674 
   382   1166 -1      gi|66     7485     7637 
   383    629  1     gi|185    34977    36209 
   383   1165 -1      gi|66     5872     7166 
   384    634  1     gi|187     5121     5204 
   384    753 -1     gi|209    16424    16507 
   385    635  1     gi|187     5805     6120 
   385    752 -1     gi|209    15627    15940 
   385   1107 -1      gi|55    34603    34719 
   386    636  1     gi|187     6417     6675 
   386    751 -1     gi|209    15143    15358 
   386   1106 -1      gi|55    34093    34285 
   387    637  1     gi|187     6789     6936 
   387    750 -1     gi|209    14865    14913 
   387   1105 -1      gi|55    33752    33898 
   388    639  1     gi|187    21238    21316 
   388   1220 -1      gi|76     7116     7501 
   388   1412 -1      gi|11    28786    28945 
   389    640  1     gi|187    30956    31125 
   389   1033  1      gi|44    11716    11882 
   390    644  1     gi|189    30922    31478 
   390   1213 -1      gi|74    15008    15654 
   390   1292  1      gi|86    21928    22450 
   391    647  1      gi|19     3226     4850 
   391    973  1      gi|35     6867     8493 
   392    652  1     gi|190     3946     4091 
   392    897  1     gi|229    12202    12336 
   393    658  1     gi|190    22735    22800 
   393   1006  1      gi|38     4104     4168 
   394    659  1     gi|190    22814    22920 
   394   1337 -1      gi|96    13297    13405 
   395    660  1     gi|190    23194    23435 
   395    743  1     gi|208     3531     3776 
   396    662  1     gi|190    24722    25710 
   396   1335 -1      gi|96     8913     9912 
   396    977 -1      gi|35    17880    18296 
   397    663  1     gi|190    25850    26222 
   397    853  1     gi|224    26185    26551 
   398    668  1     gi|192    18389    18473 
   398    747 -1     gi|209     7254     7341 
   399    669  1     gi|192    38703    38792 
   399   1204 -1      gi|73    21458    21541 
   400    673  1     gi|195     5520     5623 
   400   1086 -1      gi|52    14887    14982 
   401    677  1     gi|195    24699    24803 
   401   1186  1       gi|7     5858     5894 
   401   1189  1       gi|7     9647     9756 
   402    678  1     gi|195    34584    34697 
   402   1188 -1       gi|7     9427     9543 
   403    679  1     gi|196    21987    22115 
   403   1181 -1      gi|67    36474    36604 
   404    680  1     gi|196    32768    32913 
   404    895  1     gi|228    38203    38342 
   405    683  1     gi|197    18655    19998 
   405   1167 -1      gi|66     8383     9742 
   406    685  1     gi|198    13167    13579 
   406   1271  1      gi|85     1936     2348 
   407    686  1     gi|198    18912    18994 
   407   1272 -1      gi|85     5933     6015 
   408    690  1     gi|199     5997     8798 
   408    746  1     gi|208    36216    39075 
   409    697  1     gi|199    29882    30274 
   409   1161  1      gi|65    18458    18714 
   410    698  1     gi|199    30550    31053 
   410   1162  1      gi|65    19051    19549 
   411    700  1       gi|2     4315     4815 
   411    888 -1     gi|228     8845     9387 
   412    701  1       gi|2     9293     9405 
   412   1126 -1      gi|61    34769    34888 
   413    706  1      gi|20    10688    10848 
   413    953 -1      gi|30    38308    38451 
   413   1209 -1      gi|74    12218    12361 
   414    707  1      gi|20    10979    11045 
   414   1294 -1      gi|86    23300    23381 
   415    708  1      gi|20    20923    21044 
   415   1222  1      gi|76    38221    38339 
   416    710  1     gi|200    13414    13636 
   416    944  1      gi|30     3751     3973 
   417    711  1     gi|200    14316    16094 
   417    945  1      gi|30     3973     5740 
   418    712  1     gi|200    16082    16741 
   418    947  1      gi|30     5867     6548 
   419    713  1     gi|200    16730    17198 
   419    948  1      gi|30     6942     7924 
   419    757  1      gi|21      971     1854 
   420    717  1     gi|201      335      771 
   420    883 -1     gi|226    20194    21202 
   420   1280  1      gi|85    17433    17624 
   421    720  1     gi|201    13265    13443 
   421   1019 -1      gi|41     9105     9276 
   422    721  1     gi|201    23066    23258 
   422    742 -1     gi|208     3141     3322 
   423    730  1     gi|205    10717    10971 
   423   1492  1      gi|85      184      538 
   423   1494  1     gi|222     8638     8992 
   424    734  1     gi|205    38858    39282 
   424    761 -1     gi|210    14390    14738 
   425    738  1     gi|206    15222    15496 
   425    959 -1      gi|32     7169     7436 
   426    739  1     gi|207     2648     2775 
   426   1016 -1      gi|40    30573    30710 
   427    741  1     gi|207    22943    24806 
   427   1087  1      gi|52    22355    24296 
   428    744  1     gi|208    14748    14860 
   428   1122  1       gi|6    26774    26882 
   428   1463 -1     gi|136     3377     3491 
   428   1464 -1      gi|28    26900    27011 
   429    749  1     gi|209    12842    13004 
   429   1318 -1      gi|91    26826    26986 
   430    760  1     gi|210    13708    14075 
   430    786 -1     gi|213    35836    36183 
   430    978 -1      gi|35    37040    37200 
   431    764  1     gi|210    15087    15873 
   431    773 -1     gi|211     6014     6774 
   432    765  1     gi|210    20125    20221 
   432   1012 -1       gi|4    10963    11059 
   433    766  1     gi|210    26288    26353 
   433   1315  1      gi|91    19150    19217 
   434    775  1     gi|211    30986    31073 
   434    780 -1     gi|212     8439     8753 
   435    789  1     gi|214     4863     5057 
   435    820 -1     gi|219    30885    31067 
   436    790  1     gi|214    30213    30981 
   437    793  1     gi|214    40553    40703 
   437   1475  1     gi|148    29259    29662 
   437   1478 -1      gi|65      430      831 
   438    794  1     gi|215      926     1034 
   438   1155 -1      gi|65    12427    12536 
   438   1495  1      gi|53    21836    21939 
   438   1496 -1      gi|65    33612    33715 
   439    795  1     gi|215     4142     4255 
   439   1234  1      gi|78    24017    24146 
   440    797  1     gi|215    11361    11418 
   440   1096 -1      gi|53    33056    33119 
   441    800  1     gi|216    18404    18464 
   441    848  1     gi|223    10915    10972 
   442    801  1     gi|217     1551     1658 
   442   1237  1      gi|79     4772     4876 
   442   1243  1      gi|79     8014     8113 
   443    803  1     gi|217     2299     2483 
   443   1238  1      gi|79     4890     5075 
   443   1244  1      gi|79     8112     8148 
   444    805  1     gi|217     3038     3350 
   444   1279  1      gi|85    17016    17332 
   445    807  1     gi|217     3505     3545 
   445   1240  1      gi|79     5482     5522 
   446    808  1     gi|217     4436     5182 
   446   1242  1      gi|79     6480     7227 
   447    811  1     gi|217    22565    22752 
   447   1218  1      gi|75    23202    23391 
   448    815  1     gi|219     2606     2639 
   448   1208 -1      gi|74    10429    10462 
   449    816  1     gi|219     9283     9367 
   449   1334 -1      gi|96     7216     7304 
   450    821  1     gi|219    37248    37305 
   450   1011  1      gi|39     4793     4860 
   451    822  1     gi|220    17468    17589 
   451    851 -1     gi|223    12920    13068 
   452    823  1     gi|220    19591    19763 
   452   1113  1      gi|57    31958    32114 
   453    829  1     gi|220    22754    22821 
   453   1497  1     gi|223    12368    12918 
   453    830 -1     gi|220    22815    22925 
   453   1498  1      gi|25    23612    24180 
   453   1049 -1      gi|46    16077    16208 
   454    834  1     gi|221    17991    19786 
   454   1110 -1      gi|56    36107    37926 
   455    838  1     gi|222        1       45 
   455    999 -1      gi|36    38007    38051 
   456    843  1     gi|222    25423    25524 
   456   1008  1      gi|38    16830    17068 
   456    969  1      gi|34     9770    10006 
   457    844  1     gi|222    25784    26191 
   457    970  1      gi|34    10168    10333 
   457   1009  1      gi|38    17166    17638 
   457    845  1     gi|222    26004    26412 
   457    971  1      gi|34    10547    10639 
   458    846  1     gi|223     2484     2715 
   458   1207  1      gi|74     4253     4517 
   459    858  1     gi|224    29597    29675 
   459   1316  1      gi|91    19849    19953 
   460    864  1     gi|225    22093    22156 
   460    942  1       gi|3    26964    27027 
   461    870  1     gi|225    29893    30014 
   461    939  1       gi|3     3931     4053 
   462    872  1     gi|225    31125    31210 
   462   1132  1      gi|62    18895    18985 
   463    875  1     gi|226      919      996 
   464    879  1     gi|226     9736     9984 
   464   1281 -1      gi|85    18067    18315 
   465    880  1     gi|226    18234    18315 
   466    889  1     gi|228    17053    17188 
   466   1109  1      gi|56    29857    30011 
   467    891  1     gi|228    33734    33878 
   467   1054  1      gi|46    22879    23011 
   468    893  1     gi|228    34322    34387 
   468    932 -1      gi|28    13577    13648 
   468   1404  1     gi|124    26257    26345 
   468   1405  1     gi|136    38086    38178 
   468   1406  1     gi|220    22949    23034 
   468   1408  1     gi|108    16241    16332 
   469    903  1      gi|23    25704    25888 
   469   1356  1      gi|98    20419    20607 
   470    904  1      gi|23    26128    26392 
   470   1357  1      gi|98    20599    20880 
   471    905  1      gi|23    32007    32081 
   471   1194  1      gi|70    21526    21597 
   472    906  1     gi|230    11629    12450 
   472   1338 -1      gi|96    18492    19339 
   473    907  1     gi|230    15017    15369 
   474    914  1     gi|231    22765    22816 
   474   1079  1      gi|51      133      184 
   475    915  1     gi|231    24066    24279 
   475   1039  1      gi|45    10101    10305 
   476    917  1     gi|231    34625    34693 
   476    967 -1      gi|33    26925    26996 
   477    919  1      gi|24     2922     3051 
   477   1339  1      gi|97    16085    16219 
   478    921  1      gi|24     3962     4792 
   478   1341  1      gi|97    17123    17960 
   479    922  1      gi|24     4961     8178 
   479   1342  1      gi|97    17948    21143 
   479   1349  1      gi|97    29655    31650 
   479    994 -1      gi|36    30920    31065 
   480    936  1      gi|29    10742    11053 
   480   1268 -1      gi|84     5888     6200 
   481    946  1      gi|30     5724     5792 
   481   1192 -1      gi|70    10270    10338 
   482    950  1      gi|30    24213    24322 
   482   1069 -1      gi|48    23934    24048 
   483    954  1      gi|31     1463     1882 
   483   1175 -1      gi|67    25501    25924 
   483   1177 -1      gi|67    29070    29493 
   484    964  1      gi|32    32242    32595 
   484   1454  1     gi|176    37863    38228 
   484   1457  1      gi|32    22073    22261 
   485    966  1      gi|33    17265    17341 
   485   1260 -1      gi|81    39364    39440 
   486    968  1      gi|34     8608     8758 
   486   1007  1      gi|38    15958    16111 
   487    974  1      gi|35    11618    11823 
   487   1325 -1      gi|93    18654    18859 
   488    975  1      gi|35    17309    17436 
   488   1163  1      gi|65    26886    27014 
   489    976  1      gi|35    17673    17857 
   489   1336 -1      gi|96    10713    10888 
   490    979  1      gi|35    37696    37907 
   490   1331  1      gi|95    21905    22119 
   491    980  1      gi|36     2614     2893 
   491   1266  1      gi|83    32197    32468 
   492    981  1      gi|36     2963     3314 
   492   1267  1      gi|83    32466    32826 
   493    987  1      gi|36    25250    25455 
   494    993  1      gi|36    28466    28788 
   494   1343 -1      gi|97    21743    22042 
   495   1003  1      gi|37    12098    12335 
   495   1202  1      gi|71    35376    35581 
   496   1004  1      gi|37    22826    22968 
   496   1227 -1      gi|77    32619    32774 
   497   1005  1      gi|37    23063    23241 
   497   1226 -1      gi|77    32271    32449 
   498   1031  1      gi|43    37402    37645 
   498   1085  1      gi|52     5410     5647 
   499   1034  1      gi|44    19477    19534 
   499   1075 -1       gi|5    23865    23922 
   500   1035  1      gi|44    21015    21125 
   500   1074 -1       gi|5    22397    22509 
   501   1038  1      gi|45    10068    10114 
   501   1121 -1       gi|6    18855    18898 
   502   1041  1      gi|45    11849    11958 
   502   1151 -1      gi|64    20902    21004 
   503   1053  1      gi|46    21571    21789 
   504   1061  1      gi|47     2461     2598 
   504   1157 -1      gi|65    15896    16032 
   505   1063  1      gi|47     3055     3114 
   506   1071  1      gi|49    11920    12369 
   506   1257  1       gi|8    36919    37377 
   507   1088  1      gi|53     3196     3274 
   507   1232  1      gi|78    17083    17169 
   508   1091  1      gi|53     6226     6357 
   508   1236  1      gi|78    37212    37346 
   509   1092  1      gi|53     9490     9564 
   509   1258 -1      gi|80    20066    20144 
   510   1103  1      gi|55    24244    24312 
   511   1118  1      gi|59    25395    25483 
   511   1350 -1      gi|97    35335    35420 
   512   1123  1      gi|60    18440    18870 
   512   1196  1      gi|71     3086     3536 
   513   1127  1      gi|62     8229     8341 
   513   1203 -1      gi|71    38904    39003 
   514   1134  1      gi|62    20793    21005 
   515   1147  1      gi|63    34557    34772 
   515   1274 -1      gi|85     9803    10090 
   515   1149  1      gi|63    36578    36852 
   516   1148  1      gi|63    34911    35833 
   516   1273 -1      gi|85     8685     9694 
   516   1150  1      gi|63    36888    37822 
   517   1183  1      gi|68     3243     3352 
   517   1269 -1      gi|84    31463    31572 
   518   1205  1      gi|73    33909    34301 
   519   1206  1      gi|73    35229    35410 
   519   1221  1      gi|76     8558     8735 
   520   1211  1      gi|74    13830    13944 
   520   1293 -1      gi|86    23172    23289 
   521   1228  1      gi|77    39845    39894 
   521   1307 -1       gi|9     1197     1252 
   522   1276  1      gi|85    14857    15081 
   522   1355  1      gi|98    20003    20224 
   523   1288  1      gi|86    15830    16087 
   524   1306  1      gi|89    35968    36096 
   524   1313 -1      gi|91    12654    12784 
   525   1309  1       gi|9    13807    14342 
   526   1363  1       gi|1    34151    34597 
   526   1370 -1      gi|83     8164     8616 
   527   1365  1     gi|229    33994    34055 
   527   1368 -1      gi|68     3064     3135 
   528   1372  1     gi|152    31784    31819 
   528   1374 -1     gi|228    33968    34005 
   529   1373  1     gi|228    33907    33968 
   529   1376  1      gi|83    14408    14452 
   530   1381  1     gi|149    28058    28110 
   530   1382 -1      gi|11    25496    25547 
   531   1392  1      gi|17     7504     7568 
   531   1395  1     gi|199    17847    17901 
   532   1403  1     gi|124    26120    26251 
   532   1407  1     gi|108    16109    16240 
   533   1411  1     gi|215     6997     7035 
   533   1500  1      gi|95     9727     9765 
   534   1413  1      gi|11    28948    28994 
   534   1414 -1     gi|184    24205    24253 
   535   1415  1     gi|184    24253    24367 
   536   1424  1      gi|36    32772    32816 
   536   1428  1     gi|112    34326    34369 
   537   1427  1      gi|36    33897    34081 
   537   1432  1     gi|112    35647    35792 
   538   1448  1     gi|169    26870    26901 
   538   1451 -1      gi|81    13612    13645 
   539   1462  1     gi|132    35408    35572 
   540   1471  1      gi|92    29810    29872 
   540   1473  1     gi|144     1537     1587 
   541   1479  1     gi|178    28923    29951 
   541   1482 -1      gi|62    17531    18528 
   542   1487  1     gi|210    28711    28932 
   542   1489  1     gi|178     2905     3136 
