1 gi|1 7714 7811
2 gi|1 31615 31662
3 gi|1 32413 33059
4 gi|1 34151 34832
5 gi|10 15898 16150
6 gi|10 35139 35617
7 gi|100 1 618
8 gi|100 12013 12139
9 gi|100 19617 19785
10 gi|100 25355 25472
11 gi|100 27437 27549
12 gi|100 39727 39807
13 gi|102 560 785
14 gi|102 799 907
15 gi|102 956 1078
16 gi|102 8403 8507
17 gi|102 12318 12569
18 gi|102 13519 13648
19 gi|104 23454 24457
20 gi|104 24512 25062
21 gi|104 25009 25328
22 gi|104 25227 25500
23 gi|104 26544 26785
24 gi|105 9598 9708
25 gi|105 30962 31107
26 gi|106 5066 5606
27 gi|106 5798 5864
28 gi|106 5952 6361
29 gi|106 19991 20345
30 gi|106 34521 34730
31 gi|106 38711 38839
32 gi|107 4170 5201
33 gi|107 6969 7104
34 gi|107 10130 10249
35 gi|107 11247 11618
36 gi|107 12419 12506
37 gi|107 19033 19113
38 gi|107 20633 20748
39 gi|107 20960 21051
40 gi|107 27389 27453
41 gi|107 27561 27787
42 gi|107 27809 27919
43 gi|107 29710 29903
44 gi|108 13716 14069
45 gi|108 15111 15193
46 gi|108 16109 16362
47 gi|108 28473 28624
48 gi|108 30187 30394
49 gi|108 39373 39487
50 gi|108 39591 39849
51 gi|109 1869 1953
52 gi|109 3060 3297
53 gi|109 3344 3475
54 gi|109 6672 6715
55 gi|109 12789 12979
56 gi|109 17914 17982
57 gi|109 18623 18714
58 gi|109 30350 30459
59 gi|109 31996 32097
60 gi|109 37307 38248
61 gi|109 39300 39466
62 gi|11 13861 14174
63 gi|11 25496 25690
64 gi|11 26368 26504
65 gi|11 28786 28994
66 gi|11 36269 36415
67 gi|110 10849 10895
68 gi|110 11515 11578
69 gi|110 20667 21071
70 gi|110 23085 23157
71 gi|110 26211 26639
72 gi|110 26850 26942
73 gi|110 29577 29672
74 gi|110 30048 30230
75 gi|110 36396 36554
76 gi|112 906 1060
77 gi|112 5033 5344
78 gi|112 10677 11006
79 gi|112 11132 11318
80 gi|112 11278 11546
81 gi|112 11548 11672
82 gi|112 17108 17459
83 gi|112 17616 18271
84 gi|112 18590 18770
85 gi|112 19020 22567
86 gi|112 22625 22845
87 gi|112 23164 23804
88 gi|112 23776 25124
89 gi|112 24599 26085
90 gi|112 26086 26527
91 gi|112 27775 27869
92 gi|112 28407 28633
93 gi|112 28611 29822
94 gi|112 29783 29963
95 gi|112 29961 30043
96 gi|112 30045 31044
97 gi|112 31089 34325
98 gi|112 34326 34519
99 gi|112 34566 35792
100 gi|112 35786 36050
101 gi|113 2 123
102 gi|114 93 512
103 gi|114 9007 9173
104 gi|114 10884 11066
105 gi|114 26242 26385
106 gi|114 32859 32990
107 gi|115 17265 17403
108 gi|115 18736 19202
109 gi|115 19052 19595
110 gi|115 19547 19663
111 gi|115 19743 20017
112 gi|115 20090 20536
113 gi|115 20898 21946
114 gi|116 2322 2451
115 gi|116 5422 6632
116 gi|116 6750 8042
117 gi|116 22109 22184
118 gi|116 24826 24979
119 gi|116 26492 26564
120 gi|116 30515 30739
121 gi|116 31320 31591
122 gi|117 269 406
123 gi|117 1200 1796
124 gi|117 4070 4142
125 gi|117 26214 26479
126 gi|117 26490 26534
127 gi|117 26567 26647
128 gi|117 26670 26830
129 gi|117 27173 29058
130 gi|119 5507 5979
131 gi|119 8020 8184
132 gi|119 21821 23256
133 gi|119 23669 24274
134 gi|119 24526 25169
135 gi|119 25323 26592
136 gi|119 29073 29141
137 gi|12 13450 14149
138 gi|12 14076 14246
139 gi|12 14636 14778
140 gi|12 26215 26533
141 gi|12 26791 26920
142 gi|12 26917 27060
143 gi|12 27075 27147
144 gi|12 27412 27562
145 gi|12 29674 30058
146 gi|12 31647 32026
147 gi|12 37354 37647
148 gi|120 23339 23874
149 gi|121 4555 5100
150 gi|121 8502 9473
151 gi|121 12135 12333
152 gi|121 18098 19531
153 gi|121 32229 32502
154 gi|122 24343 24413
155 gi|122 26149 26239
156 gi|123 12363 12433
157 gi|123 20010 20258
158 gi|123 20420 20489
159 gi|123 20505 20634
160 gi|123 20614 20956
161 gi|123 22719 23142
162 gi|123 34916 34985
163 gi|124 19658 19728
164 gi|124 26120 26351
165 gi|124 32339 32448
166 gi|124 32898 33054
167 gi|125 9841 9976
168 gi|125 9962 10317
169 gi|125 10302 10546
170 gi|125 10583 10742
171 gi|125 29042 29255
172 gi|125 29256 29368
173 gi|125 29910 32086
174 gi|125 37674 37758
175 gi|126 6597 6789
176 gi|126 12974 13081
177 gi|126 13245 13697
178 gi|127 10181 10249
179 gi|127 29743 30132
180 gi|128 13579 14258
181 gi|128 31871 31924
182 gi|129 5042 5178
183 gi|129 17299 17700
184 gi|129 18321 18496
185 gi|129 27258 27502
186 gi|129 28705 29206
187 gi|129 30471 30806
188 gi|129 31415 31558
189 gi|129 35040 35161
190 gi|129 35230 35465
191 gi|129 35587 35665
192 gi|129 35657 35838
193 gi|129 35860 35979
194 gi|129 36490 36623
195 gi|13 7763 7876
196 gi|13 9094 9254
197 gi|13 10846 11339
198 gi|13 15316 15394
199 gi|13 37547 37593
200 gi|13 37768 38115
201 gi|13 38819 39062
202 gi|130 2 1414
203 gi|130 6687 6851
204 gi|130 6929 7399
205 gi|130 7389 7500
206 gi|130 7981 8307
207 gi|130 8395 8659
208 gi|130 25715 25923
209 gi|130 33360 33398
210 gi|130 34920 35160
211 gi|131 167 239
212 gi|132 1010 1092
213 gi|132 6565 6710
214 gi|132 18043 18175
215 gi|132 18706 18772
216 gi|132 22427 22847
217 gi|132 23128 23185
218 gi|132 32104 32719
219 gi|132 32726 33152
220 gi|132 35408 35585
221 gi|133 15069 15383
222 gi|133 24817 24968
223 gi|133 37584 37687
224 gi|134 3168 3400
225 gi|134 8835 9344
226 gi|134 9354 9990
227 gi|134 18787 19645
228 gi|134 29115 29214
229 gi|135 6587 6677
230 gi|135 16840 16939
231 gi|135 16914 17040
232 gi|135 17015 17150
233 gi|135 17184 17277
234 gi|135 19224 19360
235 gi|135 27193 27311
236 gi|136 3370 3508
237 gi|136 6399 6606
238 gi|136 8810 8844
239 gi|136 12529 12624
240 gi|136 16479 16625
241 gi|136 18829 18956
242 gi|136 36175 36225
243 gi|136 36316 36582
244 gi|136 38081 38220
245 gi|137 507 645
246 gi|137 778 1711
247 gi|137 1720 1773
248 gi|137 7522 7623
249 gi|137 9043 9490
250 gi|137 17888 17989
251 gi|137 20307 20408
252 gi|137 21200 21847
253 gi|137 21835 21938
254 gi|137 21889 22230
255 gi|137 22204 22423
256 gi|137 25801 26061
257 gi|137 26089 27854
258 gi|137 35774 35882
259 gi|137 36434 36925
260 gi|138 16711 16975
261 gi|138 17188 17329
262 gi|138 24476 24616
263 gi|139 5984 6135
264 gi|139 8299 8494
265 gi|139 9347 9535
266 gi|139 11804 11948
267 gi|139 12327 12593
268 gi|139 18758 18880
269 gi|14 1013 1221
270 gi|140 4728 4847
271 gi|140 25751 26249
272 gi|140 32113 32227
273 gi|141 2559 2667
274 gi|141 3822 3910
275 gi|141 15380 15418
276 gi|142 723 924
277 gi|142 4185 4297
278 gi|142 6238 6367
279 gi|142 17634 17845
280 gi|142 20977 21089
281 gi|142 22974 23104
282 gi|142 25418 25573
283 gi|142 25967 26336
284 gi|142 26337 26638
285 gi|142 26931 26997
286 gi|143 3873 4001
287 gi|143 17192 17499
288 gi|143 37839 37921
289 gi|143 37915 38234
290 gi|144 1537 1665
291 gi|144 1689 2203
292 gi|144 19922 20065
293 gi|144 20097 20327
294 gi|144 20328 20488
295 gi|144 20725 20830
296 gi|144 20820 21016
297 gi|144 38985 39065
298 gi|145 13282 13400
299 gi|145 13460 13549
300 gi|145 13924 14015
301 gi|145 14002 14149
302 gi|145 14655 15096
303 gi|145 15242 15494
304 gi|145 25390 25496
305 gi|145 25488 26017
306 gi|145 26044 26813
307 gi|145 31157 31256
308 gi|145 37975 38191
309 gi|146 1299 1451
310 gi|146 1565 1715
311 gi|146 1836 1971
312 gi|146 11041 11185
313 gi|146 15870 15975
314 gi|146 17442 18017
315 gi|146 24116 24336
316 gi|146 27336 27408
317 gi|147 21460 21658
318 gi|147 37106 37152
319 gi|148 3484 3579
320 gi|148 3991 4421
321 gi|148 4322 4616
322 gi|148 15009 15147
323 gi|148 15615 15778
324 gi|148 15779 18179
325 gi|148 18771 19041
326 gi|148 18986 19138
327 gi|148 19373 20217
328 gi|148 20263 20573
329 gi|148 29259 30949
330 gi|148 30969 31087
331 gi|148 31947 32123
332 gi|148 36384 37882
333 gi|148 38193 38514
334 gi|148 39818 40316
335 gi|149 3397 7316
336 gi|149 11996 12223
337 gi|149 13645 13738
338 gi|149 15608 15832
339 gi|149 17003 17369
340 gi|149 27909 28110
341 gi|15 2654 2728
342 gi|15 19576 19689
343 gi|15 24620 25192
344 gi|15 25337 25541
345 gi|15 25631 25847
346 gi|15 27423 27520
347 gi|15 31751 31933
348 gi|15 32353 33144
349 gi|150 9663 10522
350 gi|150 11586 12229
351 gi|150 14310 14458
352 gi|150 17720 18213
353 gi|150 18333 18399
354 gi|150 18428 18833
355 gi|150 22871 23092
356 gi|150 23124 23190
357 gi|150 23286 23475
358 gi|150 23457 23580
359 gi|150 23582 23722
360 gi|150 24434 24531
361 gi|150 33538 33671
362 gi|150 33712 33851
363 gi|151 11420 11480
364 gi|151 14459 14634
365 gi|151 35754 35848
366 gi|151 37978 38033
367 gi|151 40543 40627
368 gi|152 31559 31823
369 gi|153 21738 22004
370 gi|153 24498 24706
371 gi|154 3922 4051
372 gi|154 4359 4814
373 gi|154 11063 11182
374 gi|154 11415 11534
375 gi|154 17893 17982
376 gi|154 18249 19009
377 gi|154 19555 19744
378 gi|154 23978 26406
379 gi|154 26475 26590
380 gi|154 27197 27399
381 gi|154 27651 28193
382 gi|154 28724 28826
383 gi|154 29657 29757
384 gi|155 2226 2611
385 gi|155 2611 3631
386 gi|155 7502 7663
387 gi|155 7649 7911
388 gi|155 36561 36963
389 gi|156 1755 1858
390 gi|156 2079 2151
391 gi|156 10384 10476
392 gi|156 11506 11591
393 gi|156 21006 21082
394 gi|156 23529 23578
395 gi|156 23799 23902
396 gi|157 1 1262
397 gi|157 1394 1512
398 gi|157 1568 1653
399 gi|157 7100 7448
400 gi|157 11021 11190
401 gi|157 40389 40703
402 gi|158 13301 13415
403 gi|158 17510 18089
404 gi|158 31989 32435
405 gi|159 14309 14436
406 gi|159 14677 14799
407 gi|159 15288 15335
408 gi|160 15393 15869
409 gi|160 16024 16166
410 gi|160 16351 16400
411 gi|162 7674 7751
412 gi|162 7942 8241
413 gi|162 8689 8889
414 gi|162 14142 14242
415 gi|162 14904 15220
416 gi|163 3510 3591
417 gi|163 3624 4535
418 gi|163 4554 5038
419 gi|163 8207 8457
420 gi|163 31987 32549
421 gi|163 39497 39982
422 gi|164 8358 9933
423 gi|164 9867 10865
424 gi|164 11344 11388
425 gi|164 13416 13507
426 gi|164 13780 14859
427 gi|164 15589 15783
428 gi|164 16700 16761
429 gi|164 17174 17226
430 gi|164 23892 24043
431 gi|164 24097 25013
432 gi|164 24994 25234
433 gi|164 25227 25823
434 gi|164 29061 29282
435 gi|164 29319 30606
436 gi|164 33309 33507
437 gi|164 33956 34432
438 gi|164 34447 34613
439 gi|164 36349 36476
440 gi|164 36871 37098
441 gi|164 37085 38240
442 gi|165 979 1101
443 gi|165 1381 1722
444 gi|165 2774 2952
445 gi|165 6905 7020
446 gi|165 7751 8378
447 gi|165 8803 10818
448 gi|165 18728 20521
449 gi|165 20829 21115
450 gi|166 1 546
451 gi|166 546 1671
452 gi|166 6314 7683
453 gi|166 8843 9153
454 gi|166 15068 15235
455 gi|166 15758 15928
456 gi|166 16091 16192
457 gi|166 16285 16999
458 gi|166 17006 17062
459 gi|166 17051 17157
460 gi|166 17281 17746
461 gi|166 17766 18310
462 gi|166 18339 18382
463 gi|166 18404 18645
464 gi|166 19543 19854
465 gi|166 20308 22079
466 gi|166 22577 22667
467 gi|166 23025 23184
468 gi|166 27925 28017
469 gi|167 37374 37419
470 gi|168 23952 24015
471 gi|168 24031 24465
472 gi|168 30991 31161
473 gi|168 31218 31347
474 gi|168 31409 31867
475 gi|168 32754 33020
476 gi|168 33095 33684
477 gi|168 34536 34986
478 gi|168 34987 35534
479 gi|168 35530 35628
480 gi|168 35847 38230
481 gi|168 38797 38891
482 gi|169 155 514
483 gi|169 522 634
484 gi|169 1111 1260
485 gi|169 1200 1510
486 gi|169 1484 1637
487 gi|169 4021 4394
488 gi|169 7564 7653
489 gi|169 21913 22366
490 gi|169 22470 22522
491 gi|169 22648 22756
492 gi|169 22912 23223
493 gi|169 23223 23377
494 gi|169 23374 23565
495 gi|169 23561 24075
496 gi|169 24090 24275
497 gi|169 24473 24701
498 gi|169 26870 27211
499 gi|169 29080 29678
500 gi|169 32099 32169
501 gi|17 5848 5994
502 gi|17 7504 7699
503 gi|17 21050 21209
504 gi|17 29003 29363
505 gi|17 29511 31270
506 gi|17 31304 31523
507 gi|17 33577 35888
508 gi|170 17011 17213
509 gi|170 32487 32606
510 gi|170 39834 39920
511 gi|171 9123 9701
512 gi|171 22779 22991
513 gi|171 23282 23550
514 gi|171 27775 27855
515 gi|171 38376 38417
516 gi|172 1853 2015
517 gi|172 17141 17313
518 gi|172 24901 25348
519 gi|173 25544 27246
520 gi|173 33279 34020
521 gi|173 34059 34321
522 gi|173 34406 34468
523 gi|173 34594 34645
524 gi|174 8639 8711
525 gi|174 9112 9364
526 gi|174 26333 26772
527 gi|174 30325 30516
528 gi|174 31838 31957
529 gi|175 1674 1813
530 gi|175 10235 10401
531 gi|175 14706 15063
532 gi|175 16039 17509
533 gi|175 21987 22034
534 gi|175 25553 25756
535 gi|175 29069 29253
536 gi|175 29537 29859
537 gi|175 30878 30972
538 gi|175 37608 38001
539 gi|176 1 935
540 gi|176 978 1084
541 gi|176 1198 1272
542 gi|176 1259 1512
543 gi|176 2444 2714
544 gi|176 8521 8590
545 gi|176 8798 8886
546 gi|176 8988 9091
547 gi|176 18169 18241
548 gi|176 22313 23695
549 gi|176 23896 23986
550 gi|176 36203 38228
551 gi|176 38314 38356
552 gi|176 38796 38886
553 gi|176 39143 39290
554 gi|176 39539 39621
555 gi|177 8102 8327
556 gi|177 8343 8536
557 gi|177 10439 10519
558 gi|177 14074 15510
559 gi|177 15610 16210
560 gi|177 16311 16952
561 gi|177 17056 18405
562 gi|177 23527 25647
563 gi|177 29629 29702
564 gi|177 37668 37769
565 gi|177 38804 38997
566 gi|178 468 1130
567 gi|178 2135 2282
568 gi|178 2905 4161
569 gi|178 5675 5751
570 gi|178 6117 7159
571 gi|178 7459 7575
572 gi|178 9303 9416
573 gi|178 11339 13097
574 gi|178 13085 13249
575 gi|178 13785 13905
576 gi|178 13899 14606
577 gi|178 14582 15829
578 gi|178 15837 16534
579 gi|178 16525 22101
580 gi|178 22219 22360
581 gi|178 23678 23741
582 gi|178 24002 24938
583 gi|178 25128 25692
584 gi|178 26943 27938
585 gi|178 28923 31568
586 gi|178 31604 31646
587 gi|178 31930 32068
588 gi|179 8858 9359
589 gi|179 10795 11413
590 gi|179 17263 17633
591 gi|18 1909 2090
592 gi|18 12439 12553
593 gi|18 32099 32414
594 gi|180 3230 3347
595 gi|180 7809 8081
596 gi|180 22047 22137
597 gi|180 31972 32153
598 gi|180 35509 35754
599 gi|180 37835 38293
600 gi|180 38396 38698
601 gi|181 9256 9334
602 gi|181 12723 12812
603 gi|181 27682 27861
604 gi|181 31733 31856
605 gi|182 4180 4410
606 gi|182 5305 5482
607 gi|182 14017 14162
608 gi|182 16084 16188
609 gi|182 16651 16933
610 gi|182 17183 17568
611 gi|182 17820 18043
612 gi|182 19483 19776
613 gi|182 25749 25817
614 gi|183 4190 4377
615 gi|183 28082 28211
616 gi|183 32182 32241
617 gi|183 39062 39217
618 gi|183 39628 40000
619 gi|184 7280 7507
620 gi|184 13358 13456
621 gi|184 18038 18197
622 gi|184 18465 18606
623 gi|184 24205 24367
624 gi|185 554 694
625 gi|185 28131 28373
626 gi|185 29940 30082
627 gi|185 30502 31167
628 gi|185 34522 34674
629 gi|185 34977 36209
630 gi|186 220 457
631 gi|186 5772 5887
632 gi|186 6729 6866
633 gi|186 12615 12773
634 gi|187 5121 5204
635 gi|187 5805 6120
636 gi|187 6417 6675
637 gi|187 6789 6936
638 gi|187 17858 17903
639 gi|187 21238 21316
640 gi|187 30956 31125
641 gi|188 29659 29808
642 gi|189 1082 1285
643 gi|189 1190 1392
644 gi|189 30922 31478
645 gi|189 32431 32907
646 gi|19 2905 3000
647 gi|19 3226 4850
648 gi|19 17862 18140
649 gi|19 28388 28729
650 gi|19 29830 29912
651 gi|19 36878 36986
652 gi|190 3946 4091
653 gi|190 10039 10278
654 gi|190 10248 10386
655 gi|190 10618 10740
656 gi|190 10701 10855
657 gi|190 21612 21646
658 gi|190 22735 22800
659 gi|190 22814 22920
660 gi|190 23194 23435
661 gi|190 23375 23698
662 gi|190 24722 25710
663 gi|190 25850 26222
664 gi|190 31627 31819
665 gi|191 29697 29784
666 gi|192 2482 2606
667 gi|192 3534 3848
668 gi|192 18389 18473
669 gi|192 38703 38792
670 gi|193 37406 37601
671 gi|194 2447 2637
672 gi|194 3481 3629
673 gi|195 5520 5623
674 gi|195 20652 21628
675 gi|195 21603 22164
676 gi|195 22091 22346
677 gi|195 24699 24805
678 gi|195 34584 34697
679 gi|196 21987 22115
680 gi|196 32768 32913
681 gi|196 34041 34203
682 gi|197 2816 2963
683 gi|197 18655 19998
684 gi|197 24552 24720
685 gi|198 13167 13579
686 gi|198 18912 18994
687 gi|198 22347 22580
688 gi|198 22557 22709
689 gi|198 31841 32129
690 gi|199 5997 8798
691 gi|199 10164 11559
692 gi|199 13193 13284
693 gi|199 17549 17662
694 gi|199 17797 17861
695 gi|199 17847 18374
696 gi|199 24678 24795
697 gi|199 29882 30274
698 gi|199 30548 31056
699 gi|199 40591 40680
700 gi|2 4315 4815
701 gi|2 9293 9405
702 gi|2 28573 28657
703 gi|20 5689 6376
704 gi|20 6904 7677
705 gi|20 7985 8272
706 gi|20 10685 10848
707 gi|20 10979 11045
708 gi|20 20923 21044
709 gi|20 22298 23535
710 gi|200 13414 13636
711 gi|200 14316 16094
712 gi|200 16082 16741
713 gi|200 16730 17198
714 gi|200 25975 26477
715 gi|200 33104 33400
716 gi|201 68 334
717 gi|201 335 771
718 gi|201 952 2164
719 gi|201 1894 2685
720 gi|201 13265 13443
721 gi|201 23066 23258
722 gi|201 24478 24531
723 gi|202 36257 36684
724 gi|202 36682 36756
725 gi|203 7794 7881
726 gi|203 29911 30222
727 gi|204 34051 34301
728 gi|205 1799 2489
729 gi|205 9995 10759
730 gi|205 10717 10971
731 gi|205 28089 28173
732 gi|205 37141 37561
733 gi|205 37816 37969
734 gi|205 38858 39282
735 gi|205 39624 39746
736 gi|206 6705 6786
737 gi|206 6836 7031
738 gi|206 15222 15496
739 gi|207 2648 2775
740 gi|207 16510 16582
741 gi|207 22943 24806
742 gi|208 3141 3322
743 gi|208 3531 3776
744 gi|208 14741 14866
745 gi|208 32139 32352
746 gi|208 36216 39075
747 gi|209 7254 7341
748 gi|209 10342 10797
749 gi|209 12842 13004
750 gi|209 14865 14913
751 gi|209 15143 15358
752 gi|209 15625 15940
753 gi|209 16424 16507
754 gi|209 19521 19905
755 gi|209 23683 23794
756 gi|21 1 235
757 gi|21 971 1854
758 gi|210 10380 12525
759 gi|210 13442 13626
760 gi|210 13704 14075
761 gi|210 14390 14738
762 gi|210 14734 14806
763 gi|210 14841 14958
764 gi|210 15087 15873
765 gi|210 20125 20221
766 gi|210 26288 26353
767 gi|210 26369 27484
768 gi|210 27654 27824
769 gi|210 27938 28071
770 gi|210 28619 28698
771 gi|210 28711 29951
772 gi|211 5611 5845
773 gi|211 6014 6774
774 gi|211 7319 7407
775 gi|211 30986 31073
776 gi|212 26 551
777 gi|212 525 602
778 gi|212 912 1272
779 gi|212 1307 1840
780 gi|212 8439 8753
781 gi|212 13027 13116
782 gi|212 14852 15088
783 gi|212 23606 24934
784 gi|213 16410 16622
785 gi|213 18332 18473
786 gi|213 35836 36183
787 gi|213 38046 38304
788 gi|214 4440 4639
789 gi|214 4863 5057
790 gi|214 30213 30981
791 gi|214 30944 31453
792 gi|214 31510 31616
793 gi|214 40553 40703
794 gi|215 923 1034
795 gi|215 4142 4255
796 gi|215 6865 7035
797 gi|215 11361 11418
798 gi|215 38209 38278
799 gi|216 5201 7104
800 gi|216 18404 18464
801 gi|217 1551 1661
802 gi|217 1809 2068
803 gi|217 2298 2483
804 gi|217 2790 3042
805 gi|217 3038 3350
806 gi|217 3344 3505
807 gi|217 3505 3545
808 gi|217 4435 5182
809 gi|217 8224 9060
810 gi|217 11124 11597
811 gi|217 22565 22752
812 gi|217 33502 33664
813 gi|217 36258 36390
814 gi|219 2422 2535
815 gi|219 2606 2639
816 gi|219 9283 9367
817 gi|219 25612 25728
818 gi|219 25875 26376
819 gi|219 26780 26874
820 gi|219 30885 31067
821 gi|219 37248 37305
822 gi|220 17468 17589
823 gi|220 19591 19763
824 gi|220 20107 20269
825 gi|220 20291 20466
826 gi|220 20512 20670
827 gi|220 21495 21817
828 gi|220 22315 22447
829 gi|220 22754 22821
830 gi|220 22810 22935
831 gi|220 22935 23039
832 gi|220 23378 23487
833 gi|220 23582 25566
834 gi|221 17991 19786
835 gi|221 29364 29429
836 gi|221 29470 29544
837 gi|221 29545 29591
838 gi|222 1 45
839 gi|222 8582 8992
840 gi|222 10850 10982
841 gi|222 11272 11313
842 gi|222 11308 11450
843 gi|222 25423 25524
844 gi|222 25784 26191
845 gi|222 26004 26412
846 gi|223 2484 2715
847 gi|223 10764 10806
848 gi|223 10915 10972
849 gi|223 12085 12367
850 gi|223 12345 12929
851 gi|223 12920 13068
852 gi|223 13064 13179
853 gi|224 26185 26551
854 gi|224 26952 27226
855 gi|224 27324 27380
856 gi|224 28353 28826
857 gi|224 28922 29459
858 gi|224 29597 29675
859 gi|225 654 1026
860 gi|225 7472 10711
861 gi|225 11719 12999
862 gi|225 15535 16451
863 gi|225 16453 22015
864 gi|225 22093 22156
865 gi|225 22135 22841
866 gi|225 23350 24611
867 gi|225 26934 27629
868 gi|225 27886 28004
869 gi|225 28068 28243
870 gi|225 29893 30014
871 gi|225 30820 30948
872 gi|225 31125 31210
873 gi|226 591 653
874 gi|226 684 901
875 gi|226 919 996
876 gi|226 1374 1458
877 gi|226 1417 1650
878 gi|226 7494 8048
879 gi|226 9736 9984
880 gi|226 18234 18315
881 gi|226 18432 18902
882 gi|226 18858 20091
883 gi|226 20194 21202
884 gi|227 21988 22277
885 gi|227 22186 22393
886 gi|227 37360 37467
887 gi|227 37423 38207
888 gi|228 8845 9387
889 gi|228 17053 17188
890 gi|228 33211 33713
891 gi|228 33734 33878
892 gi|228 33907 34247
893 gi|228 34322 34389
894 gi|228 36032 36145
895 gi|228 38203 38342
896 gi|229 8819 9020
897 gi|229 12202 12336
898 gi|229 33994 34337
899 gi|229 34446 34505
900 gi|23 7978 8055
901 gi|23 19870 21346
902 gi|23 25486 25637
903 gi|23 25704 25888
904 gi|23 26128 26392
905 gi|23 32007 32081
906 gi|230 11629 12450
907 gi|230 15017 15369
908 gi|230 37932 38026
909 gi|231 8162 8318
910 gi|231 10148 10365
911 gi|231 13307 14539
912 gi|231 14686 14906
913 gi|231 15710 16227
914 gi|231 22765 22816
915 gi|231 24066 24279
916 gi|231 33029 33484
917 gi|231 34625 34693
918 gi|231 34955 35289
919 gi|24 2922 3051
920 gi|24 3051 3961
921 gi|24 3962 4792
922 gi|24 4961 8178
923 gi|24 9982 11014
924 gi|24 21320 21876
925 gi|25 23610 24200
926 gi|25 33783 34049
927 gi|25 34053 34215
928 gi|25 34667 34774
929 gi|26 17335 17448
930 gi|27 26937 27183
931 gi|28 7343 7447
932 gi|28 13571 13656
933 gi|28 16529 17052
934 gi|28 26894 27028
935 gi|28 35459 35563
936 gi|29 10742 11053
937 gi|29 13299 13559
938 gi|3 1591 1728
939 gi|3 3931 4053
940 gi|3 7118 7234
941 gi|3 7320 7513
942 gi|3 26964 27027
943 gi|3 31590 31767
944 gi|30 3751 3973
945 gi|30 3973 5740
946 gi|30 5724 5792
947 gi|30 5867 6548
948 gi|30 6942 7924
949 gi|30 20348 20836
950 gi|30 24213 24322
951 gi|30 35005 35328
952 gi|30 35468 35585
953 gi|30 38308 38451
954 gi|31 1463 1882
955 gi|31 23981 24524
956 gi|31 24640 25159
957 gi|31 25256 25301
958 gi|31 35511 35671
959 gi|32 7169 7436
960 gi|32 18343 18543
961 gi|32 20274 20324
962 gi|32 20412 22261
963 gi|32 22274 22325
964 gi|32 32238 32595
965 gi|32 32556 33027
966 gi|33 17265 17341
967 gi|33 26925 26996
968 gi|34 8608 8758
969 gi|34 9770 10006
970 gi|34 10168 10341
971 gi|34 10547 10639
972 gi|34 36292 36439
973 gi|35 6867 8493
974 gi|35 11618 11823
975 gi|35 17309 17436
976 gi|35 17673 17857
977 gi|35 17879 18296
978 gi|35 37040 37200
979 gi|35 37696 37907
980 gi|36 2614 2893
981 gi|36 2963 3314
982 gi|36 5956 9742
983 gi|36 9737 10058
984 gi|36 16280 16380
985 gi|36 16616 17486
986 gi|36 17876 18783
987 gi|36 25250 25455
988 gi|36 25408 25952
989 gi|36 25945 26160
990 gi|36 26102 26410
991 gi|36 26461 26541
992 gi|36 26606 27103
993 gi|36 28466 28788
994 gi|36 30920 31065
995 gi|36 32187 32295
996 gi|36 32772 34081
997 gi|36 35045 35319
998 gi|36 35708 35854
999 gi|36 38007 38051
1000 gi|36 38293 38519
1001 gi|36 38750 39541
1002 gi|37 11085 11159
1003 gi|37 12098 12335
1004 gi|37 22826 22968
1005 gi|37 23063 23241
1006 gi|38 4104 4168
1007 gi|38 15958 16111
1008 gi|38 16830 17068
1009 gi|38 17166 17638
1010 gi|38 34748 35018
1011 gi|39 4793 4860
1012 gi|4 10963 11059
1013 gi|40 8142 8270
1014 gi|40 8466 8562
1015 gi|40 12835 12969
1016 gi|40 30573 30710
1017 gi|40 35270 35410
1018 gi|40 36383 36588
1019 gi|41 9105 9276
1020 gi|41 10720 10763
1021 gi|41 11330 11450
1022 gi|41 16401 16762
1023 gi|41 36396 36832
1024 gi|42 5189 5268
1025 gi|42 38468 38534
1026 gi|43 2610 2740
1027 gi|43 3178 3305
1028 gi|43 17859 18209
1029 gi|43 18896 19183
1030 gi|43 23372 24787
1031 gi|43 37402 37645
1032 gi|43 37755 37997
1033 gi|44 11716 11882
1034 gi|44 19477 19534
1035 gi|44 21015 21125
1036 gi|45 2261 2368
1037 gi|45 2429 2862
1038 gi|45 10068 10114
1039 gi|45 10101 10305
1040 gi|45 11648 11802
1041 gi|45 11849 11958
1042 gi|45 13046 13093
1043 gi|45 13404 14027
1044 gi|45 14649 16650
1045 gi|45 16567 18496
1046 gi|45 18804 19091
1047 gi|45 20838 21441
1048 gi|46 1104 1226
1049 gi|46 16073 16211
1050 gi|46 16223 16368
1051 gi|46 16433 16533
1052 gi|46 17153 17260
1053 gi|46 21571 21789
1054 gi|46 22879 23011
1055 gi|46 23057 23193
1056 gi|46 23306 23348
1057 gi|46 32427 32536
1058 gi|46 37462 37645
1059 gi|47 1931 2116
1060 gi|47 2098 2424
1061 gi|47 2461 2598
1062 gi|47 2620 3059
1063 gi|47 3055 3114
1064 gi|47 3101 3410
1065 gi|47 20979 21201
1066 gi|47 24396 24566
1067 gi|47 25427 25570
1068 gi|48 4041 5478
1069 gi|48 23934 24048
1070 gi|48 28610 28942
1071 gi|49 11920 12369
1072 gi|49 35757 36059
1073 gi|49 36109 36204
1074 gi|5 22397 22509
1075 gi|5 23865 23922
1076 gi|50 14077 14541
1077 gi|50 14651 14793
1078 gi|50 14921 14970
1079 gi|51 133 184
1080 gi|51 20807 20898
1081 gi|51 36644 36695
1082 gi|51 37008 37400
1083 gi|51 37542 37619
1084 gi|51 37696 39176
1085 gi|52 5410 5647
1086 gi|52 14887 14982
1087 gi|52 22355 24296
1088 gi|53 3196 3274
1089 gi|53 3970 4042
1090 gi|53 4654 4903
1091 gi|53 6226 6357
1092 gi|53 9490 9564
1093 gi|53 21835 21966
1094 gi|53 24734 25002
1095 gi|53 25109 25529
1096 gi|53 33056 33119
1097 gi|54 28265 28654
1098 gi|55 22062 22327
1099 gi|55 22624 22727
1100 gi|55 22716 23242
1101 gi|55 23259 23454
1102 gi|55 23445 24206
1103 gi|55 24244 24312
1104 gi|55 24353 24401
1105 gi|55 33752 33898
1106 gi|55 34093 34285
1107 gi|55 34603 34719
1108 gi|56 5641 6002
1109 gi|56 29857 30011
1110 gi|56 36107 37926
1111 gi|56 38469 38627
1112 gi|57 31753 31898
1113 gi|57 31958 32114
1114 gi|57 32102 32213
1115 gi|57 33144 33262
1116 gi|58 15401 15690
1117 gi|59 13409 13514
1118 gi|59 25395 25483
1119 gi|59 39542 39867
1120 gi|59 39844 39998
1121 gi|6 18855 18898
1122 gi|6 26773 26883
1123 gi|60 18440 18870
1124 gi|60 37887 38140
1125 gi|61 23396 23510
1126 gi|61 34769 34888
1127 gi|62 8229 8341
1128 gi|62 10649 12416
1129 gi|62 13900 14034
1130 gi|62 14348 14591
1131 gi|62 15914 18528
1132 gi|62 18895 18985
1133 gi|62 20500 20664
1134 gi|62 20793 21005
1135 gi|62 20938 21643
1136 gi|62 22785 22847
1137 gi|62 23163 23294
1138 gi|62 23407 23523
1139 gi|62 23995 24275
1140 gi|62 24495 24591
1141 gi|62 24985 25154
1142 gi|62 26931 27508
1143 gi|62 27722 27920
1144 gi|62 28110 28401
1145 gi|62 28517 28616
1146 gi|63 17620 17721
1147 gi|63 34557 34772
1148 gi|63 34911 35833
1149 gi|63 36578 36852
1150 gi|63 36888 37822
1151 gi|64 20902 21004
1152 gi|64 21246 21338
1153 gi|64 35616 35736
1154 gi|65 1 831
1155 gi|65 12427 12538
1156 gi|65 15618 15860
1157 gi|65 15896 16032
1158 gi|65 16052 16300
1159 gi|65 16731 16943
1160 gi|65 18402 18512
1161 gi|65 18458 18714
1162 gi|65 19045 19549
1163 gi|65 26886 27014
1164 gi|65 33584 33717
1165 gi|66 5872 7166
1166 gi|66 7485 7637
1167 gi|66 8383 9742
1168 gi|66 19267 19460
1169 gi|66 27628 28956
1170 gi|66 29620 29856
1171 gi|66 29874 30109
1172 gi|67 8601 8980
1173 gi|67 9049 10089
1174 gi|67 25009 25445
1175 gi|67 25501 25924
1176 gi|67 28411 28913
1177 gi|67 29070 29493
1178 gi|67 31908 32492
1179 gi|67 33111 34214
1180 gi|67 34255 35556
1181 gi|67 36474 36604
1182 gi|68 2996 3135
1183 gi|68 3243 3352
1184 gi|68 12062 12508
1185 gi|69 36292 36444
1186 gi|7 5858 5894
1187 gi|7 6136 6474
1188 gi|7 9427 9543
1189 gi|7 9647 9756
1190 gi|7 28921 29459
1191 gi|70 7585 7636
1192 gi|70 10270 10338
1193 gi|70 10439 12234
1194 gi|70 21526 21597
1195 gi|71 8 208
1196 gi|71 3086 3536
1197 gi|71 5333 5518
1198 gi|71 8397 9225
1199 gi|71 9917 10002
1200 gi|71 10382 10504
1201 gi|71 10777 10882
1202 gi|71 35376 35581
1203 gi|71 38904 39003
1204 gi|73 21458 21541
1205 gi|73 33909 34305
1206 gi|73 35229 35410
1207 gi|74 4253 4517
1208 gi|74 10429 10462
1209 gi|74 12218 12361
1210 gi|74 12849 12973
1211 gi|74 13830 13944
1212 gi|74 14120 14976
1213 gi|74 15008 15654
1214 gi|74 17561 17680
1215 gi|74 22766 23312
1216 gi|74 24897 25092
1217 gi|74 30470 30603
1218 gi|75 23202 23391
1219 gi|76 6087 6201
1220 gi|76 7116 7501
1221 gi|76 8558 8735
1222 gi|76 38221 38339
1223 gi|77 21076 21165
1224 gi|77 22805 25093
1225 gi|77 25070 25425
1226 gi|77 32271 32449
1227 gi|77 32619 32774
1228 gi|77 39845 39894
1229 gi|78 3626 6047
1230 gi|78 6048 6087
1231 gi|78 15693 15826
1232 gi|78 17083 17169
1233 gi|78 19608 19784
1234 gi|78 24017 24146
1235 gi|78 29230 29313
1236 gi|78 37212 37346
1237 gi|79 4772 4876
1238 gi|79 4890 5075
1239 gi|79 5061 5152
1240 gi|79 5482 5522
1241 gi|79 5813 6444
1242 gi|79 6480 7227
1243 gi|79 8014 8113
1244 gi|79 8112 8148
1245 gi|79 17551 17741
1246 gi|79 18769 18914
1247 gi|79 40124 40285
1248 gi|8 8316 8479
1249 gi|8 17967 18239
1250 gi|8 19051 19311
1251 gi|8 19870 19922
1252 gi|8 19930 20156
1253 gi|8 20131 20813
1254 gi|8 24096 24170
1255 gi|8 28953 29402
1256 gi|8 29645 30115
1257 gi|8 36919 37377
1258 gi|80 20066 20144
1259 gi|81 13461 13645
1260 gi|81 39364 39440
1261 gi|82 5874 6071
1262 gi|82 6544 7279
1263 gi|83 7942 8616
1264 gi|83 14028 14454
1265 gi|83 14408 14718
1266 gi|83 32197 32468
1267 gi|83 32466 32826
1268 gi|84 5888 6200
1269 gi|84 31463 31572
1270 gi|85 128 538
1271 gi|85 1936 2348
1272 gi|85 5933 6015
1273 gi|85 8685 9694
1274 gi|85 9803 10091
1275 gi|85 14521 14764
1276 gi|85 14857 15081
1277 gi|85 15077 15509
1278 gi|85 16301 17004
1279 gi|85 17016 17332
1280 gi|85 17433 17624
1281 gi|85 18067 18315
1282 gi|85 21223 24787
1283 gi|85 25679 26201
1284 gi|85 26837 27059
1285 gi|85 27173 27782
1286 gi|86 1 303
1287 gi|86 673 737
1288 gi|86 15827 16087
1289 gi|86 18314 18420
1290 gi|86 18878 19371
1291 gi|86 19380 19487
1292 gi|86 21928 22451
1293 gi|86 23172 23289
1294 gi|86 23300 23381
1295 gi|86 25334 25422
1296 gi|87 8198 8456
1297 gi|87 28039 28104
1298 gi|88 677 818
1299 gi|88 1023 1987
1300 gi|89 5 91
1301 gi|89 22249 22460
1302 gi|89 23009 23242
1303 gi|89 29036 29108
1304 gi|89 30953 31048
1305 gi|89 31365 31538
1306 gi|89 35968 36096
1307 gi|9 1197 1252
1308 gi|9 2210 2281
1309 gi|9 13807 14342
1310 gi|9 14149 14832
1311 gi|90 18480 19288
1312 gi|90 25269 25383
1313 gi|91 12654 12784
1314 gi|91 18980 19077
1315 gi|91 19150 19217
1316 gi|91 19849 19953
1317 gi|91 22815 22890
1318 gi|91 26826 26986
1319 gi|92 8689 8843
1320 gi|92 11373 11444
1321 gi|92 18895 19065
1322 gi|92 29810 30045
1323 gi|92 30298 30433
1324 gi|93 8471 8516
1325 gi|93 18654 18859
1326 gi|94 16520 16617
1327 gi|95 5170 5217
1328 gi|95 9633 9765
1329 gi|95 11520 11738
1330 gi|95 13916 14005
1331 gi|95 21905 22119
1332 gi|96 1384 1588
1333 gi|96 1587 1773
1334 gi|96 7216 7304
1335 gi|96 8913 9912
1336 gi|96 10713 10888
1337 gi|96 13297 13405
1338 gi|96 18492 19339
1339 gi|97 16085 16219
1340 gi|97 16221 17135
1341 gi|97 17123 17960
1342 gi|97 17948 21143
1343 gi|97 21743 22042
1344 gi|97 24844 24949
1345 gi|97 26021 26107
1346 gi|97 26477 26777
1347 gi|97 26720 27196
1348 gi|97 27375 28233
1349 gi|97 29655 31650
1350 gi|97 35335 35420
1351 gi|97 36418 36509
1352 gi|98 8634 8961
1353 gi|98 8899 9092
1354 gi|98 10911 10969
1355 gi|98 20003 20224
1356 gi|98 20419 20607
1357 gi|98 20599 20880
1358 gi|98 20784 20988
1359 gi|98 21102 21316
1360 gi|98 31679 32208
1361 gi|98 35167 35215
1362 gi|98 39214 39616
