#  fam    ele   dir  sequence    start     end
     1      1  1       gi|1    23314    23629 
     1    105  1     gi|119    16339    16659 
     2      2  1       gi|1    23757    24200 
     2     47  1     gi|110    31789    32233 
     3      3  1       gi|1    25887    26265 
     3    306 -1      gi|15     7458     7855 
     4      5  1       gi|1    26875    27008 
     4    138  1     gi|126    23003    23138 
     5      6  1       gi|1    27022    27165 
     5    264  1     gi|142    13033    13155 
     5    604  1      gi|45     6659     6794 
     5    378  1     gi|165    32930    33031 
     6      7  1     gi|100     5444     5547 
     6    814 -1      gi|82    29301    29404 
     7      8  1     gi|101     1543     1633 
     7    869  1      gi|95    33189    33282 
     8      9  1     gi|101     1781     2673 
     8    248 -1     gi|138    35665    36918 
     8    875  1      gi|97     9303    10390 
     8    348 -1      gi|16    35851    35976 
     8    888 -1      gi|36     6505     6903 
     9     10  1     gi|101     2615     3233 
     9    889 -1     gi|138    34369    35623 
     9    287 -1     gi|148    14672    15073 
     9    291 -1     gi|148    18468    18739 
     9    328  1     gi|154    16909    17780 
     9    365  1     gi|164    16604    17029 
     9    528 -1      gi|36     5846     6563 
     9    559 -1      gi|38    30697    30791 
     9    696  1      gi|64    19856    20435 
     9    890  1      gi|93    23984    24284 
     9    290 -1     gi|148    18118    18474 
     9    673  1       gi|6    28144    28305 
     9    697  1      gi|64    20436    20817 
     9    510  1      gi|30    34555    34723 
     9    851  1      gi|90    16573    16706 
    10     11  1     gi|101     5760     5980 
    10    892  1      gi|52    16573    16721 
    10    609 -1      gi|46    19900    20000 
    11     12  1     gi|101    37317    37671 
    11    546  1      gi|36    33593    33952 
    12     13  1     gi|102     1224     1783 
    12    168 -1     gi|129    37226    37755 
    13     14  1     gi|102    23709    23819 
    13    557  1      gi|38    21110    21245 
    14     15  1     gi|102    35879    36578 
    15     16  1     gi|104     2356     2435 
    15    676  1      gi|60    19554    19627 
    16     17  1     gi|105     8741     8854 
    16    181 -1     gi|130    18243    18356 
    17     18  1     gi|105    11604    11724 
    17    387  1     gi|166    36279    36391 
    18     19  1     gi|105    13091    13243 
    18    388  1     gi|166    37925    38082 
    18    471  1      gi|22    36185    36305 
    19     20  1     gi|105    13806    14040 
    19    276  1     gi|145    36973    37216 
    20     21  1     gi|106     5310     5428 
    20    258  1     gi|142     3345     3460 
    20    260  1     gi|142     3565     3622 
    21     23  1     gi|106    29910    30009 
    21    847 -1      gi|90     6598     7404 
    21    179 -1      gi|13    36633    37282 
    21    240 -1     gi|138    25173    25548 
    21    755  1      gi|76      630     1230 
    22     24  1     gi|107     6648     6826 
    22    627 -1      gi|50    22971    23162 
    23     25  1     gi|107    36519    36595 
    23    878  1      gi|98    16791    16867 
    24     26  1     gi|107    36751    36929 
    24    879  1      gi|98    17024    17208 
    25     27  1     gi|108    36267    36608 
    25     61  1     gi|115    18604    19099 
    25    342 -1     gi|159    10769    11052 
    25    343 -1     gi|159    11136    11329 
    26     28  1     gi|109    12354    12530 
    26    204 -1     gi|134     2891     3047 
    27     29  1     gi|109    18790    18971 
    27    119 -1     gi|120    20238    20428 
    28     30  1     gi|109    19264    19450 
    28    118 -1     gi|120    19680    19921 
    29     31  1     gi|109    20006    20458 
    29    117 -1     gi|120    18755    19177 
    30     32  1     gi|109    20878    21176 
    30    116 -1     gi|120    18039    18339 
    31     33  1     gi|109    22156    22220 
    31    115 -1     gi|120    15750    15812 
    32     34  1     gi|109    22454    22691 
    32    100 -1     gi|118    31126    31357 
    33     35  1     gi|109    22647    23318 
    33    114 -1     gi|120    14474    15187 
    34     36  1     gi|109    23347    23751 
    34    113 -1     gi|120    13955    14327 
    35     37  1     gi|109    24814    24908 
    35    103 -1     gi|119    14647    14820 
    35    617 -1      gi|48    32917    33065 
    36     38  1     gi|109    25519    26900 
    36    208 -1     gi|134    25118    26560 
    37     39  1      gi|11     5221     5275 
    37    256  1     gi|141    13323    13383 
    38     40  1      gi|11    12629    13302 
    38    121  1     gi|122    10423    11065 
    38    319  1     gi|151     4447     5127 
    38    483  1      gi|27    24843    25503 
    39     41  1      gi|11    35100    35484 
    39    426  1     gi|170     7809     8222 
    40     42  1      gi|11    35486    36256 
    40    177 -1      gi|13    35632    35994 
    40    427  1     gi|170     8389     9205 
    41     43  1     gi|110    28121    29018 
    41    660 -1      gi|57    36309    37214 
    42     44  1     gi|110    29766    29993 
    43     45  1     gi|110    30527    30694 
    43    294  1     gi|149     4072     4246 
    43    616  1      gi|48    32226    32359 
    44     46  1     gi|110    30975    31214 
    44    274 -1     gi|145    28247    28417 
    44    393 -1     gi|167    31483    31721 
    45     48  1     gi|110    32495    32638 
    45    899  1       gi|8    39029    39328 
    45    901  1     gi|129    30194    30491 
    45    356 -1     gi|162     5394     5499 
    45    700  1      gi|64    32248    32370 
    45    877 -1      gi|97    14681    14856 
    46     49  1     gi|112    22783    25870 
    46    286 -1     gi|148     2131     5240 
    46    625 -1       gi|5    29948    31172 
    46    244 -1     gi|138    27773    28352 
    46    635  1      gi|52     9982    10351 
    47     50  1     gi|112    25869    26002 
    47    285 -1     gi|148     1827     1959 
    47    396  1     gi|167    34511    34576 
    48     51  1     gi|113    10793    11186 
    48    282  1     gi|147    15600    16043 
    49     52  1     gi|113    11488    11569 
    49    283  1     gi|147    16345    16424 
    50     53  1     gi|113    31375    31567 
    50    874  1      gi|97     8488     9163 
    50    249 -1     gi|138    36986    37645 
    51     54  1     gi|113    36319    38952 
    51    153 -1     gi|128    18684    21284 
    51    769 -1      gi|76    39006    39115 
    52     56  1     gi|113    39380    39416 
    52    371  1     gi|165    17240    17281 
    53     57  1     gi|114    17008    17172 
    53    795  1      gi|79    29918    30196 
    53    472  1      gi|22    39622    39905 
    54     58  1     gi|114    17345    17467 
    54    796  1      gi|79    30151    30274 
    55     59  1     gi|114    18097    18468 
    55    797  1      gi|79    30893    31347 
    55    555  1      gi|38      724      791 
    55    556  1      gi|38      824     1248 
    55    749  1      gi|74    27847    28093 
    55    482  1      gi|27    22065    22226 
    56     60  1     gi|115    17304    17624 
    56    870  1      gi|96     9990    10302 
    57     62  1     gi|115    19274    19656 
    57    341 -1     gi|159    10203    10535 
    58     63  1     gi|115    20158    20260 
    58    310  1      gi|15    23392    23488 
    59     64  1     gi|115    20312    20391 
    59    839  1       gi|9     5714     5851 
    59    327  1     gi|154    14839    14976 
    59    905 -1      gi|40    32656    32799 
    60     65  1     gi|116     1565     1654 
    60    816 -1      gi|83     8313     8414 
    61     66  1     gi|116    37022    37180 
    61    699 -1      gi|64    32051    32234 
    61    598 -1      gi|44      586      794 
    61    295  1     gi|149     5265     5409 
    62     67  1     gi|116    37361    37479 
    62    521  1      gi|35    14774    14892 
    63     68  1     gi|116    37480    38897 
    63    451  1     gi|172     6009     6156 
    63    522  1      gi|35    14948    16497 
    63    489  1      gi|28     7319     7748 
    64     69  1     gi|116    39190    39280 
    64    523  1      gi|35    16793    16886 
    65     70  1     gi|117    15160    16290 
    66     71  1     gi|117    25937    26193 
    66    813  1      gi|82    11692    11913 
    67     73  1     gi|117    28786    29540 
    67    910 -1     gi|170     5188     5749 
    67    911 -1      gi|36    34950    35492 
    67    913 -1     gi|117    30573    31083 
    67    914 -1     gi|117    34094    34586 
    67    424  1     gi|170     7238     7415 
    67    429  1     gi|170     9309     9692 
    67    909  1     gi|170     1366     1854 
    67    292 -1     gi|149     2140     2232 
    67    912 -1     gi|117    30540    30573 
    68     74  1     gi|117    29628    29770 
    68    414  1     gi|170      166      855 
    69     75  1     gi|117    29804    30081 
    69    415  1     gi|170     1053     1322 
    70     76  1     gi|117    30035    30569 
    70    551 -1      gi|36    39472    39999 
    70     87  1     gi|117    35647    35903 
    71     78  1     gi|117    31743    32211 
    71    419 -1     gi|170     3730     4198 
    72     79  1     gi|117    32194    33476 
    72    418 -1     gi|170     2423     3482 
    72    544 -1      gi|36    32011    33217 
    72     82  1     gi|117    33832    34099 
    72     84 -1     gi|117    34634    34878 
    73     80  1     gi|117    33488    33621 
    73    420 -1     gi|170     4198     4931 
    73     93 -1     gi|117    38582    38881 
    73     94 -1     gi|117    38897    39486 
    74     81  1     gi|117    33621    33818 
    74    654  1      gi|57    31574    31665 
    74    533 -1      gi|36    21676    21852 
    74    539 -1      gi|36    24366    24642 
    74     88  1     gi|117    35905    36098 
    75     85  1     gi|117    34880    35249 
    75    425  1     gi|170     7347     7830 
    75    543 -1      gi|36    29798    30289 
    76     86  1     gi|117    35208    35409 
    76    542 -1      gi|36    29608    29811 
    76    428  1     gi|170     9153     9303 
    77     89  1     gi|117    36086    36429 
    77    417  1     gi|170     2088     2434 
    77    545  1      gi|36    33273    33611 
    78     90  1     gi|117    36808    36966 
    78    413 -1     gi|170       13      171 
    79     91  1     gi|117    37330    37994 
    79    548  1      gi|36    36372    37033 
    80     92  1     gi|117    38200    38576 
    80    549  1      gi|36    37197    38558 
    80     95  1     gi|117    39490    39577 
    80     97  1     gi|117    40081    40170 
    81     96  1     gi|117    39577    40081 
    81    169 -1      gi|13    27114    27421 
    81    532  1      gi|36    21470    21521 
    81    536  1      gi|36    23046    23525 
    81    918  1      gi|36    21388    21469 
    81    919  1      gi|71    28776    29255 
    81    430 -1     gi|170     9689     9817 
    81    915 -1     gi|170    10509    10591 
    81    431 -1     gi|170     9794     9979 
    82     98  1     gi|118     8588     8802 
    82    359 -1     gi|162    29124    29332 
    83     99  1     gi|118     9344     9684 
    83    704  1      gi|66       34      373 
    84    102  1     gi|119    13925    14080 
    84    265 -1     gi|142    13675    13849 
    84    651  1      gi|57     7206     7381 
    85    104  1     gi|119    15538    15674 
    85    923  1      gi|74    38813    39219 
    85    401 -1     gi|168     3184     3453 
    85    530  1      gi|36    14623    15031 
    85    920  1     gi|119     9011     9361 
    85    921  1     gi|166    39214    39615 
    85    922 -1      gi|36    23961    24292 
    85    924 -1      gi|69    29286    29360 
    85    304  1      gi|15     6431     6894 
    85    838  1       gi|9     4620     4934 
    85    270  1     gi|144     3210     3581 
    85    686 -1      gi|61    26659    26774 
    86    106  1      gi|12     2070     2315 
    86    744  1      gi|73    36974    37227 
    87    108  1      gi|12    27739    27875 
    87    395  1     gi|167    34264    34377 
    88    109  1      gi|12    31455    33061 
    89    110  1      gi|12    34141    34363 
    89    145 -1     gi|127    14293    14524 
    90    111  1      gi|12    34766    34952 
    90    144 -1     gi|127    13796    13991 
    91    112  1      gi|12    35251    35376 
    91    143 -1     gi|127    13468    13593 
    92    120  1     gi|121    17502    17669 
    92    284 -1     gi|147    35485    35868 
    92    579 -1      gi|40    14897    15197 
    93    122  1     gi|122    22598    22759 
    93    403  1     gi|168    21312    21480 
    94    123  1     gi|122    32083    32220 
    94    149  1     gi|127    37337    39090 
    94    200 -1     gi|133     6519     8255 
    95    124  1     gi|123    18223    18425 
    95    502  1       gi|3     3471     3688 
    96    125  1     gi|124      356      471 
    96    782 -1      gi|77    37466    37581 
    97    126  1     gi|124    23251    23567 
    97    587  1      gi|40    36321    36636 
    98    127  1     gi|124    24564    24769 
    98    307  1      gi|15     9493     9698 
    99    128  1     gi|124    33612    33782 
    99    296 -1     gi|149     6728     6917 
    99    663 -1      gi|58    18055    18215 
    99    227 -1     gi|136     7825     7909 
   100    129  1     gi|124    34368    34554 
   100    352  1     gi|161    14149    14339 
   101    130  1     gi|124    35001    35053 
   101    770 -1      gi|77     8395     8447 
   102    131  1     gi|125    30879    30982 
   102    792 -1      gi|78    38883    38987 
   102    132  1     gi|125    31040    31138 
   103    133  1     gi|125    31232    31631 
   103    317 -1     gi|151     1754     2126 
   103    370  1     gi|165    15695    16064 
   103    833  1       gi|9     1968     2129 
   104    134  1     gi|126     2612     2760 
   104    485 -1      gi|27    37018    37168 
   105    135  1     gi|126     3215     3347 
   105    665  1       gi|6     5264     5395 
   106    136  1     gi|126     5336     5423 
   106    484 -1      gi|27    36926    37011 
   107    137  1     gi|126    22203    22312 
   107    785  1      gi|78     3243     3350 
   108    139  1     gi|126    23865    24000 
   108    301 -1      gi|15     2788     3129 
   108    229  1     gi|136     8714     9018 
   109    140  1     gi|126    25188    25365 
   109    496 -1      gi|29    29659    29839 
   110    141  1     gi|126    33004    33104 
   110    825 -1      gi|86    40025    40124 
   111    142  1     gi|126    38258    38408 
   111    776 -1      gi|77    12602    13788 
   111    475 -1      gi|23    21461    22632 
   111    498 -1      gi|29    35965    36247 
   111    588 -1      gi|41     7760     7910 
   112    146  1     gi|127    28061    28189 
   112    926  1      gi|30    21154    21282 
   112    147  1     gi|127    28568    28696 
   112    928  1     gi|127    28849    28977 
   113    150  1     gi|127    39160    39526 
   113    199 -1     gi|133     6149     6507 
   114    151  1     gi|128    17543    17644 
   114    385  1     gi|166    29344    29451 
   115    152  1     gi|128    17722    17977 
   115    564 -1      gi|39    22774    23047 
   116    154  1     gi|128    24219    24288 
   116    476 -1      gi|23    32703    32810 
   116    363 -1     gi|163    29200    29296 
   116    250  1     gi|138    37679    37754 
   117    156  1     gi|128    24387    24634 
   117    810 -1      gi|81    32203    32465 
   117    315  1     gi|150     2192     2459 
   118    157  1     gi|128    31494    32027 
   118    738 -1      gi|72    37473    37992 
   118    819 -1      gi|83    28953    29548 
   118    474 -1      gi|23    11881    11986 
   119    158  1     gi|128    36253    37263 
   119    196 -1     gi|131    27388    28405 
   119    689 -1      gi|61    33962    34187 
   120    159  1     gi|128    37507    37878 
   120    195 -1     gi|131    26619    27010 
   120    316  1     gi|151      542      811 
   121    160  1     gi|129      745      897 
   121    717  1      gi|69     5602     5751 
   122    161  1     gi|129    16325    16679 
   122    351  1     gi|160     1763     2026 
   122    855 -1      gi|93     2637     2868 
   123    162  1     gi|129    19040    19165 
   123    857 -1      gi|93     9582     9707 
   124    163  1     gi|129    28240    28406 
   124    853 -1      gi|91    36852    37003 
   125    165  1     gi|129    31938    32159 
   125    392 -1     gi|167    27252    27393 
   125    601 -1      gi|44     9209     9885 
   125    384  1     gi|166    16824    17551 
   125    167 -1     gi|129    34137    34292 
   126    166  1     gi|129    33898    34081 
   126    600  1      gi|44     8820     9000 
   127    170  1      gi|13    27758    27935 
   127    719  1      gi|69    29060    29223 
   128    171  1      gi|13    28009    28071 
   128    720  1      gi|69    29223    29288 
   129    172  1      gi|13    28447    28991 
   129    669  1       gi|6    19806    20359 
   130    173  1      gi|13    29954    30085 
   130    670  1       gi|6    20367    20495 
   131    174  1      gi|13    30471    31754 
   131    790 -1      gi|78    15361    16644 
   132    175  1      gi|13    31751    32000 
   132    574  1      gi|40     1511     2058 
   132    432 -1     gi|170     9965    10511 
   132    835 -1       gi|9     3689     3799 
   132    836 -1       gi|9     3907     4013 
   133    176  1      gi|13    33168    33310 
   133    631  1      gi|50    29162    29301 
   134    178  1      gi|13    35949    36571 
   134    242 -1     gi|138    26061    26684 
   134    756 -1      gi|76     1213     1756 
   134    845  1      gi|90     6081     6427 
   134    278 -1     gi|146     8853     9074 
   135    180  1      gi|13    37404    37618 
   135    615 -1      gi|48    29077    29114 
   135    754 -1      gi|76      248      653 
   135    453 -1     gi|172     8241     8505 
   135    473 -1      gi|23    10241    10515 
   135    848  1      gi|90     7211     7800 
   135    241 -1     gi|138    25624    26076 
   135    614 -1      gi|48    28787    28983 
   136    182  1     gi|130    20734    20865 
   136    518  1      gi|34     7615     7752 
   137    183  1     gi|130    21214    21436 
   137    632  1      gi|51    32231    32479 
   137    237 -1     gi|138    13722    13948 
   138    184  1     gi|130    21456    21665 
   138    730  1      gi|71    28112    28316 
   138    511  1      gi|31    14978    15070 
   139    185  1     gi|130    21692    21779 
   139    239  1     gi|138    24938    25171 
   139    929 -1     gi|146     9670     9996 
   139    487  1      gi|27    39640    39782 
   139    758  1      gi|76    12471    12614 
   139    931 -1     gi|138    28354    28411 
   140    186  1     gi|130    21761    22101 
   141    187  1     gi|130    22578    22818 
   141    599  1      gi|44     8579     8819 
   142    188  1     gi|130    25556    25754 
   142    762 -1      gi|76    19418    20010 
   142    732  1      gi|71    33101    33736 
   142    506  1      gi|30    12510    12595 
   142    236  1     gi|137    37143    37378 
   143    189  1     gi|131     1664     1810 
   143    589  1      gi|41    24440    24553 
   143    590  1      gi|41    26110    26195 
   144    190  1     gi|131    10332    10434 
   145    191  1     gi|131    24139    24300 
   145    934  1      gi|49     7812     8016 
   145    576  1      gi|40    10204    10414 
   145    466 -1       gi|2    35637    35733 
   146    192  1     gi|131    24555    24932 
   146    446  1     gi|171    16785    17179 
   147    193  1     gi|131    25187    25254 
   147    447  1     gi|171    17291    17502 
   147    955 -1      gi|34    10642    10816 
   147    954 -1      gi|34    10569    10641 
   147    620  1      gi|49     8663     8837 
   147    952  1     gi|168    35016    35128 
   147    953  1      gi|70     8209     8314 
   148    194  1     gi|131    25628    25675 
   148    400 -1     gi|168     2861     2908 
   149    197  1     gi|132    18092    18216 
   149    507 -1      gi|30    16561    16715 
   149    808  1      gi|81    17974    18048 
   150    198  1     gi|133     3218     3364 
   150    791  1      gi|78    25779    25938 
   151    201  1     gi|133    12230    12438 
   151    677  1      gi|60    19605    20820 
   151    843 -1      gi|90     2320     3593 
   152    202  1     gi|133    13948    14036 
   152    272 -1     gi|145     3352     3440 
   153    203  1     gi|133    14167    14330 
   153    271 -1     gi|145     2974     3140 
   154    205  1     gi|134    14311    14631 
   154    691  1      gi|63     5246     5587 
   155    206  1     gi|134    14866    16031 
   155    692  1      gi|63     5762     6932 
   156    207  1     gi|134    16163    16621 
   156    693  1      gi|63     7051     7518 
   157    209  1     gi|134    27126    27788 
   157    842 -1      gi|90        1     1536 
   157    678  1      gi|60    20831    22377 
   158    211  1     gi|134    28198    28273 
   158    514 -1      gi|33    27289    27470 
   158    844 -1      gi|90     3725     3874 
   159    212  1     gi|134    33886    34013 
   159    586 -1      gi|40    35388    35510 
   160    213  1     gi|134    38488    38712 
   160    372  1     gi|165    17281    17521 
   160    379 -1     gi|165    33063    33177 
   161    214  1     gi|134    38713    40014 
   161    777  1      gi|77    14012    15827 
   161    373  1     gi|165    17524    18419 
   161    714 -1      gi|69      981     2466 
   162    215  1     gi|134    39993    40087 
   162    778  1      gi|77    16541    16643 
   163    216  1     gi|134    40085    40490 
   163    374 -1     gi|165    19063    19367 
   163    380 -1     gi|165    33142    33278 
   163    381 -1     gi|165    33219    33477 
   163    386  1     gi|166    30454    30639 
   164    217  1     gi|134    40493    40543 
   164    716 -1      gi|69     4200     4582 
   164    497  1      gi|29    33177    33553 
   165    218  1     gi|134    40605    40700 
   165    684  1      gi|60    24552    24647 
   166    219  1     gi|135        3     1010 
   166    708 -1      gi|67     4212     6317 
   166    303 -1      gi|15     4545     6430 
   166    516 -1      gi|34     7110     7388 
   167    220  1     gi|135     4205     4431 
   167    802 -1      gi|80        3     1250 
   167    221  1     gi|135     4642     5644 
   167    553  1      gi|37     9264     9382 
   167    567 -1      gi|39    27963    28711 
   167    701 -1      gi|64    33308    33614 
   168    223  1     gi|135    30037    30090 
   168    246 -1     gi|138    30224    30409 
   168    871  1      gi|97      388      634 
   168    883  1      gi|99    10511    10674 
   169    224  1     gi|135    39011    39063 
   169    275  1     gi|145    28931    29013 
   169    444 -1     gi|170    36702    36772 
   170    225  1     gi|135    39344    39396 
   170    806  1      gi|80    39302    39355 
   171    226  1     gi|136     6786     6911 
   171    470 -1      gi|21    30556    30679 
   172    230  1     gi|137    13884    14048 
   172    868 -1      gi|95    16046    16210 
   173    231  1     gi|137    14100    14592 
   173    867 -1      gi|95    15524    16089 
   173    936  1      gi|70     7200     7399 
   174    232  1     gi|137    14647    14929 
   174    866 -1      gi|95    15180    15523 
   175    233  1     gi|137    14991    15130 
   175    865 -1      gi|95    15032    15241 
   175    464 -1       gi|2    34242    34310 
   176    234  1     gi|137    26350    28620 
   176    309  1      gi|15    19201    21828 
   176    462 -1      gi|18     4215     4956 
   176    423 -1     gi|170     5754     7248 
   176    257 -1     gi|142     3068     3216 
   177    235  1     gi|137    28597    28930 
   177    624  1       gi|5    27368    27628 
   177    312  1      gi|15    26016    26347 
   177    461 -1      gi|18     4033     4164 
   178    238  1     gi|138    21149    21433 
   178    872 -1      gi|97      642      938 
   178    440 -1     gi|170    32893    33087 
   179    243  1     gi|138    26904    27031 
   179    759 -1      gi|76    13530    13698 
   180    251  1      gi|14    26722    26795 
   180    503  1      gi|30     1247     1317 
   181    252  1      gi|14    27269    27663 
   181    504  1      gi|30     1905     2299 
   182    253  1      gi|14    28280    28361 
   182    505  1      gi|30     2680     2763 
   183    254  1     gi|140      623      746 
   183    760  1      gi|76    13766    13891 
   184    255  1     gi|140    31187    31260 
   184    722  1       gi|7    15323    16038 
   184    297 -1     gi|149    25707    26198 
   184    412 -1      gi|17    34357    34778 
   184    268  1     gi|142    20863    21068 
   184    298 -1     gi|149    26234    26296 
   184    411 -1      gi|17    33711    33751 
   185    259  1     gi|142     3431     3506 
   185    500  1      gi|29    37482    37571 
   186    261  1     gi|142     4344     4644 
   186    718  1      gi|69    10142    10462 
   187    262  1     gi|142     6132     6276 
   187    666 -1       gi|6    16943    17030 
   187    768  1      gi|76    35822    35949 
   188    263  1     gi|142    11881    12023 
   188    652 -1      gi|57     7671     7813 
   189    266  1     gi|142    15574    15691 
   189    454  1     gi|172    11268    11386 
   190    267  1     gi|142    16846    16983 
   190    705  1      gi|66    21112    21244 
   191    269  1     gi|143     5879     5992 
   192    273  1     gi|145    28181    28230 
   193    277  1     gi|146     6927     7808 
   193    344 -1     gi|159    12394    12526 
   193    346 -1     gi|159    12924    13125 
   193    353  1     gi|161    19756    20547 
   193    345 -1     gi|159    12585    13023 
   194    280  1     gi|146    36076    36383 
   194    561  1      gi|38    31288    32077 
   194    329  1     gi|154    17779    17932 
   194    340  1     gi|159     9217     9532 
   194    812 -1      gi|81    32695    32971 
   194    873  1      gi|97     4462     4630 
   194    349 -1      gi|16    36146    36322 
   194    690  1      gi|63     4725     4876 
   194    763  1      gi|76    21962    22052 
   194    560  1      gi|38    31164    31229 
   195    281  1     gi|146    36479    36559 
   195    898 -1       gi|8    38957    39029 
   195    900 -1     gi|129    30132    30194 
   196    288  1     gi|148    16179    16248 
   196    729 -1      gi|71    22669    22738 
   197    289  1     gi|148    17949    18096 
   197    441 -1     gi|170    33098    33236 
   198    293  1     gi|149     3663     4067 
   198    659 -1      gi|57    35796    36038 
   198    552  1      gi|37     8894     9245 
   199    299  1      gi|15     1926     2190 
   199    707  1      gi|67     4054     4328 
   200    300  1      gi|15     2188     2701 
   200    908 -1      gi|33    27465    29266 
   200    302  1      gi|15     3233     4542 
   200    582  1      gi|40    26701    26901 
   200    583  1      gi|40    26889    27433 
   200    906 -1     gi|117    26626    28457 
   200    907  1      gi|12    20580    22407 
   201    305  1      gi|15     6865     7334 
   201    709  1      gi|67     6349     6922 
   201    488 -1      gi|27    39771    39970 
   202    308  1      gi|15    17904    18017 
   202    828  1      gi|88    33539    33672 
   203    311  1      gi|15    24109    25868 
   203    623  1       gi|5    25575    27340 
   204    313  1     gi|150     1008     1137 
   204    668  1       gi|6    19649    19774 
   205    314  1     gi|150     1385     1558 
   205    882 -1      gi|99    10340    10512 
   206    318  1     gi|151     2282     2396 
   206    752 -1      gi|75     5876     5996 
   206    639 -1      gi|52    27340    27461 
   207    320  1     gi|151    20775    21004 
   207    864  1      gi|94    12855    13096 
   208    321  1     gi|151    24555    24703 
   208    326 -1     gi|153    21002    21174 
   208    884 -1       gi|1    26476    26648 
   208    885  1      gi|47    13675    13849 
   208    886  1      gi|90     6428     6603 
   208    887 -1      gi|99    10104    10194 
   209    322  1     gi|151    29344    29480 
   209    891  1      gi|52    16513    16572 
   210    323  1     gi|151    29541    29699 
   210    664  1      gi|58    22303    22465 
   211    324  1     gi|152    21341    21493 
   212    325  1     gi|152    26965    29155 
   212    736 -1      gi|72    20489    20599 
   212    793 -1      gi|79     8449    10620 
   213    330  1     gi|155    12627    12666 
   213    655  1      gi|57    31803    31842 
   214    331  1     gi|155    12754    13040 
   214    656  1      gi|57    31858    32176 
   215    332  1     gi|155    13210    13732 
   215    407  1      gi|17      635      869 
   215    657  1      gi|57    32175    32683 
   216    333  1     gi|155    14137    14827 
   216    658  1      gi|57    32664    33350 
   217    334  1     gi|156    23686    23788 
   217    435 -1     gi|170    10694    10792 
   218    335  1     gi|157    29400    29609 
   218    826 -1      gi|87    20417    20623 
   219    336  1     gi|158    13542    13710 
   219    773  1      gi|77    10204    10366 
   220    337  1     gi|158    13655    19323 
   220    367 -1     gi|165     1323     6652 
   220    774  1      gi|77    10373    11258 
   220    775  1      gi|77    11253    12670 
   221    338  1     gi|159     6628     8272 
   221    637 -1      gi|52    14425    14508 
   221    815  1      gi|82    32661    34868 
   221    480 -1      gi|26     4994     7185 
   221    602 -1      gi|44    30019    30147 
   221    339  1     gi|159     8322     8582 
   222    347  1     gi|159    18131    20173 
   223    350  1     gi|160      467      726 
   223    856 -1      gi|93     4615     4884 
   224    355  1     gi|162     4428     4563 
   224    481 -1      gi|26    38445    38580 
   225    357  1     gi|162     5849     5979 
   225    880 -1      gi|98    35380    35507 
   226    358  1     gi|162    27009    27134 
   226    361 -1     gi|163    13966    14092 
   227    360  1     gi|163     7946     8003 
   227    698 -1      gi|64    24100    24154 
   228    362  1     gi|163    14032    14158 
   228    402 -1     gi|168    21055    21181 
   229    364  1     gi|163    29347    29521 
   229    807 -1      gi|80    39347    39584 
   230    366  1     gi|164    17881    17936 
   230    605  1      gi|45    31423    31479 
   231    368  1     gi|165    10533    10653 
   231    761 -1      gi|76    13882    14141 
   231    499  1      gi|29    37037    37193 
   231    436 -1     gi|170    18866    19012 
   232    369  1     gi|165    12318    15668 
   232    611  1      gi|47    14765    18090 
   233    375  1     gi|165    26233    28354 
   234    376  1     gi|165    31436    31831 
   234    633  1      gi|52        1      405 
   235    377  1     gi|165    31951    32572 
   235    634  1      gi|52      545     1216 
   236    382  1     gi|166     4005     4130 
   236    612 -1      gi|48    15869    15979 
   237    383  1     gi|166     6274     6388 
   237    390  1     gi|167     6475     6597 
   238    391  1     gi|167    13485    13537 
   238    683 -1      gi|60    24499    24553 
   239    394  1     gi|167    31787    31901 
   239    784 -1      gi|77    39292    39394 
   240    397  1     gi|167    34620    34671 
   240    902 -1     gi|113    39299    39378 
   240    563 -1      gi|39    21445    21527 
   240    706 -1      gi|66    26421    26473 
   240    741  1      gi|73    23662    23714 
   240    743 -1      gi|73    23985    24039 
   240    904 -1      gi|39    31324    31382 
   240    903 -1      gi|39    31291    31324 
   240    687  1      gi|61    29247    29283 
   240    735  1      gi|72    19935    19969 
   241    398  1     gi|168      609      878 
   241    794  1      gi|79    12412    12679 
   242    399  1     gi|168     1463     1520 
   242    740  1      gi|73    15168    15225 
   243    404  1     gi|168    34446    34520 
   244    406  1     gi|169    21277    26541 
   244    650  1      gi|55    34723    39948 
   245    408  1      gi|17     2723     2831 
   245    653  1      gi|57    30800    30906 
   245    409 -1      gi|17    26373    26478 
   246    410  1      gi|17    33498    33654 
   247    421  1     gi|170     4932     5188 
   247    550  1      gi|36    38530    38786 
   248    434  1     gi|170    10600    10734 
   248    667 -1       gi|6    19569    19695 
   249    437  1     gi|170    23213    23791 
   249    501 -1       gi|3     1064     1661 
   250    438  1     gi|170    24248    24302 
   250    477 -1      gi|23    33454    33514 
   250    728  1      gi|71    19811    19870 
   251    439  1     gi|170    26249    26482 
   251    750  1      gi|74    38331    38563 
   252    442  1     gi|170    33230    33437 
   252    757 -1      gi|76     8425     8627 
   253    443  1     gi|170    33941    34730 
   253    526 -1      gi|35    36685    37464 
   254    445  1     gi|171    16475    16839 
   254    938 -1       gi|2    35228    35650 
   254    725  1      gi|70     7640     7823 
   254    941  1      gi|49     8288     8329 
   254    940  1      gi|49     8214     8287 
   254    939  1      gi|49     8138     8213 
   255    448  1     gi|171    21563    21887 
   255    606 -1      gi|46     4961     5271 
   256    449  1     gi|171    37811    37932 
   256    800  1       gi|8    13394    13516 
   257    452  1     gi|172     6617     6832 
   257    491  1      gi|28    11433    11815 
   257    478  1      gi|24     5147     5611 
   257    490  1      gi|28     7638     8084 
   258    455  1     gi|172    18711    18772 
   258    863 -1      gi|93    31517    31581 
   259    456  1     gi|172    32855    34011 
   259    662 -1      gi|58     9916    11014 
   260    457  1      gi|18        5     1187 
   260    681 -1      gi|60    23140    24336 
   260    688 -1      gi|61    29521    29941 
   261    458  1      gi|18     1276     1594 
   261    680 -1      gi|60    22864    23229 
   262    459  1      gi|18     2076     2206 
   262    593 -1      gi|42    26156    26292 
   263    460  1      gi|18     3387     3940 
   263    685  1      gi|60    36763    37324 
   264    463  1      gi|18    19727    19848 
   264    592  1      gi|42    16776    16894 
   265    467  1      gi|20    23671    23754 
   265    647 -1      gi|55    13276    13359 
   265    893 -1     gi|106     5693     5783 
   265    894  1     gi|172     1323     1412 
   265    897 -1      gi|65    38647    38737 
   266    468  1      gi|20    39253    39443 
   266    596  1      gi|43    26297    26481 
   267    469  1      gi|21    22659    22780 
   267    509  1      gi|30    32157    32270 
   268    479  1      gi|24    25449    25621 
   268    661  1      gi|57    37516    37684 
   269    486  1      gi|27    39148    39343 
   269    710 -1      gi|67     6849     7055 
   270    492  1      gi|28    21760    21887 
   270    805 -1      gi|80    38695    38818 
   271    493  1      gi|29       50      228 
   271    767 -1      gi|76    29757    29938 
   272    494  1      gi|29      318      592 
   272    766 -1      gi|76    29339    29604 
   272    595  1      gi|43    19587    19692 
   273    495  1      gi|29      656      742 
   273    765 -1      gi|76    29253    29339 
   274    512  1      gi|32     1969     2051 
   274    641  1      gi|52    38093    38180 
   275    513  1      gi|33     1964     4872 
   275    541 -1      gi|36    26724    29609 
   276    517  1      gi|34     7370     7538 
   276    594  1      gi|43     1496     1670 
   276    786  1      gi|78     6812     6901 
   277    520  1      gi|35    10399    10574 
   277    566 -1      gi|39    26147    26328 
   278    524  1      gi|35    18690    18976 
   278    783 -1      gi|77    38530    38826 
   279    525  1      gi|35    24363    24414 
   279    811 -1      gi|81    32487    32538 
   280    527  1      gi|36      639      711 
   280    562  1      gi|38    38770    38840 
   281    534  1      gi|36    21804    22107 
   281    608  1      gi|46    19513    19724 
   282    535  1      gi|36    22625    22874 
   282    933 -1      gi|40     4120     4373 
   282    537  1      gi|36    23707    23961 
   283    540  1      gi|36    24814    25119 
   283    727 -1      gi|70    24391    24698 
   284    554  1      gi|37    35013    35069 
   284    648 -1      gi|55    18309    18365 
   285    558  1      gi|38    28504    30048 
   286    565  1      gi|39    25763    26186 
   286    597  1      gi|43    30111    30527 
   287    568  1      gi|39    28683    29309 
   287    837 -1       gi|9     4013     4640 
   288    569  1      gi|39    29305    29946 
   288    834 -1       gi|9     3114     3689 
   289    571  1      gi|39    34415    34872 
   289    628  1      gi|50    24144    24543 
   290    572  1      gi|39    35722    36183 
   290    629  1      gi|50    25628    26137 
   291    573  1      gi|39    36442    36549 
   291    630  1      gi|50    26337    26444 
   292    577  1      gi|40    10703    10773 
   293    578  1      gi|40    11452    11564 
   294    581  1      gi|40    26320    26706 
   294    943 -1     gi|162      488      601 
   294    945 -1     gi|136     8305     8708 
   294    947 -1     gi|134    27800    28012 
   295    584  1      gi|40    32519    32650 
   295    780 -1      gi|77    19754    19883 
   296    591  1      gi|42    16074    16192 
   296    679 -1      gi|60    22163    22811 
   296    942 -1     gi|162      333      482 
   296    944 -1     gi|136     8179     8305 
   297    603  1      gi|45     5249     5794 
   298    607  1      gi|46    16046    16370 
   298    742  1      gi|73    23707    23980 
   299    613  1      gi|48    22384    22649 
   299    854  1      gi|92    14150    14415 
   300    621  1       gi|5     2033     2121 
   300    949 -1     gi|135     8899     8986 
   300    950  1      gi|64    36959    37047 
   301    622  1       gi|5     2860     3646 
   301    951  1      gi|64    37047    40325 
   301    948 -1     gi|135     5646     8899 
   301    636 -1      gi|52    10351    10739 
   302    626  1      gi|50    14460    14535 
   302    712  1      gi|68     4932     5005 
   303    640  1      gi|52    28220    28354 
   303    645 -1      gi|55     2606     2739 
   304    642  1      gi|53    32828    33007 
   304    859  1      gi|93    27638    27782 
   304    764  1      gi|76    22035    22105 
   305    643  1      gi|53    36683    36732 
   306    644  1      gi|54    10244    10461 
   306    771 -1      gi|77     8472     8712 
   306    827 -1      gi|87    38803    39055 
   307    646  1      gi|55     5134     5276 
   307    830  1      gi|89     4095     4237 
   308    649  1      gi|55    34016    34457 
   308    862 -1      gi|93    31076    31532 
   309    671  1       gi|6    21708    22494 
   309    803  1      gi|80    18262    19045 
   310    672  1       gi|6    22844    23257 
   310    804  1      gi|80    19413    19848 
   311    674  1      gi|60     2688     3159 
   311    734 -1      gi|72    17817    18347 
   311    675 -1      gi|60     3942     4462 
   312    682  1      gi|60    24410    24495 
   312    779  1      gi|77    16858    16945 
   312    799 -1       gi|8     8319     8381 
   313    694  1      gi|63    19164    19239 
   313    829 -1      gi|89      369      454 
   314    695  1      gi|63    37716    37993 
   314    798  1      gi|79    36707    36963 
   315    711  1      gi|67    35612    36587 
   315    820 -1      gi|84    26276    27260 
   316    713  1      gi|68    21143    21206 
   316    753 -1      gi|75    19227    19290 
   317    715  1      gi|69     3499     3849 
   317    772 -1      gi|77     8912     9267 
   318    723  1      gi|70      522     1101 
   318    822  1      gi|85    13722    14278 
   319    733  1      gi|72    14737    14845 
   320    737  1      gi|72    20776    21625 
   321    739  1      gi|73     3097     3321 
   321    821 -1      gi|85    11965    12193 
   322    745  1      gi|73    37861    38438 
   322    787  1      gi|78     9842    10404 
   323    746  1      gi|73    38466    38812 
   323    788  1      gi|78    10380    10725 
   324    747  1      gi|73    38995    39145 
   324    789  1      gi|78    10860    11019 
   325    748  1      gi|74     7524     7644 
   325    809  1      gi|81    27411    27531 
   326    781  1      gi|77    36815    37206 
   326    852 -1      gi|91     6329     6729 
   327    817  1      gi|83    11830    12582 
   327    850 -1      gi|90    14581    15369 
   328    818  1      gi|83    12690    12819 
   328    849 -1      gi|90    14425    14554 
   329    823  1      gi|86     6764     6835 
   329    860  1      gi|93    28765    28839 
   330    824  1      gi|86     6990     7111 
   330    861  1      gi|93    28928    29046 
   331    831  1       gi|9     1464     1603 
   331    957  1      gi|40    17824    17962 
   331    832 -1       gi|9     1671     1808 
   331    840  1       gi|9    20419    20531 
   331    958 -1       gi|9    31387    31481 
   332    876  1      gi|97    10397    10788 
   333    895  1     gi|172     1419     1463 
   333    896 -1      gi|65    38603    38645 
   334    916  1     gi|170    10594    10640 
   334    917 -1      gi|36    21343    21381 
   335    925  1      gi|30    21003    21154 
   335    927  1     gi|127    28697    28849 
   336    930  1     gi|146     9999    10030 
   336    932  1     gi|138    28411    28445 
   337    935  1      gi|49     8017     8055 
   337    937  1      gi|70     7402     7438 
   338    946  1     gi|134    27674    27768 
