1 gi|1 23314 23629
2 gi|1 23757 24200
3 gi|1 25887 26265
4 gi|1 26476 26660
5 gi|1 26875 27008
6 gi|1 27020 27165
7 gi|100 5444 5547
8 gi|101 1543 1633
9 gi|101 1779 2673
10 gi|101 2615 3236
11 gi|101 5756 5980
12 gi|101 37317 37671
13 gi|102 1224 1783
14 gi|102 23709 23819
15 gi|102 35879 36578
16 gi|104 2356 2435
17 gi|105 8741 8854
18 gi|105 11604 11724
19 gi|105 13091 13243
20 gi|105 13806 14040
21 gi|106 5310 5429
22 gi|106 5692 5799
23 gi|106 29910 30009
24 gi|107 6648 6826
25 gi|107 36519 36595
26 gi|107 36751 36929
27 gi|108 36267 36608
28 gi|109 12354 12530
29 gi|109 18790 18971
30 gi|109 19264 19450
31 gi|109 20006 20458
32 gi|109 20878 21176
33 gi|109 22156 22220
34 gi|109 22454 22691
35 gi|109 22647 23318
36 gi|109 23347 23751
37 gi|109 24811 24909
38 gi|109 25519 26900
39 gi|11 5221 5275
40 gi|11 12629 13302
41 gi|11 35092 35484
42 gi|11 35486 36258
43 gi|110 28121 29018
44 gi|110 29766 29993
45 gi|110 30527 30695
46 gi|110 30975 31214
47 gi|110 31789 32233
48 gi|110 32495 32638
49 gi|112 22782 25870
50 gi|112 25869 26004
51 gi|113 10793 11186
52 gi|113 11488 11569
53 gi|113 31375 31567
54 gi|113 36319 38952
55 gi|113 39298 39392
56 gi|113 39380 39416
57 gi|114 17008 17172
58 gi|114 17345 17467
59 gi|114 18097 18468
60 gi|115 17304 17624
61 gi|115 18604 19099
62 gi|115 19274 19656
63 gi|115 20158 20260
64 gi|115 20302 20396
65 gi|116 1565 1654
66 gi|116 37021 37180
67 gi|116 37361 37479
68 gi|116 37480 38897
69 gi|116 39190 39280
70 gi|117 15160 16290
71 gi|117 25937 26193
72 gi|117 26622 28473
73 gi|117 28781 29540
74 gi|117 29628 29770
75 gi|117 29804 30081
76 gi|117 30035 30569
77 gi|117 30540 31084
78 gi|117 31743 32211
79 gi|117 32194 33476
80 gi|117 33488 33621
81 gi|117 33619 33822
82 gi|117 33823 34099
83 gi|117 34092 34611
84 gi|117 34634 34884
85 gi|117 34879 35249
86 gi|117 35208 35409
87 gi|117 35647 35903
88 gi|117 35905 36098
89 gi|117 36086 36429
90 gi|117 36808 36966
91 gi|117 37330 37994
92 gi|117 38200 38576
93 gi|117 38582 38881
94 gi|117 38897 39486
95 gi|117 39490 39577
96 gi|117 39575 40087
97 gi|117 40081 40170
98 gi|118 8588 8802
99 gi|118 9344 9684
100 gi|118 31126 31357
101 gi|119 8996 9371
102 gi|119 13923 14081
103 gi|119 14647 14824
104 gi|119 15538 15674
105 gi|119 16339 16659
106 gi|12 2070 2315
107 gi|12 20575 22429
108 gi|12 27739 27875
109 gi|12 31455 33061
110 gi|12 34141 34363
111 gi|12 34766 34952
112 gi|12 35251 35376
113 gi|120 13955 14327
114 gi|120 14474 15187
115 gi|120 15750 15812
116 gi|120 18039 18339
117 gi|120 18755 19177
118 gi|120 19680 19921
119 gi|120 20238 20428
120 gi|121 17502 17669
121 gi|122 10421 11065
122 gi|122 22598 22759
123 gi|122 32083 32220
124 gi|123 18223 18425
125 gi|124 356 471
126 gi|124 23251 23567
127 gi|124 24564 24769
128 gi|124 33612 33782
129 gi|124 34368 34554
130 gi|124 35001 35053
131 gi|125 30879 30982
132 gi|125 31040 31138
133 gi|125 31230 31632
134 gi|126 2612 2760
135 gi|126 3215 3347
136 gi|126 5336 5423
137 gi|126 22203 22312
138 gi|126 23003 23138
139 gi|126 23865 24000
140 gi|126 25188 25365
141 gi|126 33004 33104
142 gi|126 38258 38408
143 gi|127 13468 13593
144 gi|127 13796 13991
145 gi|127 14293 14524
146 gi|127 28061 28189
147 gi|127 28568 28696
148 gi|127 28697 28977
149 gi|127 37337 39090
150 gi|127 39160 39526
151 gi|128 17543 17644
152 gi|128 17722 17977
153 gi|128 18684 21284
154 gi|128 24217 24291
155 gi|128 24350 24391
156 gi|128 24387 24634
157 gi|128 31494 32028
158 gi|128 36253 37263
159 gi|128 37507 37878
160 gi|129 745 897
161 gi|129 16325 16679
162 gi|129 19040 19165
163 gi|129 28240 28406
164 gi|129 30132 30496
165 gi|129 31933 32159
166 gi|129 33898 34081
167 gi|129 34137 34292
168 gi|129 37226 37755
169 gi|13 27114 27432
170 gi|13 27758 27935
171 gi|13 28009 28071
172 gi|13 28447 28991
173 gi|13 29954 30085
174 gi|13 30471 31754
175 gi|13 31748 32000
176 gi|13 33168 33310
177 gi|13 35632 35994
178 gi|13 35949 36575
179 gi|13 36633 37282
180 gi|13 37400 37625
181 gi|130 18243 18356
182 gi|130 20734 20865
183 gi|130 21214 21440
184 gi|130 21456 21665
185 gi|130 21691 21781
186 gi|130 21761 22101
187 gi|130 22578 22818
188 gi|130 25555 25755
189 gi|131 1664 1810
190 gi|131 10332 10434
191 gi|131 24139 24300
192 gi|131 24555 24932
193 gi|131 25187 25254
194 gi|131 25628 25675
195 gi|131 26619 27010
196 gi|131 27388 28405
197 gi|132 18092 18216
198 gi|133 3218 3364
199 gi|133 6149 6507
200 gi|133 6519 8255
201 gi|133 12230 12438
202 gi|133 13948 14036
203 gi|133 14167 14330
204 gi|134 2891 3047
205 gi|134 14311 14631
206 gi|134 14866 16031
207 gi|134 16163 16621
208 gi|134 25118 26560
209 gi|134 27126 27788
210 gi|134 27674 28015
211 gi|134 28198 28273
212 gi|134 33886 34013
213 gi|134 38484 38712
214 gi|134 38710 40014
215 gi|134 39993 40087
216 gi|134 40085 40490
217 gi|134 40493 40543
218 gi|134 40605 40700
219 gi|135 3 1010
220 gi|135 4205 4431
221 gi|135 4642 5644
222 gi|135 5646 8986
223 gi|135 30037 30090
224 gi|135 39010 39067
225 gi|135 39344 39396
226 gi|136 6786 6911
227 gi|136 7825 7909
228 gi|136 8173 8708
229 gi|136 8714 9018
230 gi|137 13884 14048
231 gi|137 14100 14592
232 gi|137 14647 14929
233 gi|137 14991 15130
234 gi|137 26350 28620
235 gi|137 28597 28933
236 gi|137 37138 37383
237 gi|138 13722 13948
238 gi|138 21149 21434
239 gi|138 24938 25171
240 gi|138 25173 25548
241 gi|138 25623 26076
242 gi|138 26058 26684
243 gi|138 26904 27031
244 gi|138 27773 28352
245 gi|138 28354 28445
246 gi|138 30217 30409
247 gi|138 34353 35625
248 gi|138 35665 36918
249 gi|138 36986 37645
250 gi|138 37679 37754
251 gi|14 26722 26795
252 gi|14 27269 27663
253 gi|14 28280 28361
254 gi|140 623 746
255 gi|140 31187 31260
256 gi|141 13323 13383
257 gi|142 3068 3216
258 gi|142 3345 3460
259 gi|142 3431 3506
260 gi|142 3565 3622
261 gi|142 4344 4644
262 gi|142 6132 6276
263 gi|142 11881 12023
264 gi|142 13033 13155
265 gi|142 13675 13851
266 gi|142 15574 15691
267 gi|142 16846 16983
268 gi|142 20863 21073
269 gi|143 5877 5992
270 gi|144 3210 3581
271 gi|145 2974 3140
272 gi|145 3352 3440
273 gi|145 28181 28230
274 gi|145 28247 28417
275 gi|145 28931 29013
276 gi|145 36973 37216
277 gi|146 6927 7808
278 gi|146 8853 9074
279 gi|146 9670 10030
280 gi|146 36074 36387
281 gi|146 36479 36559
282 gi|147 15600 16043
283 gi|147 16345 16424
284 gi|147 35485 35868
285 gi|148 1827 1959
286 gi|148 2131 5240
287 gi|148 14669 15073
288 gi|148 16179 16248
289 gi|148 17949 18096
290 gi|148 18117 18477
291 gi|148 18466 18746
292 gi|149 2140 2232
293 gi|149 3663 4067
294 gi|149 4072 4246
295 gi|149 5261 5410
296 gi|149 6728 6917
297 gi|149 25707 26198
298 gi|149 26234 26296
299 gi|15 1924 2191
300 gi|15 2181 2701
301 gi|15 2788 3129
302 gi|15 3233 4550
303 gi|15 4541 6430
304 gi|15 6427 6894
305 gi|15 6865 7334
306 gi|15 7458 7855
307 gi|15 9493 9698
308 gi|15 17904 18017
309 gi|15 19201 21828
310 gi|15 23392 23488
311 gi|15 24109 25868
312 gi|15 26016 26347
313 gi|150 1008 1137
314 gi|150 1385 1558
315 gi|150 2192 2459
316 gi|151 542 811
317 gi|151 1750 2132
318 gi|151 2282 2396
319 gi|151 4447 5127
320 gi|151 20775 21004
321 gi|151 24551 24703
322 gi|151 29344 29483
323 gi|151 29541 29699
324 gi|152 21341 21493
325 gi|152 26965 29155
326 gi|153 21000 21176
327 gi|154 14839 14978
328 gi|154 16909 17781
329 gi|154 17774 17935
330 gi|155 12627 12666
331 gi|155 12754 13040
332 gi|155 13210 13732
333 gi|155 14137 14827
334 gi|156 23686 23788
335 gi|157 29400 29609
336 gi|158 13542 13710
337 gi|158 13655 19323
338 gi|159 6628 8272
339 gi|159 8322 8582
340 gi|159 9207 9536
341 gi|159 10203 10535
342 gi|159 10769 11052
343 gi|159 11136 11329
344 gi|159 12394 12526
345 gi|159 12585 13023
346 gi|159 12924 13125
347 gi|159 18131 20173
348 gi|16 35851 35976
349 gi|16 36146 36329
350 gi|160 467 726
351 gi|160 1763 2026
352 gi|161 14149 14339
353 gi|161 19756 20547
354 gi|162 333 603
355 gi|162 4428 4563
356 gi|162 5392 5501
357 gi|162 5849 5979
358 gi|162 27009 27134
359 gi|162 29124 29332
360 gi|163 7946 8003
361 gi|163 13966 14092
362 gi|163 14032 14158
363 gi|163 29200 29296
364 gi|163 29347 29521
365 gi|164 16604 17031
366 gi|164 17881 17936
367 gi|165 1323 6652
368 gi|165 10526 10653
369 gi|165 12318 15668
370 gi|165 15693 16067
371 gi|165 17240 17281
372 gi|165 17281 17521
373 gi|165 17524 18419
374 gi|165 19057 19367
375 gi|165 26233 28354
376 gi|165 31436 31831
377 gi|165 31951 32572
378 gi|165 32926 33031
379 gi|165 33063 33177
380 gi|165 33142 33278
381 gi|165 33219 33477
382 gi|166 4005 4130
383 gi|166 6274 6388
384 gi|166 16820 17551
385 gi|166 29344 29451
386 gi|166 30454 30639
387 gi|166 36279 36391
388 gi|166 37925 38082
389 gi|166 39204 39646
390 gi|167 6475 6597
391 gi|167 13485 13537
392 gi|167 27252 27393
393 gi|167 31483 31721
394 gi|167 31787 31901
395 gi|167 34264 34377
396 gi|167 34511 34577
397 gi|167 34612 34676
398 gi|168 609 878
399 gi|168 1463 1520
400 gi|168 2861 2908
401 gi|168 3184 3454
402 gi|168 21055 21181
403 gi|168 21312 21480
404 gi|168 34442 34520
405 gi|168 35004 35131
406 gi|169 21277 26541
407 gi|17 635 870
408 gi|17 2723 2831
409 gi|17 26373 26478
410 gi|17 33498 33654
411 gi|17 33711 33751
412 gi|17 34357 34778
413 gi|170 13 171
414 gi|170 166 855
415 gi|170 1053 1322
416 gi|170 1364 1870
417 gi|170 2086 2439
418 gi|170 2420 3482
419 gi|170 3730 4198
420 gi|170 4198 4931
421 gi|170 4932 5188
422 gi|170 5172 5752
423 gi|170 5754 7248
424 gi|170 7237 7415
425 gi|170 7347 7830
426 gi|170 7805 8222
427 gi|170 8389 9205
428 gi|170 9150 9305
429 gi|170 9302 9692
430 gi|170 9685 9817
431 gi|170 9794 9979
432 gi|170 9964 10515
433 gi|170 10509 10640
434 gi|170 10600 10734
435 gi|170 10694 10792
436 gi|170 18866 19012
437 gi|170 23213 23791
438 gi|170 24248 24302
439 gi|170 26249 26482
440 gi|170 32893 33087
441 gi|170 33098 33236
442 gi|170 33230 33437
443 gi|170 33941 34730
444 gi|170 36702 36772
445 gi|171 16475 16839
446 gi|171 16785 17179
447 gi|171 17291 17502
448 gi|171 21563 21887
449 gi|171 37811 37932
450 gi|172 1311 1463
451 gi|172 6009 6156
452 gi|172 6617 6832
453 gi|172 8241 8508
454 gi|172 11268 11386
455 gi|172 18711 18772
456 gi|172 32855 34011
457 gi|18 5 1187
458 gi|18 1276 1594
459 gi|18 2076 2206
460 gi|18 3387 3940
461 gi|18 4033 4164
462 gi|18 4214 4956
463 gi|18 19727 19848
464 gi|2 34242 34310
465 gi|2 35212 35650
466 gi|2 35637 35733
467 gi|20 23664 23757
468 gi|20 39253 39443
469 gi|21 22659 22780
470 gi|21 30556 30679
471 gi|22 36185 36305
472 gi|22 39622 39905
473 gi|23 10239 10515
474 gi|23 11881 11986
475 gi|23 21461 22632
476 gi|23 32701 32812
477 gi|23 33453 33514
478 gi|24 5147 5611
479 gi|24 25449 25621
480 gi|26 4994 7185
481 gi|26 38445 38580
482 gi|27 22065 22226
483 gi|27 24843 25503
484 gi|27 36926 37011
485 gi|27 37018 37168
486 gi|27 39148 39343
487 gi|27 39640 39782
488 gi|27 39771 39970
489 gi|28 7319 7748
490 gi|28 7638 8084
491 gi|28 11433 11818
492 gi|28 21760 21887
493 gi|29 50 228
494 gi|29 318 592
495 gi|29 656 742
496 gi|29 29659 29839
497 gi|29 33177 33553
498 gi|29 35965 36247
499 gi|29 37037 37195
500 gi|29 37482 37571
501 gi|3 1064 1661
502 gi|3 3471 3688
503 gi|30 1247 1317
504 gi|30 1905 2299
505 gi|30 2680 2763
506 gi|30 12510 12595
507 gi|30 16561 16715
508 gi|30 21003 21282
509 gi|30 32157 32270
510 gi|30 34555 34726
511 gi|31 14978 15070
512 gi|32 1969 2051
513 gi|33 1964 4872
514 gi|33 27289 27470
515 gi|33 27441 29272
516 gi|34 7107 7390
517 gi|34 7370 7538
518 gi|34 7615 7752
519 gi|34 10569 10816
520 gi|35 10399 10574
521 gi|35 14774 14892
522 gi|35 14948 16497
523 gi|35 16793 16886
524 gi|35 18690 18976
525 gi|35 24363 24414
526 gi|35 36685 37464
527 gi|36 639 711
528 gi|36 5838 6563
529 gi|36 6503 6921
530 gi|36 14617 15040
531 gi|36 21343 21472
532 gi|36 21470 21521
533 gi|36 21676 21852
534 gi|36 21804 22107
535 gi|36 22625 22875
536 gi|36 23040 23528
537 gi|36 23706 23961
538 gi|36 23956 24315
539 gi|36 24366 24642
540 gi|36 24814 25119
541 gi|36 26724 29609
542 gi|36 29607 29811
543 gi|36 29798 30293
544 gi|36 32011 33217
545 gi|36 33271 33615
546 gi|36 33593 33952
547 gi|36 34947 35517
548 gi|36 36372 37033
549 gi|36 37197 38558
550 gi|36 38530 38786
551 gi|36 39472 40000
552 gi|37 8894 9245
553 gi|37 9264 9385
554 gi|37 35013 35069
555 gi|38 724 791
556 gi|38 824 1248
557 gi|38 21110 21245
558 gi|38 28504 30048
559 gi|38 30697 30791
560 gi|38 31164 31229
561 gi|38 31282 32077
562 gi|38 38770 38840
563 gi|39 21445 21533
564 gi|39 22774 23047
565 gi|39 25763 26186
566 gi|39 26147 26328
567 gi|39 27963 28712
568 gi|39 28683 29309
569 gi|39 29305 29946
570 gi|39 31290 31391
571 gi|39 34415 34872
572 gi|39 35722 36183
573 gi|39 36442 36549
574 gi|40 1508 2060
575 gi|40 4096 4375
576 gi|40 10197 10414
577 gi|40 10703 10773
578 gi|40 11452 11564
579 gi|40 14897 15197
580 gi|40 17781 17969
581 gi|40 26320 26711
582 gi|40 26701 26901
583 gi|40 26889 27443
584 gi|40 32519 32650
585 gi|40 32655 32810
586 gi|40 35388 35510
587 gi|40 36321 36636
588 gi|41 7760 7910
589 gi|41 24440 24553
590 gi|41 26110 26195
591 gi|42 16071 16192
592 gi|42 16776 16894
593 gi|42 26156 26292
594 gi|43 1496 1670
595 gi|43 19587 19692
596 gi|43 26297 26481
597 gi|43 30111 30527
598 gi|44 586 800
599 gi|44 8579 8819
600 gi|44 8820 9000
601 gi|44 9209 9885
602 gi|44 30019 30147
603 gi|45 5249 5794
604 gi|45 6659 6798
605 gi|45 31423 31479
606 gi|46 4961 5271
607 gi|46 16046 16370
608 gi|46 19513 19724
609 gi|46 19897 20004
610 gi|47 13650 13850
611 gi|47 14765 18090
612 gi|48 15869 15979
613 gi|48 22384 22649
614 gi|48 28787 28989
615 gi|48 29077 29114
616 gi|48 32226 32359
617 gi|48 32917 33065
618 gi|49 7806 8055
619 gi|49 8138 8329
620 gi|49 8663 8845
621 gi|5 2033 2122
622 gi|5 2860 3646
623 gi|5 25575 27340
624 gi|5 27368 27628
625 gi|5 29946 31173
626 gi|50 14460 14535
627 gi|50 22971 23162
628 gi|50 24144 24543
629 gi|50 25628 26137
630 gi|50 26337 26444
631 gi|50 29162 29301
632 gi|51 32227 32479
633 gi|52 1 405
634 gi|52 545 1216
635 gi|52 9982 10351
636 gi|52 10351 10741
637 gi|52 14425 14508
638 gi|52 16513 16738
639 gi|52 27340 27461
640 gi|52 28220 28354
641 gi|52 38093 38180
642 gi|53 32828 33007
643 gi|53 36683 36732
644 gi|54 10244 10461
645 gi|55 2606 2739
646 gi|55 5134 5276
647 gi|55 13272 13363
648 gi|55 18309 18365
649 gi|55 34016 34457
650 gi|55 34723 39948
651 gi|57 7206 7381
652 gi|57 7671 7813
653 gi|57 30800 30907
654 gi|57 31572 31665
655 gi|57 31803 31842
656 gi|57 31858 32176
657 gi|57 32175 32683
658 gi|57 32664 33350
659 gi|57 35796 36038
660 gi|57 36309 37214
661 gi|57 37516 37684
662 gi|58 9916 11014
663 gi|58 18055 18215
664 gi|58 22303 22465
665 gi|6 5264 5395
666 gi|6 16943 17030
667 gi|6 19569 19695
668 gi|6 19649 19774
669 gi|6 19806 20359
670 gi|6 20367 20495
671 gi|6 21708 22494
672 gi|6 22844 23257
673 gi|6 28141 28305
674 gi|60 2688 3159
675 gi|60 3942 4462
676 gi|60 19554 19627
677 gi|60 19605 20820
678 gi|60 20831 22377
679 gi|60 22163 22813
680 gi|60 22864 23229
681 gi|60 23140 24336
682 gi|60 24410 24496
683 gi|60 24499 24553
684 gi|60 24552 24647
685 gi|60 36763 37324
686 gi|61 26659 26774
687 gi|61 29247 29283
688 gi|61 29521 29941
689 gi|61 33962 34187
690 gi|63 4725 4881
691 gi|63 5246 5587
692 gi|63 5762 6932
693 gi|63 7051 7518
694 gi|63 19164 19239
695 gi|63 37716 37993
696 gi|64 19853 20443
697 gi|64 20433 20819
698 gi|64 24100 24154
699 gi|64 32051 32234
700 gi|64 32244 32374
701 gi|64 33307 33615
702 gi|64 36959 40325
703 gi|65 38603 38743
704 gi|66 34 373
705 gi|66 21112 21244
706 gi|66 26417 26478
707 gi|67 4054 4328
708 gi|67 4212 6317
709 gi|67 6349 6922
710 gi|67 6849 7055
711 gi|67 35612 36587
712 gi|68 4932 5005
713 gi|68 21143 21206
714 gi|69 981 2466
715 gi|69 3499 3849
716 gi|69 4200 4582
717 gi|69 5602 5751
718 gi|69 10142 10462
719 gi|69 29060 29223
720 gi|69 29223 29288
721 gi|69 29286 29378
722 gi|7 15323 16038
723 gi|70 522 1101
724 gi|70 7200 7438
725 gi|70 7640 7823
726 gi|70 8188 8330
727 gi|70 24391 24698
728 gi|71 19811 19870
729 gi|71 22669 22738
730 gi|71 28112 28316
731 gi|71 28755 29257
732 gi|71 33098 33736
733 gi|72 14737 14848
734 gi|72 17817 18347
735 gi|72 19935 19974
736 gi|72 20489 20599
737 gi|72 20776 21625
738 gi|72 37473 37992
739 gi|73 3097 3321
740 gi|73 15168 15225
741 gi|73 23657 23717
742 gi|73 23707 23980
743 gi|73 23984 24047
744 gi|73 36974 37227
745 gi|73 37861 38438
746 gi|73 38466 38812
747 gi|73 38995 39145
748 gi|74 7524 7644
749 gi|74 27847 28093
750 gi|74 38331 38563
751 gi|74 38811 39231
752 gi|75 5876 5999
753 gi|75 19227 19290
754 gi|76 248 654
755 gi|76 626 1230
756 gi|76 1210 1758
757 gi|76 8425 8627
758 gi|76 12471 12614
759 gi|76 13530 13698
760 gi|76 13766 13891
761 gi|76 13882 14141
762 gi|76 19415 20014
763 gi|76 21957 22052
764 gi|76 22035 22105
765 gi|76 29253 29339
766 gi|76 29336 29604
767 gi|76 29757 29938
768 gi|76 35822 35949
769 gi|76 39006 39115
770 gi|77 8395 8447
771 gi|77 8472 8712
772 gi|77 8912 9267
773 gi|77 10204 10366
774 gi|77 10373 11258
775 gi|77 11253 12670
776 gi|77 12602 13788
777 gi|77 14012 15827
778 gi|77 16541 16643
779 gi|77 16858 16945
780 gi|77 19754 19883
781 gi|77 36815 37206
782 gi|77 37466 37581
783 gi|77 38530 38826
784 gi|77 39292 39394
785 gi|78 3243 3350
786 gi|78 6812 6901
787 gi|78 9842 10404
788 gi|78 10380 10725
789 gi|78 10860 11019
790 gi|78 15361 16644
791 gi|78 25779 25938
792 gi|78 38879 38987
793 gi|79 8449 10620
794 gi|79 12412 12679
795 gi|79 29918 30196
796 gi|79 30151 30274
797 gi|79 30889 31347
798 gi|79 36707 36963
799 gi|8 8319 8382
800 gi|8 13394 13516
801 gi|8 38957 39331
802 gi|80 3 1251
803 gi|80 18262 19045
804 gi|80 19413 19848
805 gi|80 38695 38818
806 gi|80 39302 39355
807 gi|80 39347 39584
808 gi|81 17974 18048
809 gi|81 27411 27531
810 gi|81 32200 32465
811 gi|81 32487 32538
812 gi|81 32693 32974
813 gi|82 11692 11913
814 gi|82 29301 29404
815 gi|82 32661 34868
816 gi|83 8313 8414
817 gi|83 11830 12582
818 gi|83 12690 12819
819 gi|83 28953 29548
820 gi|84 26276 27260
821 gi|85 11965 12193
822 gi|85 13722 14278
823 gi|86 6764 6835
824 gi|86 6990 7111
825 gi|86 40025 40124
826 gi|87 20417 20623
827 gi|87 38803 39055
828 gi|88 33539 33672
829 gi|89 369 454
830 gi|89 4095 4237
831 gi|9 1464 1603
832 gi|9 1666 1808
833 gi|9 1968 2129
834 gi|9 3114 3689
835 gi|9 3688 3799
836 gi|9 3907 4015
837 gi|9 4013 4640
838 gi|9 4616 4934
839 gi|9 5712 5852
840 gi|9 20416 20531
841 gi|9 31387 31524
842 gi|90 1 1536
843 gi|90 2320 3593
844 gi|90 3725 3874
845 gi|90 6080 6427
846 gi|90 6408 6605
847 gi|90 6598 7404
848 gi|90 7211 7802
849 gi|90 14425 14554
850 gi|90 14581 15369
851 gi|90 16573 16706
852 gi|91 6329 6729
853 gi|91 36852 37003
854 gi|92 14150 14415
855 gi|93 2637 2868
856 gi|93 4615 4884
857 gi|93 9582 9707
858 gi|93 23981 24301
859 gi|93 27637 27782
860 gi|93 28765 28839
861 gi|93 28928 29046
862 gi|93 31076 31532
863 gi|93 31517 31581
864 gi|94 12855 13096
865 gi|95 15032 15241
866 gi|95 15180 15523
867 gi|95 15524 16089
868 gi|95 16046 16210
869 gi|95 33189 33282
870 gi|96 9990 10302
871 gi|97 388 634
872 gi|97 634 938
873 gi|97 4462 4630
874 gi|97 8488 9163
875 gi|97 9303 10396
876 gi|97 10397 10788
877 gi|97 14679 14856
878 gi|98 16791 16867
879 gi|98 17024 17208
880 gi|98 35380 35507
881 gi|99 10104 10221
882 gi|99 10340 10512
883 gi|99 10510 10674
