716 446 gi|1 23314 23629 
718 3054 gi|1 23757 24200 
720 378 gi|1 25887 26265 
724 1538 gi|1 26476 26660 
722 1581 gi|1 26476 26648 
726 1308 gi|1 26476 26648 
728 1006 gi|1 26503 26648 
730 702 gi|1 26558 26649 
732 931 gi|1 26875 27008 
734 644 gi|1 27020 27165 
736 720 gi|1 27025 27138 
738 519 gi|1 27066 27156 
1515 290 gi|100 5444 5547 
1425 281 gi|101 1543 1633 
1264 2541 gi|101 1779 2604 
1377 1554 gi|101 1783 2416 
61 1144 gi|101 2051 2477 
1213 269 gi|101 2201 2673 
1266 1334 gi|101 2615 3232 
931 1321 gi|101 2674 3197 
1268 1630 gi|101 2703 3233 
1270 940 gi|101 2895 3192 
1272 471 gi|101 3037 3236 
833 750 gi|101 3038 3213 
991 928 gi|101 5756 5902 
1025 540 gi|101 5762 5859 
1274 284 gi|101 5776 5846 
1019 375 gi|101 5780 5921 
1276 256 gi|101 5784 5888 
97 1015 gi|101 5790 5980 
163 367 gi|101 37317 37671 
1536 355 gi|102 1224 1783 
823 277 gi|102 23709 23819 
761 762 gi|102 35879 36386 
37 532 gi|102 36037 36277 
1538 552 gi|102 36205 36535 
773 256 gi|102 36477 36578 
905 302 gi|104 2356 2435 
1598 264 gi|105 8741 8854 
1600 273 gi|105 11604 11724 
1602 269 gi|105 13091 13243 
1604 473 gi|105 13806 14040 
1608 469 gi|106 5310 5429 
1610 264 gi|106 5368 5427 
1612 630 gi|106 5692 5799 
1087 645 gi|106 5692 5785 
299 624 gi|106 5694 5784 
1143 697 gi|106 5694 5783 
1579 251 gi|106 29910 30009 
1081 525 gi|107 6648 6826 
1507 250 gi|107 36519 36595 
1509 344 gi|107 36751 36929 
1642 368 gi|108 36267 36608 
1614 252 gi|109 12354 12530 
1616 312 gi|109 18790 18971 
1618 532 gi|109 19264 19450 
1620 747 gi|109 20006 20458 
1622 353 gi|109 20878 21176 
1624 297 gi|109 22156 22220 
1626 325 gi|109 22454 22691 
1628 612 gi|109 22647 23318 
1630 397 gi|109 23347 23751 
1632 364 gi|109 24811 24908 
1161 370 gi|109 24818 24909 
1634 1993 gi|109 25519 26900 
740 292 gi|11 5221 5275 
742 962 gi|11 12629 13302 
744 452 gi|11 12684 12910 
746 362 gi|11 12684 12767 
748 524 gi|11 13006 13250 
750 257 gi|11 35092 35154 
752 1923 gi|11 35100 35484 
754 5367 gi|11 35486 36258 
756 1563 gi|11 35960 36254 
809 900 gi|110 28121 29018 
805 534 gi|110 29766 29993 
1636 447 gi|110 30527 30695 
1157 499 gi|110 30556 30694 
1638 1439 gi|110 30975 31214 
1640 984 gi|110 31043 31214 
719 3054 gi|110 31789 32233 
785 288 gi|110 32495 32638 
23 8254 gi|112 22782 24008 
1660 25668 gi|112 22784 25870 
919 263 gi|112 24687 24859 
1662 2568 gi|112 24984 25546 
979 1375 gi|112 25010 25359 
1664 1001 gi|112 25869 26001 
1666 479 gi|112 25938 26004 
1648 689 gi|113 10793 11186 
1650 296 gi|113 11488 11569 
1373 298 gi|113 31375 31567 
1652 9738 gi|113 36319 38952 
879 563 gi|113 39298 39381 
877 261 gi|113 39298 39380 
1251 253 gi|113 39298 39337 
849 416 gi|113 39303 39378 
1363 254 gi|113 39312 39378 
1187 252 gi|113 39313 39379 
1654 257 gi|113 39319 39379 
1033 425 gi|113 39323 39379 
1303 441 gi|113 39327 39380 
1305 401 gi|113 39327 39379 
1656 279 gi|113 39347 39392 
1658 251 gi|113 39380 39416 
1593 515 gi|114 17008 17172 
1595 339 gi|114 17345 17467 
1597 311 gi|114 18097 18468 
1413 307 gi|115 17304 17624 
1778 411 gi|115 18604 18797 
1643 368 gi|115 18663 19010 
1780 867 gi|115 18816 19099 
1782 376 gi|115 19274 19656 
479 308 gi|115 20158 20260 
1073 360 gi|115 20302 20396 
645 355 gi|115 20311 20387 
1529 269 gi|116 1565 1654 
1796 979 gi|116 37021 37167 
953 789 gi|116 37023 37180 
1191 414 gi|116 37028 37162 
705 427 gi|116 37361 37479 
707 3870 gi|116 37480 38897 
1798 280 gi|116 37940 38084 
709 382 gi|116 39190 39280 
1255 305 gi|117 15160 15566 
1820 1595 gi|117 15219 15553 
1589 2802 gi|117 15231 16290 
1822 1357 gi|117 15710 16290 
1513 631 gi|117 25937 26193 
543 488 gi|117 26622 26719 
553 13744 gi|117 26624 28456 
551 369 gi|117 26624 26700 
1065 3489 gi|117 26625 27184 
415 464 gi|117 26625 26719 
427 8344 gi|117 26627 27953 
529 259 gi|117 26627 26665 
535 13975 gi|117 26643 28458 
1063 1222 gi|117 27329 27517 
409 3790 gi|117 27944 28467 
567 487 gi|117 28361 28473 
1067 462 gi|117 28362 28459 
533 266 gi|117 28362 28456 
435 416 gi|117 28362 28454 
527 258 gi|117 28409 28457 
1824 540 gi|117 28781 28983 
191 538 gi|117 28782 28979 
1826 546 gi|117 28784 28979 
1828 1968 gi|117 28786 29417 
1830 302 gi|117 28909 28979 
1832 1850 gi|117 29090 29540 
1834 1572 gi|117 29091 29418 
175 1184 gi|117 29099 29435 
1836 1314 gi|117 29169 29419 
1838 271 gi|117 29628 29770 
1840 536 gi|117 29804 30081 
209 2771 gi|117 30035 30569 
1842 1522 gi|117 30540 30857 
1844 2867 gi|117 30558 31084 
1846 2117 gi|117 30570 31051 
181 2878 gi|117 30572 31084 
1848 2461 gi|117 30572 31083 
167 541 gi|117 30572 30646 
1850 260 gi|117 30757 30808 
1852 303 gi|117 30862 30957 
1854 3714 gi|117 31743 32211 
1856 8627 gi|117 32194 33253 
151 1884 gi|117 32265 33476 
197 1274 gi|117 32275 33456 
1858 1041 gi|117 33488 33621 
133 282 gi|117 33619 33814 
795 419 gi|117 33623 33691 
91 1195 gi|117 33643 33822 
157 719 gi|117 33823 34061 
205 368 gi|117 33823 34036 
1860 546 gi|117 33832 34099 
165 628 gi|117 34092 34330 
179 2653 gi|117 34093 34611 
1862 3041 gi|117 34095 34586 
1864 1584 gi|117 34095 34535 
1866 1523 gi|117 34095 34367 
1868 1222 gi|117 34095 34359 
1870 420 gi|117 34362 34455 
1872 822 gi|117 34387 34589 
155 641 gi|117 34634 34878 
1874 414 gi|117 34663 34884 
149 2785 gi|117 34879 35249 
1876 1802 gi|117 34882 35249 
141 1511 gi|117 35208 35409 
147 284 gi|117 35249 35286 
1878 398 gi|117 35289 35409 
1880 383 gi|117 35647 35889 
211 390 gi|117 35856 35903 
135 1553 gi|117 35905 36098 
1882 2788 gi|117 36086 36429 
161 2806 gi|117 36086 36410 
1884 255 gi|117 36808 36966 
193 635 gi|117 37330 37994 
195 1172 gi|117 38200 38576 
1886 322 gi|117 38396 38566 
1888 1995 gi|117 38582 38881 
1890 5001 gi|117 38897 39486 
201 455 gi|117 39490 39577 
1892 262 gi|117 39490 39564 
1894 708 gi|117 39575 39656 
113 3926 gi|117 39578 40079 
1283 4071 gi|117 39578 40079 
305 2786 gi|117 39578 39884 
85 659 gi|117 39578 39662 
1896 1473 gi|117 39642 39825 
1898 769 gi|117 39951 40087 
89 432 gi|117 39954 40006 
203 506 gi|117 40081 40170 
1766 268 gi|118 8588 8802 
1029 577 gi|118 9344 9684 
1627 325 gi|118 31126 31357 
125 918 gi|119 8996 9282 
1786 1198 gi|119 9007 9362 
79 1240 gi|119 9012 9371 
1788 542 gi|119 9012 9232 
1325 1039 gi|119 9013 9365 
1790 629 gi|119 13923 14081 
791 610 gi|119 13927 14080 
1159 451 gi|119 14647 14817 
1633 364 gi|119 14721 14824 
1321 564 gi|119 15538 15674 
1792 587 gi|119 15538 15656 
129 366 gi|119 15538 15611 
75 382 gi|119 15538 15610 
453 269 gi|119 15538 15592 
1249 326 gi|119 15538 15585 
1794 470 gi|119 15544 15629 
717 446 gi|119 16339 16659 
544 879 gi|12 2070 2315 
546 14882 gi|12 20575 22374 
548 3763 gi|12 20579 21093 
550 369 gi|12 20580 20655 
552 13744 gi|12 20581 22410 
554 464 gi|12 20581 20655 
556 465 gi|12 20583 20655 
558 9298 gi|12 21084 22407 
560 1363 gi|12 21518 21720 
562 3749 gi|12 21850 22409 
566 487 gi|12 22314 22429 
568 552 gi|12 22314 22413 
564 639 gi|12 22314 22407 
570 350 gi|12 22369 22407 
572 621 gi|12 27739 27875 
574 2018 gi|12 31455 32864 
576 1622 gi|12 32280 33061 
578 360 gi|12 34141 34363 
580 520 gi|12 34766 34952 
582 451 gi|12 35251 35376 
1631 397 gi|120 13955 14327 
1629 612 gi|120 14474 15187 
1625 297 gi|120 15750 15812 
1623 353 gi|120 18039 18339 
1621 747 gi|120 18755 19177 
1619 532 gi|120 19680 19921 
1617 312 gi|120 20238 20428 
1784 327 gi|121 17502 17669 
1055 294 gi|121 17502 17579 
1772 1140 gi|122 10421 11014 
253 1037 gi|122 10426 10987 
743 962 gi|122 10459 11065 
1774 286 gi|122 22598 22759 
1776 256 gi|122 32083 32220 
587 1011 gi|123 18223 18425 
1351 336 gi|124 356 471 
1077 557 gi|124 23251 23567 
463 254 gi|124 24564 24769 
1644 380 gi|124 33612 33782 
1646 265 gi|124 34368 34554 
1327 321 gi|124 35001 35053 
1399 761 gi|125 30879 30982 
1401 752 gi|125 31040 31138 
1742 1826 gi|125 31230 31632 
1744 2483 gi|125 31232 31630 
613 366 gi|125 31235 31379 
257 661 gi|126 2612 2760 
379 279 gi|126 3215 3347 
255 421 gi|126 5336 5423 
1393 320 gi|126 22203 22312 
733 931 gi|126 23003 23138 
423 339 gi|126 23865 24000 
235 268 gi|126 25188 25365 
1527 256 gi|126 33004 33104 
1341 262 gi|126 38258 38408 
583 451 gi|127 13468 13593 
581 520 gi|127 13796 13991 
579 360 gi|127 14293 14524 
685 364 gi|127 28061 28189 
687 290 gi|127 28568 28696 
683 482 gi|127 28697 28977 
1768 7333 gi|127 37337 39090 
1777 256 gi|127 38205 38339 
1770 533 gi|127 39160 39526 
1756 256 gi|128 17543 17644 
867 580 gi|128 17722 17977 
1653 9738 gi|128 18684 21284 
1477 277 gi|128 19242 19362 
511 417 gi|128 24217 24291 
1758 399 gi|128 24221 24286 
1657 279 gi|128 24350 24391 
1543 1143 gi|128 24387 24634 
1760 427 gi|128 24447 24605 
1535 2599 gi|128 31494 32026 
1263 2995 gi|128 31545 32028 
1762 809 gi|128 36253 37263 
1764 402 gi|128 37507 37878 
1241 322 gi|129 745 897 
1487 255 gi|129 16325 16564 
1800 267 gi|129 16419 16679 
1491 1119 gi|129 19040 19165 
1607 272 gi|129 28240 28406 
783 998 gi|129 30132 30496 
1391 489 gi|129 30311 30496 
957 592 gi|129 30365 30487 
1802 273 gi|129 30397 30495 
1804 519 gi|129 31933 32159 
1201 1096 gi|129 31937 32140 
1806 367 gi|129 31945 32110 
1197 737 gi|129 33898 34081 
1808 252 gi|129 34137 34292 
1537 355 gi|129 37226 37755 
306 2685 gi|13 27114 27425 
304 2786 gi|13 27114 27420 
308 2576 gi|13 27114 27420 
310 1491 gi|13 27173 27356 
312 647 gi|13 27336 27420 
314 714 gi|13 27342 27432 
316 685 gi|13 27758 27935 
318 301 gi|13 28009 28071 
387 1901 gi|13 28447 28991 
389 449 gi|13 29954 30085 
320 11518 gi|13 30471 31754 
322 674 gi|13 31445 31731 
324 694 gi|13 31448 31748 
643 333 gi|13 31503 31642 
326 2137 gi|13 31748 32000 
328 2035 gi|13 31752 32000 
627 704 gi|13 31754 31861 
330 429 gi|13 33168 33310 
332 1649 gi|13 35632 35994 
751 257 gi|13 35660 35740 
334 277 gi|13 35662 35742 
757 1563 gi|13 35688 35994 
336 1483 gi|13 35949 36454 
338 385 gi|13 35995 36064 
340 1597 gi|13 36008 36575 
342 943 gi|13 36228 36568 
344 1248 gi|13 36633 37107 
346 1465 gi|13 36634 37282 
348 674 gi|13 36884 37174 
350 473 gi|13 36952 37239 
352 397 gi|13 37133 37269 
354 459 gi|13 37400 37614 
356 461 gi|13 37404 37619 
360 429 gi|13 37406 37620 
358 517 gi|13 37406 37613 
362 299 gi|13 37407 37444 
364 303 gi|13 37438 37625 
366 301 gi|13 37478 37604 
1599 264 gi|130 18243 18356 
219 257 gi|130 20734 20865 
1179 334 gi|130 21214 21436 
1746 322 gi|130 21293 21427 
853 273 gi|130 21369 21440 
1281 607 gi|130 21456 21665 
1748 320 gi|130 21691 21781 
1750 486 gi|130 21692 21777 
1752 1220 gi|130 21761 22101 
351 473 gi|130 21780 22070 
1195 1981 gi|130 22578 22818 
1293 1339 gi|130 25555 25755 
1465 1365 gi|130 25555 25754 
1754 715 gi|130 25560 25755 
897 295 gi|131 1664 1778 
899 354 gi|131 1722 1810 
1810 315 gi|131 10332 10402 
1447 260 gi|131 10351 10434 
1165 262 gi|131 24139 24300 
1812 364 gi|131 24555 24932 
597 295 gi|131 24571 24636 
1814 291 gi|131 25187 25254 
1816 355 gi|131 25628 25675 
1765 402 gi|131 26619 27010 
1818 306 gi|131 26619 26884 
1763 809 gi|131 27388 28405 
969 281 gi|131 27679 27909 
679 255 gi|132 18092 18216 
1397 253 gi|133 3218 3364 
1771 533 gi|133 6149 6507 
1769 7333 gi|133 6519 8255 
909 1023 gi|133 12230 12438 
1563 1369 gi|133 12230 12387 
1738 261 gi|133 13948 14036 
1740 381 gi|133 14167 14330 
1615 252 gi|134 2891 3047 
1123 594 gi|134 14311 14631 
1125 2228 gi|134 14866 16031 
1127 1096 gi|134 16163 16621 
1635 1993 gi|134 25118 26560 
1561 1630 gi|134 27126 27341 
913 3573 gi|134 27127 27788 
1173 396 gi|134 27478 27609 
1680 396 gi|134 27674 28012 
1059 278 gi|134 27853 28015 
525 318 gi|134 28198 28273 
1565 302 gi|134 28198 28240 
1075 251 gi|134 33886 34013 
1682 591 gi|134 38484 38597 
1684 1136 gi|134 38492 38712 
1686 3425 gi|134 38710 39357 
1345 4950 gi|134 38713 40014 
1233 7136 gi|134 38932 39993 
1347 512 gi|134 39993 40087 
1688 799 gi|134 40085 40319 
1690 800 gi|134 40097 40429 
1692 358 gi|134 40264 40345 
1694 616 gi|134 40356 40490 
1239 270 gi|134 40493 40543 
927 339 gi|134 40605 40700 
1205 1690 gi|135 3 1010 
443 1419 gi|135 249 926 
965 1871 gi|135 4205 4431 
1481 1507 gi|135 4206 4431 
1479 8433 gi|135 4642 5644 
873 1511 gi|135 4642 5162 
961 554 gi|135 4642 4704 
815 428 gi|135 5095 5210 
967 25466 gi|135 5646 8986 
983 1806 gi|135 6100 6489 
7 5566 gi|135 8114 8899 
3 664 gi|135 8899 8986 
1670 253 gi|135 30037 30090 
1672 262 gi|135 39010 39059 
1674 277 gi|135 39012 39067 
1483 421 gi|135 39344 39396 
605 331 gi|136 6786 6911 
1137 270 gi|136 7825 7909 
1668 1159 gi|136 8173 8428 
1681 396 gi|136 8180 8549 
917 391 gi|136 8180 8306 
1057 2220 gi|136 8304 8708 
421 844 gi|136 8714 9018 
1423 794 gi|137 13884 14048 
1421 1015 gi|137 14100 14592 
591 404 gi|137 14145 14496 
1419 676 gi|137 14647 14929 
1415 437 gi|137 14991 15130 
589 263 gi|137 15012 15077 
471 18067 gi|137 26350 28620 
1676 9394 gi|137 26350 27569 
275 1853 gi|137 26529 27281 
1678 628 gi|137 27134 27259 
477 257 gi|137 27693 27729 
481 2797 gi|137 28597 28933 
13 986 gi|137 28643 28891 
17 369 gi|137 28763 28922 
273 416 gi|137 28803 28927 
1755 715 gi|137 37138 37354 
1295 813 gi|137 37146 37383 
1463 813 gi|137 37146 37373 
1177 360 gi|138 13722 13910 
1369 431 gi|138 13748 13948 
1365 397 gi|138 21149 21433 
1696 363 gi|138 21209 21389 
1185 439 gi|138 21212 21433 
1747 322 gi|138 21290 21434 
857 292 gi|138 21377 21433 
1698 256 gi|138 21392 21434 
1700 419 gi|138 24938 25171 
1751 486 gi|138 24938 25019 
1449 270 gi|138 25035 25150 
1811 315 gi|138 25041 25124 
1575 352 gi|138 25173 25521 
349 674 gi|138 25173 25473 
1435 381 gi|138 25173 25331 
1753 1220 gi|138 25216 25548 
1151 466 gi|138 25623 25796 
1431 1212 gi|138 25626 25942 
357 461 gi|138 25644 25876 
1702 446 gi|138 25644 25830 
1577 1767 gi|138 25649 26076 
497 974 gi|138 25663 25941 
353 397 gi|138 25907 26058 
1439 1632 gi|138 26058 26521 
1567 1233 gi|138 26058 26303 
337 1483 gi|138 26067 26588 
1704 821 gi|138 26464 26684 
1706 386 gi|138 26904 27007 
1451 498 gi|138 26932 27031 
1663 2568 gi|138 27773 28352 
1708 2660 gi|138 27773 28352 
981 1919 gi|138 27957 28317 
1710 290 gi|138 28354 28445 
397 440 gi|138 30217 30299 
47 598 gi|138 30218 30367 
1712 262 gi|138 30220 30366 
1714 562 gi|138 30226 30365 
1409 441 gi|138 30226 30302 
1385 282 gi|138 30227 30345 
1499 289 gi|138 30228 30368 
1357 259 gi|138 30231 30409 
949 334 gi|138 30236 30371 
1671 253 gi|138 30259 30314 
1493 619 gi|138 34353 34688 
1716 338 gi|138 34366 34782 
1718 639 gi|138 34367 34740 
1720 781 gi|138 34373 34671 
659 360 gi|138 34388 34546 
1381 793 gi|138 34390 34687 
41 2065 gi|138 34391 35112 
1359 624 gi|138 34399 34593 
1722 573 gi|138 34475 34786 
1545 547 gi|138 34496 34697 
1115 448 gi|138 34497 34645 
835 1625 gi|138 34500 35280 
939 789 gi|138 34502 34910 
689 427 gi|138 34549 34707 
1724 311 gi|138 34588 34753 
1726 1328 gi|138 34845 35623 
1728 1000 gi|138 35047 35282 
1269 1630 gi|138 35097 35625 
825 360 gi|138 35100 35196 
933 1896 gi|138 35115 35623 
1730 1304 gi|138 35142 35424 
1265 2541 gi|138 35665 36494 
1211 481 gi|138 35703 36134 
63 1967 gi|138 35799 36224 
1375 5359 gi|138 35851 36918 
655 334 gi|138 36287 36411 
1371 2535 gi|138 36986 37645 
515 271 gi|138 37679 37754 
668 358 gi|14 26722 26795 
670 526 gi|14 27269 27663 
672 278 gi|14 28280 28361 
1453 297 gi|140 623 746 
765 257 gi|140 31187 31260 
741 292 gi|141 13323 13383 
279 343 gi|142 3068 3216 
1679 628 gi|142 3089 3216 
475 628 gi|142 3089 3216 
1732 556 gi|142 3089 3212 
1609 469 gi|142 3345 3460 
247 314 gi|142 3431 3506 
1611 264 gi|142 3565 3622 
1243 304 gi|142 4344 4644 
381 263 gi|142 6132 6220 
1475 284 gi|142 6149 6276 
793 991 gi|142 11881 12023 
1217 523 gi|142 13033 13155 
737 720 gi|142 13034 13155 
1734 521 gi|142 13077 13155 
789 1088 gi|142 13675 13847 
1791 629 gi|142 13687 13851 
1736 387 gi|142 15574 15691 
1031 983 gi|142 16846 16983 
769 315 gi|142 20863 21064 
35 479 gi|142 20917 21073 
1021 258 gi|143 5877 5935 
993 250 gi|143 5879 5992 
1277 256 gi|143 5879 5973 
457 1680 gi|144 3210 3552 
1395 712 gi|144 3234 3527 
325 694 gi|144 3234 3527 
633 1059 gi|144 3276 3581 
1741 381 gi|145 2974 3140 
1739 261 gi|145 3352 3440 
1673 262 gi|145 28181 28230 
1641 984 gi|145 28247 28417 
1900 1227 gi|145 28247 28417 
1675 277 gi|145 28931 28988 
1902 261 gi|145 28945 29013 
1605 473 gi|145 36973 37216 
1904 253 gi|146 6927 7113 
1906 1104 gi|146 6999 7808 
1908 288 gi|146 7479 7608 
1705 821 gi|146 8853 9074 
339 385 gi|146 8853 8922 
1441 451 gi|146 8853 8911 
261 1049 gi|146 9670 9815 
1707 386 gi|146 9720 9834 
1701 419 gi|146 9737 9997 
1445 323 gi|146 9831 9966 
1749 320 gi|146 9911 9998 
1711 290 gi|146 9942 10030 
935 869 gi|146 36074 36379 
1271 940 gi|146 36078 36387 
1731 1304 gi|146 36078 36379 
1910 634 gi|146 36090 36373 
829 395 gi|146 36216 36387 
1912 522 gi|146 36223 36363 
781 260 gi|146 36479 36559 
1649 689 gi|147 15600 16043 
1651 296 gi|147 16345 16424 
1785 327 gi|147 35485 35644 
1053 790 gi|147 35546 35868 
1665 1001 gi|148 1827 1959 
1918 475 gi|148 1827 1890 
1661 25668 gi|148 2131 5240 
1709 2660 gi|148 2455 3018 
977 1457 gi|148 2642 2992 
25 8287 gi|148 4006 5240 
1920 322 gi|148 14669 14926 
1383 525 gi|148 14671 15011 
1723 573 gi|148 14676 15044 
841 566 gi|148 14731 15073 
1555 506 gi|148 14734 14956 
1279 308 gi|148 16179 16248 
1922 530 gi|148 17949 18096 
1719 639 gi|148 18117 18471 
1924 441 gi|148 18117 18442 
1495 810 gi|148 18121 18421 
395 516 gi|148 18138 18284 
45 1323 gi|148 18145 18477 
1715 562 gi|148 18209 18347 
1411 326 gi|148 18209 18286 
1547 327 gi|148 18236 18432 
947 664 gi|148 18240 18430 
697 424 gi|148 18294 18420 
827 570 gi|148 18466 18746 
1729 1000 gi|148 18470 18735 
1926 519 gi|148 18486 18738 
1273 471 gi|148 18516 18739 
937 509 gi|148 18537 18723 
1913 522 gi|148 18601 18739 
1928 398 gi|149 2140 2232 
807 442 gi|149 3663 3848 
811 1519 gi|149 3723 4067 
1637 447 gi|149 4072 4246 
1797 979 gi|149 5261 5410 
955 870 gi|149 5263 5409 
1193 529 gi|149 5272 5397 
1135 579 gi|149 6728 6887 
1645 380 gi|149 6754 6917 
771 674 gi|149 25707 26198 
1539 552 gi|149 25715 26035 
763 256 gi|149 26234 26296 
404 388 gi|15 1924 2190 
406 1704 gi|15 1929 2191 
408 3790 gi|15 2181 2701 
569 552 gi|15 2185 2283 
549 3763 gi|15 2187 2701 
410 4091 gi|15 2188 2701 
412 545 gi|15 2188 2263 
414 464 gi|15 2189 2282 
416 324 gi|15 2190 2228 
418 316 gi|15 2207 2282 
420 844 gi|15 2788 3095 
422 339 gi|15 2994 3129 
426 8344 gi|15 3233 4542 
559 9298 gi|15 3233 4542 
424 8897 gi|15 3233 4526 
428 1019 gi|15 3667 3855 
430 3511 gi|15 3986 4542 
432 516 gi|15 4437 4550 
434 416 gi|15 4451 4542 
557 465 gi|15 4470 4542 
436 315 gi|15 4505 4542 
438 13894 gi|15 4541 6430 
440 283 gi|15 4549 4657 
442 1419 gi|15 5711 6418 
444 291 gi|15 6427 6894 
446 310 gi|15 6433 6880 
450 277 gi|15 6433 6794 
448 306 gi|15 6433 6490 
452 269 gi|15 6435 6492 
454 385 gi|15 6493 6611 
456 1680 gi|15 6522 6860 
323 674 gi|15 6562 6839 
458 735 gi|15 6562 6780 
639 872 gi|15 6617 6865 
460 2974 gi|15 6865 7334 
721 378 gi|15 7458 7855 
462 254 gi|15 9493 9698 
464 252 gi|15 17904 18017 
466 11081 gi|15 19201 20730 
468 421 gi|15 19305 19497 
470 18067 gi|15 19513 21828 
472 1939 gi|15 19714 20442 
474 628 gi|15 20295 20420 
476 257 gi|15 20855 20889 
478 308 gi|15 23392 23488 
9 9064 gi|15 24109 25868 
480 2797 gi|15 26016 26347 
11 1022 gi|15 26057 26305 
15 328 gi|15 26177 26336 
482 431 gi|15 26239 26341 
385 374 gi|150 1008 1137 
1407 764 gi|150 1385 1558 
1541 563 gi|150 2192 2459 
1761 427 gi|150 2250 2407 
1819 306 gi|151 542 811 
1745 2483 gi|151 1750 2125 
1940 1871 gi|151 1759 2132 
611 453 gi|151 1978 2122 
1355 259 gi|151 2282 2396 
251 1216 gi|151 4447 5069 
1773 1140 gi|151 4577 5127 
745 452 gi|151 4672 4847 
749 524 gi|151 4894 5123 
1521 253 gi|151 20775 21004 
1001 980 gi|151 24551 24703 
1571 988 gi|151 24551 24703 
1942 996 gi|151 24557 24703 
729 1006 gi|151 24557 24703 
1405 698 gi|151 24557 24648 
989 384 gi|151 29344 29478 
1027 331 gi|151 29372 29483 
1275 284 gi|151 29407 29478 
103 288 gi|151 29421 29478 
1139 622 gi|151 29541 29699 
245 314 gi|152 21341 21410 
1105 292 gi|152 21345 21432 
1503 312 gi|152 21358 21432 
1457 414 gi|152 21361 21493 
1946 272 gi|152 21385 21466 
1587 14473 gi|152 26965 29155 
1823 1357 gi|152 27537 28132 
1257 529 gi|152 27820 28687 
1821 1595 gi|152 28331 28672 
1253 262 gi|152 28880 28990 
1573 1309 gi|153 21000 21174 
1003 1578 gi|153 21001 21176 
723 1581 gi|153 21002 21174 
1943 996 gi|153 21029 21174 
1403 700 gi|153 21084 21174 
1071 446 gi|154 14839 14978 
649 266 gi|154 14839 14975 
1267 1334 gi|154 16909 17521 
929 659 gi|154 16962 17495 
1727 1328 gi|154 17002 17781 
1911 634 gi|154 17211 17471 
831 1255 gi|154 17332 17779 
1927 519 gi|154 17332 17553 
1725 311 gi|154 17774 17932 
843 539 gi|154 17780 17935 
1387 264 gi|154 17780 17931 
59 262 gi|154 17782 17932 
1948 288 gi|154 17838 17931 
1557 298 gi|154 17839 17931 
797 291 gi|155 12627 12666 
799 914 gi|155 12754 13040 
801 2764 gi|155 13210 13732 
27 1453 gi|155 13410 13644 
803 3346 gi|155 14137 14827 
1944 465 gi|156 23686 23788 
1559 267 gi|157 29400 29609 
1331 886 gi|158 13542 13710 
1914 19306 gi|158 13655 19323 
1333 5447 gi|158 13813 14705 
1099 253 gi|158 14850 14972 
1095 579 gi|158 17303 17644 
1916 613 gi|158 17303 17644 
1337 9232 gi|158 17799 19228 
291 691 gi|159 6628 7112 
1517 1772 gi|159 6647 8272 
987 256 gi|159 7026 7109 
289 521 gi|159 7282 7592 
287 1084 gi|159 7684 8201 
285 699 gi|159 8322 8582 
1519 377 gi|159 8353 8569 
49 423 gi|159 9207 9445 
1925 441 gi|159 9208 9536 
847 380 gi|159 9217 9413 
945 307 gi|159 9219 9429 
1949 288 gi|159 9219 9312 
1379 717 gi|159 9220 9527 
1553 490 gi|159 9220 9408 
1921 322 gi|159 9224 9438 
1721 781 gi|159 9234 9531 
1497 317 gi|159 9245 9531 
1117 388 gi|159 9260 9409 
1713 262 gi|159 9304 9445 
1361 317 gi|159 9308 9522 
1467 253 gi|159 9365 9439 
657 291 gi|159 9368 9536 
1583 296 gi|159 9400 9535 
1783 376 gi|159 10203 10535 
1781 867 gi|159 10769 11052 
1779 411 gi|159 11136 11329 
1909 288 gi|159 12394 12526 
1950 319 gi|159 12585 13023 
1905 253 gi|159 12924 13125 
1952 2501 gi|159 18131 18905 
1954 3537 gi|159 18352 20173 
654 334 gi|16 35851 35976 
656 291 gi|16 36146 36320 
658 360 gi|16 36175 36329 
660 324 gi|16 36226 36324 
662 299 gi|16 36253 36322 
664 258 gi|16 36255 36322 
666 251 gi|16 36262 36323 
1489 359 gi|160 467 726 
1801 267 gi|160 1763 2026 
1647 265 gi|161 14149 14339 
1907 1104 gi|161 19756 20547 
1951 319 gi|161 19771 20179 
915 326 gi|162 333 485 
1669 1159 gi|162 359 603 
1061 660 gi|162 486 601 
293 253 gi|162 4428 4563 
1389 279 gi|162 5392 5501 
1803 273 gi|162 5395 5498 
959 297 gi|162 5395 5498 
1511 776 gi|162 5849 5979 
1956 263 gi|162 27009 27134 
1767 268 gi|162 29124 29332 
951 255 gi|163 7946 8003 
1957 263 gi|163 13966 14092 
1934 310 gi|163 14032 14158 
513 318 gi|163 29200 29296 
1759 399 gi|163 29200 29266 
1485 576 gi|163 29347 29521 
1717 338 gi|164 16604 17031 
1221 255 gi|164 17881 17936 
1915 19306 gi|165 1323 6652 
1339 3168 gi|165 1490 2691 
1097 554 gi|165 2932 3463 
1930 578 gi|165 2932 3463 
1101 253 gi|165 5467 5582 
1335 1629 gi|165 5784 6488 
1109 317 gi|165 10526 10587 
1455 377 gi|165 10533 10653 
1947 272 gi|165 10533 10617 
1007 26214 gi|165 12318 15668 
1941 1871 gi|165 15693 16061 
1743 1826 gi|165 15698 16067 
615 433 gi|165 15718 15843 
1659 251 gi|165 17240 17281 
1685 1136 gi|165 17281 17521 
1343 3251 gi|165 17524 18419 
1687 3425 gi|165 17703 18359 
1235 1658 gi|165 17919 18359 
1693 358 gi|165 19057 19132 
1691 800 gi|165 19063 19367 
1932 340 gi|165 19101 19299 
1955 3537 gi|165 26233 28081 
1953 2501 gi|165 27528 28354 
973 715 gi|165 31436 31831 
975 678 gi|165 31951 32572 
1219 484 gi|165 32926 33031 
1735 521 gi|165 32934 33014 
739 519 gi|165 32948 33031 
1683 591 gi|165 33063 33177 
1695 616 gi|165 33142 33278 
1689 799 gi|165 33219 33477 
1145 250 gi|166 4005 4130 
1936 377 gi|166 6274 6388 
1805 519 gi|166 16820 17061 
1199 1891 gi|166 16828 17518 
1809 252 gi|166 17389 17551 
1757 256 gi|166 29344 29451 
1933 340 gi|166 30454 30639 
1601 273 gi|166 36279 36391 
1603 269 gi|166 37925 38082 
375 305 gi|166 37939 38059 
123 1304 gi|166 39204 39549 
1247 381 gi|166 39208 39263 
69 1587 gi|166 39211 39614 
1319 1879 gi|166 39214 39646 
447 310 gi|166 39214 39614 
1793 587 gi|166 39216 39329 
1938 801 gi|166 39222 39476 
1787 1198 gi|166 39236 39623 
1937 377 gi|167 6475 6597 
925 318 gi|167 13485 13537 
1807 367 gi|167 27252 27393 
1639 1439 gi|167 31483 31721 
1901 1227 gi|167 31483 31653 
1353 515 gi|167 31787 31901 
573 621 gi|167 34264 34377 
1667 479 gi|167 34511 34577 
1919 475 gi|167 34511 34575 
859 250 gi|167 34612 34676 
1301 267 gi|167 34619 34665 
1655 257 gi|167 34622 34676 
1039 265 gi|167 34622 34665 
1699 256 gi|167 34628 34670 
1591 691 gi|168 609 878 
1299 507 gi|168 1463 1520 
1817 355 gi|168 2861 2908 
127 795 gi|168 3184 3454 
77 775 gi|168 3184 3451 
1789 542 gi|168 3184 3436 
1323 699 gi|168 3198 3454 
1939 801 gi|168 3213 3454 
1795 470 gi|168 3370 3454 
1935 310 gi|168 21055 21181 
1775 286 gi|168 21312 21480 
1167 279 gi|168 34442 34520 
1227 356 gi|168 35004 35130 
1169 264 gi|168 35015 35131 
227 282 gi|168 35015 35131 
1051 255 gi|168 35015 35127 
1093 23235 gi|169 21277 26541 
1917 613 gi|169 22704 23041 
1931 578 gi|169 22785 23321 
26 1453 gi|17 635 870 
28 1060 gi|17 636 869 
30 696 gi|17 2723 2831 
32 671 gi|17 26373 26478 
34 479 gi|17 33498 33654 
767 323 gi|17 33711 33751 
759 579 gi|17 34357 34778 
36 532 gi|17 34357 34597 
1885 255 gi|170 13 171 
1825 540 gi|170 166 353 
185 1750 gi|170 175 708 
1847 2117 gi|170 196 710 
1865 1584 gi|170 199 708 
1833 1850 gi|170 384 855 
1851 260 gi|170 597 660 
1839 271 gi|170 675 822 
1881 383 gi|170 1053 1310 
1841 536 gi|170 1054 1322 
183 3807 gi|170 1364 1854 
1827 546 gi|170 1365 1558 
1845 2867 gi|170 1366 1870 
1863 3041 gi|170 1367 1854 
171 702 gi|170 1618 1854 
1837 1314 gi|170 1624 1856 
159 3003 gi|170 2086 2430 
1883 2788 gi|170 2091 2439 
1857 8627 gi|170 2420 3482 
199 1076 gi|170 2426 3398 
153 1731 gi|170 2427 3408 
1875 414 gi|170 2682 2908 
1861 546 gi|170 2747 3016 
1893 262 gi|170 3131 3205 
1887 322 gi|170 3217 3390 
1855 3714 gi|170 3730 4198 
1889 1995 gi|170 4198 4552 
1891 5001 gi|170 4343 4931 
1859 1041 gi|170 4800 4931 
207 1824 gi|170 4932 5188 
177 1818 gi|170 5172 5749 
1829 1968 gi|170 5188 5749 
1849 2461 gi|170 5188 5749 
1867 1523 gi|170 5188 5479 
173 480 gi|170 5188 5254 
1873 822 gi|170 5559 5752 
467 11081 gi|170 5754 7248 
1677 9394 gi|170 5754 6981 
277 1794 gi|170 6048 6790 
1733 556 gi|170 6070 6191 
469 421 gi|170 7062 7226 
19 281 gi|170 7109 7220 
1853 303 gi|170 7237 7334 
1871 420 gi|170 7237 7330 
1831 302 gi|170 7237 7306 
189 320 gi|170 7238 7415 
1877 1802 gi|170 7347 7709 
145 2262 gi|170 7348 7830 
143 290 gi|170 7668 7709 
335 277 gi|170 7805 7868 
753 1923 gi|170 7809 8222 
755 5367 gi|170 8389 9152 
333 1649 gi|170 8861 9205 
139 445 gi|170 9150 9305 
1879 398 gi|170 9156 9302 
1835 1572 gi|170 9302 9636 
1843 1522 gi|170 9308 9677 
169 1161 gi|170 9310 9635 
1869 1222 gi|170 9310 9635 
187 864 gi|170 9513 9635 
1929 398 gi|170 9604 9692 
1899 769 gi|170 9685 9817 
1289 782 gi|170 9690 9817 
117 852 gi|170 9693 9817 
115 1393 gi|170 9794 9979 
1287 1499 gi|170 9794 9979 
1897 1473 gi|170 9794 9979 
311 1491 gi|170 9794 9979 
1041 4625 gi|170 9964 10515 
619 683 gi|170 9966 10077 
329 2035 gi|170 10262 10510 
625 719 gi|170 10401 10508 
81 561 gi|170 10509 10640 
315 714 gi|170 10509 10599 
111 689 gi|170 10509 10592 
1895 708 gi|170 10509 10590 
1285 661 gi|170 10509 10587 
383 312 gi|170 10600 10734 
1945 465 gi|170 10694 10792 
1459 316 gi|170 18866 19012 
1501 331 gi|170 18866 18972 
241 333 gi|170 18901 19012 
585 807 gi|170 23213 23791 
519 312 gi|170 24248 24302 
1317 1886 gi|170 26249 26482 
1367 445 gi|170 32893 33087 
1183 371 gi|170 32908 33073 
1697 363 gi|170 32909 33045 
1923 530 gi|170 33098 33236 
1443 272 gi|170 33230 33437 
715 625 gi|170 33941 34730 
1903 261 gi|170 36702 36772 
599 517 gi|171 16475 16839 
1813 364 gi|171 16785 17179 
221 311 gi|171 17291 17502 
1417 388 gi|171 17304 17468 
1815 291 gi|171 17384 17451 
1013 324 gi|171 21563 21887 
779 284 gi|171 37811 37932 
1613 630 gi|172 1311 1413 
297 737 gi|172 1320 1411 
1085 712 gi|172 1321 1416 
1141 667 gi|172 1322 1463 
1799 280 gi|172 6009 6156 
371 363 gi|172 6617 6832 
1429 676 gi|172 8241 8508 
1149 518 gi|172 8260 8465 
365 303 gi|172 8313 8504 
1703 446 gi|172 8319 8508 
493 742 gi|172 8322 8503 
1581 576 gi|172 8327 8508 
1737 387 gi|172 11268 11386 
1505 265 gi|172 18711 18772 
1133 959 gi|172 32855 34011 
264 2444 gi|18 5 1187 
266 942 gi|18 1276 1594 
268 251 gi|18 2076 2206 
270 1877 gi|18 3387 3940 
272 416 gi|18 4033 4164 
483 431 gi|18 4033 4141 
21 264 gi|18 4069 4138 
274 1853 gi|18 4214 4956 
276 1794 gi|18 4214 4956 
473 1939 gi|18 4214 4939 
278 343 gi|18 4219 4368 
280 447 gi|18 19727 19848 
588 263 gi|2 34242 34310 
590 404 gi|2 35212 35563 
592 302 gi|2 35228 35416 
594 252 gi|2 35228 35410 
596 295 gi|2 35268 35333 
598 517 gi|2 35295 35650 
600 307 gi|2 35637 35733 
294 673 gi|20 23664 23757 
296 737 gi|20 23666 23755 
298 624 gi|20 23674 23755 
300 726 gi|20 23676 23755 
302 362 gi|20 39253 39443 
602 271 gi|21 22659 22780 
604 331 gi|21 30556 30679 
374 305 gi|22 36185 36305 
376 283 gi|22 39622 39905 
492 742 gi|23 10239 10415 
494 908 gi|23 10240 10515 
361 429 gi|23 10245 10447 
496 974 gi|23 10260 10515 
498 830 gi|23 10260 10489 
500 515 gi|23 10267 10385 
502 403 gi|23 11881 11986 
504 2337 gi|23 21461 22632 
506 312 gi|23 21474 21771 
508 269 gi|23 22177 22327 
510 417 gi|23 32701 32787 
512 318 gi|23 32706 32809 
514 271 gi|23 32739 32812 
516 304 gi|23 33453 33514 
518 312 gi|23 33455 33514 
484 264 gi|24 5147 5271 
486 473 gi|24 5162 5611 
488 324 gi|24 5184 5566 
490 783 gi|24 25449 25621 
282 7263 gi|26 4994 7185 
284 699 gi|26 5349 5614 
286 1084 gi|26 5672 6199 
288 521 gi|26 6227 6542 
290 691 gi|26 6643 7138 
292 253 gi|26 38445 38580 
248 282 gi|27 22065 22226 
250 1216 gi|27 24843 25472 
252 1037 gi|27 24987 25503 
747 362 gi|27 25075 25158 
254 421 gi|27 36926 37011 
256 661 gi|27 37018 37168 
258 316 gi|27 39148 39343 
260 1049 gi|27 39640 39782 
262 414 gi|27 39771 39970 
368 264 gi|28 7319 7748 
487 473 gi|28 7638 8084 
489 324 gi|28 11433 11813 
370 363 gi|28 11601 11818 
372 251 gi|28 21760 21887 
228 458 gi|29 50 228 
230 457 gi|29 318 592 
232 259 gi|29 656 742 
234 268 gi|29 29659 29839 
236 887 gi|29 33177 33553 
507 312 gi|29 35965 36247 
238 410 gi|29 37037 37195 
240 333 gi|29 37085 37190 
242 270 gi|29 37122 37183 
244 314 gi|29 37125 37195 
246 314 gi|29 37482 37571 
584 807 gi|3 1064 1661 
586 1011 gi|3 3471 3688 
669 358 gi|30 1247 1317 
671 526 gi|30 1905 2299 
673 278 gi|30 2680 2763 
674 616 gi|30 12510 12595 
676 504 gi|30 12510 12576 
678 255 gi|30 16561 16676 
680 266 gi|30 16632 16715 
682 482 gi|30 21003 21282 
684 364 gi|30 21154 21282 
686 290 gi|30 21154 21282 
603 271 gi|30 32157 32270 
688 427 gi|30 34555 34721 
690 516 gi|30 34570 34726 
692 533 gi|30 34575 34726 
694 405 gi|30 34578 34722 
696 424 gi|30 34590 34723 
700 291 gi|31 14978 15070 
698 269 gi|32 1969 2051 
520 25129 gi|33 1964 4872 
524 318 gi|33 27289 27375 
522 329 gi|33 27289 27336 
526 258 gi|33 27294 27345 
417 324 gi|33 27297 27336 
437 315 gi|33 27298 27336 
528 259 gi|33 27298 27336 
571 350 gi|33 27298 27336 
530 1229 gi|33 27325 27470 
532 266 gi|33 27441 27532 
534 13975 gi|33 27463 29268 
425 8897 gi|33 27463 28764 
536 3569 gi|33 27463 27997 
419 316 gi|33 27463 27532 
547 14882 gi|33 27473 29270 
538 1293 gi|33 28142 28330 
411 4091 gi|33 28755 29267 
433 516 gi|33 29161 29272 
540 521 gi|33 29161 29267 
565 639 gi|33 29172 29264 
542 488 gi|33 29173 29271 
405 388 gi|34 7107 7374 
212 489 gi|34 7113 7390 
441 283 gi|34 7277 7387 
214 611 gi|34 7370 7538 
216 303 gi|34 7453 7538 
218 257 gi|34 7615 7752 
220 311 gi|34 10569 10780 
222 281 gi|34 10628 10744 
224 311 gi|34 10637 10816 
226 282 gi|34 10643 10759 
702 352 gi|35 10399 10574 
704 427 gi|35 14774 14892 
706 3870 gi|35 14948 16497 
369 264 gi|35 15494 15927 
485 264 gi|35 15805 15926 
708 382 gi|35 16793 16886 
710 1754 gi|35 18690 18976 
712 322 gi|35 24363 24414 
714 625 gi|35 36685 37464 
38 260 gi|36 639 711 
40 2065 gi|36 5838 6563 
42 290 gi|36 5838 6173 
403 615 gi|36 5845 5985 
44 1323 gi|36 5855 6193 
46 598 gi|36 5914 6059 
48 423 gi|36 5916 6159 
50 320 gi|36 5918 6148 
52 732 gi|36 5925 6138 
56 486 gi|36 5955 6370 
54 726 gi|36 5955 6350 
695 405 gi|36 6008 6143 
58 262 gi|36 6049 6186 
60 1144 gi|36 6503 6902 
62 1967 gi|36 6506 6921 
64 1675 gi|36 6563 6906 
66 452 gi|36 6567 6827 
445 291 gi|36 14617 15040 
68 1587 gi|36 14620 15024 
70 1638 gi|36 14623 15030 
72 327 gi|36 14623 14671 
74 382 gi|36 14625 14698 
76 775 gi|36 14634 14919 
78 1240 gi|36 14649 15039 
631 471 gi|36 14747 15030 
80 561 gi|36 21343 21466 
82 661 gi|36 21360 21472 
313 647 gi|36 21388 21472 
84 659 gi|36 21388 21472 
86 432 gi|36 21470 21521 
88 432 gi|36 21470 21521 
90 1195 gi|36 21676 21852 
92 503 gi|36 21804 21926 
94 371 gi|36 21861 22058 
96 1015 gi|36 21927 22107 
98 668 gi|36 21927 22039 
100 430 gi|36 21927 21997 
102 288 gi|36 21927 21983 
104 2040 gi|36 22625 22875 
106 274 gi|36 22777 22871 
108 4063 gi|36 23040 23528 
110 689 gi|36 23044 23126 
112 3926 gi|36 23048 23524 
309 2576 gi|36 23048 23353 
114 1393 gi|36 23112 23294 
116 852 gi|36 23396 23524 
118 1655 gi|36 23706 23961 
635 316 gi|36 23956 24153 
122 1304 gi|36 23958 24307 
120 1185 gi|36 23958 24295 
124 918 gi|36 23962 24284 
451 277 gi|36 23966 24295 
126 795 gi|36 23998 24287 
128 366 gi|36 24219 24293 
130 311 gi|36 24247 24315 
132 282 gi|36 24366 24560 
134 1553 gi|36 24448 24642 
136 594 gi|36 24814 25119 
521 25129 gi|36 26724 29609 
138 445 gi|36 29607 29735 
140 1511 gi|36 29610 29811 
142 290 gi|36 29770 29811 
144 2262 gi|36 29798 30286 
146 284 gi|36 29824 29860 
148 2785 gi|36 29922 30293 
150 1884 gi|36 32011 33217 
152 1731 gi|36 32242 33217 
154 641 gi|36 32466 32711 
156 719 gi|36 32590 32832 
158 3003 gi|36 33271 33615 
160 2806 gi|36 33276 33608 
162 367 gi|36 33593 33952 
164 628 gi|36 34947 35153 
168 1161 gi|36 34950 35264 
170 702 gi|36 34950 35153 
166 541 gi|36 34950 35024 
172 480 gi|36 34950 35016 
174 1184 gi|36 35004 35264 
176 1818 gi|36 35005 35492 
178 2653 gi|36 35021 35517 
182 3807 gi|36 35023 35495 
180 2878 gi|36 35023 35493 
184 1750 gi|36 35023 35492 
186 864 gi|36 35023 35146 
188 320 gi|36 35198 35365 
190 538 gi|36 35301 35496 
192 635 gi|36 36372 37033 
194 1172 gi|36 37197 37567 
196 1274 gi|36 37382 38558 
198 1076 gi|36 37382 38348 
200 455 gi|36 37578 37665 
202 506 gi|36 37662 37751 
204 368 gi|36 37758 37959 
206 1824 gi|36 38530 38786 
208 2771 gi|36 39472 40000 
210 390 gi|36 39952 39999 
810 1519 gi|37 8894 9245 
814 428 gi|37 9264 9385 
812 469 gi|37 9264 9380 
816 272 gi|37 35013 35069 
818 257 gi|38 724 791 
820 318 gi|38 824 1248 
822 277 gi|38 21110 21245 
575 2018 gi|38 28504 29910 
577 1622 gi|38 29324 30048 
824 360 gi|38 30697 30791 
667 251 gi|38 31164 31229 
826 570 gi|38 31282 31544 
828 395 gi|38 31288 31454 
830 1255 gi|38 31295 31723 
832 750 gi|38 31295 31475 
834 1625 gi|38 31300 32065 
836 383 gi|38 31302 31459 
57 486 gi|38 31650 32063 
838 257 gi|38 31691 31864 
840 566 gi|38 31750 32047 
842 539 gi|38 31832 31994 
844 424 gi|38 31866 32064 
846 380 gi|38 31886 32077 
39 260 gi|38 38770 38840 
848 416 gi|39 21445 21522 
852 273 gi|39 21457 21530 
850 303 gi|39 21457 21524 
854 276 gi|39 21459 21495 
856 292 gi|39 21461 21516 
858 250 gi|39 21469 21533 
860 353 gi|39 21470 21531 
862 319 gi|39 21470 21522 
864 301 gi|39 21477 21522 
866 580 gi|39 22774 23047 
868 871 gi|39 25763 26186 
703 352 gi|39 26147 26328 
870 1819 gi|39 27963 28712 
872 1511 gi|39 27963 28485 
874 458 gi|39 28428 28711 
629 985 gi|39 28683 29309 
617 842 gi|39 29305 29946 
876 261 gi|39 31290 31381 
878 563 gi|39 31291 31383 
880 287 gi|39 31291 31331 
882 380 gi|39 31321 31391 
884 373 gi|39 31321 31385 
886 350 gi|39 31325 31381 
888 266 gi|39 31350 31381 
890 523 gi|39 34415 34872 
892 483 gi|39 35722 36183 
894 324 gi|39 36442 36549 
327 2137 gi|40 1508 1763 
1040 4625 gi|40 1511 2060 
623 716 gi|40 1514 1624 
621 764 gi|40 1948 2057 
1042 287 gi|40 4096 4221 
105 2040 gi|40 4119 4373 
119 1655 gi|40 4121 4375 
1044 263 gi|40 4138 4234 
1046 253 gi|40 10197 10414 
601 307 gi|40 10207 10303 
1048 290 gi|40 10703 10773 
1050 255 gi|40 11452 11564 
1052 790 gi|40 14897 15197 
1054 294 gi|40 14918 14995 
653 923 gi|40 17781 17930 
651 865 gi|40 17820 17930 
609 880 gi|40 17825 17969 
607 865 gi|40 17825 17960 
1056 2220 gi|40 26320 26702 
1058 278 gi|40 26469 26630 
1060 660 gi|40 26594 26711 
429 1019 gi|40 26701 26901 
561 1363 gi|40 26701 26901 
1062 1222 gi|40 26701 26889 
539 1293 gi|40 26701 26889 
1064 3489 gi|40 26889 27434 
563 3749 gi|40 26889 27434 
431 3511 gi|40 26889 27432 
537 3569 gi|40 26889 27416 
541 521 gi|40 27327 27435 
1066 462 gi|40 27341 27437 
413 545 gi|40 27360 27435 
555 464 gi|40 27360 27434 
523 329 gi|40 27395 27443 
1068 521 gi|40 32519 32650 
1070 446 gi|40 32655 32799 
647 824 gi|40 32657 32799 
1072 360 gi|40 32709 32810 
1074 251 gi|40 35388 35510 
1076 557 gi|40 36321 36636 
509 269 gi|41 7760 7910 
896 295 gi|41 24440 24553 
898 354 gi|41 26110 26195 
1172 396 gi|42 16071 16192 
1174 623 gi|42 16078 16192 
281 447 gi|42 16776 16894 
269 251 gi|42 26156 26292 
215 611 gi|43 1496 1670 
970 366 gi|43 19587 19692 
303 362 gi|43 26297 26481 
869 871 gi|43 30111 30527 
1188 495 gi|44 586 793 
1190 414 gi|44 638 800 
1192 529 gi|44 645 795 
1194 1981 gi|44 8579 8819 
1196 737 gi|44 8820 9000 
1198 1891 gi|44 9209 9885 
1200 1096 gi|44 9683 9885 
1202 254 gi|44 30019 30147 
1210 481 gi|45 5249 5685 
67 452 gi|45 5254 5519 
1212 269 gi|45 5311 5794 
1214 297 gi|45 5314 5519 
735 644 gi|45 6659 6798 
1216 523 gi|45 6659 6773 
1218 484 gi|45 6680 6790 
1220 255 gi|45 31423 31479 
1012 324 gi|46 4961 5271 
1014 2022 gi|46 16046 16370 
95 371 gi|46 19513 19724 
1018 375 gi|46 19579 19724 
1016 475 gi|46 19579 19720 
1020 258 gi|46 19581 19644 
101 430 gi|46 19897 19968 
1022 590 gi|46 19898 19998 
1024 540 gi|46 19898 19998 
1026 331 gi|46 19906 20004 
998 699 gi|47 13650 13767 
725 1538 gi|47 13665 13849 
1000 980 gi|47 13671 13822 
1002 1578 gi|47 13675 13850 
1004 1300 gi|47 13677 13850 
1006 26214 gi|47 14765 18090 
1144 250 gi|48 15869 15979 
1146 2002 gi|48 22384 22649 
1148 518 gi|48 28787 28981 
1150 466 gi|48 28817 28986 
367 301 gi|48 28853 28989 
1152 565 gi|48 28853 28981 
1154 546 gi|48 28853 28977 
501 515 gi|48 28861 28981 
363 299 gi|48 29077 29114 
1156 499 gi|48 32226 32359 
1158 451 gi|48 32917 33065 
1160 370 gi|48 32977 33065 
1047 253 gi|49 7806 8016 
1162 309 gi|49 7815 8055 
1164 262 gi|49 7863 8016 
593 302 gi|49 8138 8329 
1166 279 gi|49 8209 8287 
1049 290 gi|49 8217 8287 
225 311 gi|49 8663 8845 
1168 264 gi|49 8720 8836 
1170 268 gi|49 8733 8845 
0 790 gi|5 2033 2122 
2 664 gi|5 2034 2121 
4 7201 gi|5 2860 3646 
6 5566 gi|5 2860 3646 
8 9064 gi|5 25575 27340 
10 1022 gi|5 27368 27628 
12 986 gi|5 27368 27628 
14 328 gi|5 27444 27612 
16 369 gi|5 27444 27612 
18 281 gi|5 27505 27614 
20 264 gi|5 27564 27628 
22 8254 gi|5 29946 31173 
24 8287 gi|5 29950 31171 
1078 257 gi|50 14460 14535 
1080 525 gi|50 22971 23162 
891 523 gi|50 24144 24543 
893 483 gi|50 25628 26137 
895 324 gi|50 26337 26444 
331 429 gi|50 29162 29301 
1176 360 gi|51 32227 32416 
1178 334 gi|51 32236 32479 
1180 428 gi|51 32252 32476 
1182 371 gi|51 32255 32430 
1184 439 gi|51 32287 32470 
1186 252 gi|51 32411 32477 
972 715 gi|52 1 405 
974 678 gi|52 545 1216 
976 1457 gi|52 9982 10351 
978 1375 gi|52 9982 10351 
980 1919 gi|52 9984 10351 
982 1806 gi|52 10351 10741 
984 1602 gi|52 10376 10738 
986 256 gi|52 14425 14508 
988 384 gi|52 16513 16661 
990 928 gi|52 16569 16722 
1023 590 gi|52 16575 16674 
1017 475 gi|52 16593 16738 
992 250 gi|52 16598 16721 
99 668 gi|52 16603 16722 
994 1018 gi|52 27340 27461 
996 314 gi|52 28220 28354 
699 269 gi|52 38093 38180 
1102 356 gi|53 32828 32987 
1104 292 gi|53 32883 32981 
1106 347 gi|53 32910 33007 
1108 317 gi|53 32923 32985 
1110 254 gi|53 36683 36732 
1008 465 gi|54 10244 10461 
1010 392 gi|54 10245 10440 
997 314 gi|55 2606 2739 
1082 418 gi|55 5134 5276 
1084 712 gi|55 13272 13363 
1086 645 gi|55 13275 13357 
1088 643 gi|55 13277 13363 
301 726 gi|55 13277 13356 
817 272 gi|55 18309 18365 
1090 1287 gi|55 34016 34457 
1092 23235 gi|55 34723 39948 
1094 579 gi|55 36127 36464 
1096 554 gi|55 36208 36744 
1098 253 gi|55 38858 38979 
1100 253 gi|55 38864 38979 
788 1088 gi|57 7206 7381 
790 610 gi|57 7206 7365 
792 991 gi|57 7671 7813 
31 696 gi|57 30800 30907 
33 671 gi|57 30800 30905 
93 503 gi|57 31572 31665 
794 419 gi|57 31576 31665 
796 291 gi|57 31803 31842 
798 914 gi|57 31858 32176 
800 2764 gi|57 32175 32683 
29 1060 gi|57 32373 32599 
802 3346 gi|57 32664 33350 
804 534 gi|57 35796 36038 
806 442 gi|57 35796 35996 
808 900 gi|57 36309 37214 
491 783 gi|57 37516 37684 
1132 959 gi|58 9916 11014 
1134 579 gi|58 18055 18215 
1136 270 gi|58 18077 18166 
1138 622 gi|58 22303 22465 
378 279 gi|6 5264 5395 
380 263 gi|6 16943 17030 
382 312 gi|6 19569 19695 
384 374 gi|6 19649 19774 
386 1901 gi|6 19806 20359 
388 449 gi|6 20367 20495 
390 418 gi|6 21708 22494 
392 575 gi|6 22844 23257 
398 267 gi|6 28141 28305 
394 516 gi|6 28141 28285 
396 440 gi|6 28141 28221 
400 255 gi|6 28148 28211 
402 615 gi|6 28150 28290 
900 1046 gi|60 2688 3159 
902 817 gi|60 3942 4462 
904 302 gi|60 19554 19627 
906 7303 gi|60 19605 20820 
908 1023 gi|60 20406 20613 
910 9143 gi|60 20831 22377 
912 3573 gi|60 22163 22812 
1175 623 gi|60 22493 22623 
914 326 gi|60 22654 22809 
916 391 gi|60 22687 22813 
267 942 gi|60 22864 23169 
918 263 gi|60 23058 23229 
265 2444 gi|60 23140 24336 
920 2248 gi|60 23489 23894 
922 484 gi|60 24410 24495 
775 385 gi|60 24435 24496 
924 318 gi|60 24499 24553 
926 339 gi|60 24552 24647 
271 1877 gi|60 36763 37324 
455 385 gi|61 26659 26774 
855 276 gi|61 29247 29283 
921 2248 gi|61 29521 29941 
968 281 gi|61 33962 34187 
1112 482 gi|63 4725 4881 
1116 388 gi|63 4725 4876 
1114 448 gi|63 4725 4875 
1118 480 gi|63 4736 4875 
1120 419 gi|63 4772 4875 
1122 594 gi|63 5246 5587 
1124 2228 gi|63 5762 6932 
1126 1096 gi|63 7051 7518 
1128 258 gi|63 19164 19239 
1130 261 gi|63 37716 37993 
928 659 gi|64 19853 20434 
930 1321 gi|64 19860 20430 
932 1896 gi|64 19901 20443 
934 869 gi|64 20116 20416 
837 383 gi|64 20271 20430 
936 509 gi|64 20279 20443 
938 789 gi|64 20433 20792 
55 726 gi|64 20439 20792 
940 294 gi|64 20585 20816 
942 618 gi|64 20601 20772 
693 533 gi|64 20601 20746 
944 307 gi|64 20606 20819 
946 664 gi|64 20607 20794 
948 334 gi|64 20684 20819 
950 255 gi|64 24100 24154 
1189 495 gi|64 32051 32223 
952 789 gi|64 32070 32234 
954 870 gi|64 32087 32234 
956 592 gi|64 32244 32365 
787 360 gi|64 32252 32374 
958 297 gi|64 32274 32373 
962 2339 gi|64 33307 33614 
960 554 gi|64 33307 33369 
875 458 gi|64 33312 33614 
964 1871 gi|64 33373 33615 
1 790 gi|64 36959 37048 
966 25466 gi|64 36960 40325 
5 7201 gi|64 37047 37834 
985 1602 gi|64 39495 39859 
1140 667 gi|65 38603 38742 
295 673 gi|65 38640 38743 
1089 643 gi|65 38642 38740 
1142 697 gi|65 38642 38732 
1028 577 gi|66 34 373 
1030 983 gi|66 21112 21244 
1032 425 gi|66 26417 26473 
887 350 gi|66 26419 26473 
1036 425 gi|66 26421 26478 
1034 443 gi|66 26421 26473 
865 301 gi|66 26427 26472 
1038 265 gi|66 26431 26473 
213 489 gi|67 4054 4328 
407 1704 gi|67 4054 4309 
439 13894 gi|67 4212 6086 
1204 1690 gi|67 5273 6317 
263 414 gi|67 6349 6550 
461 2974 gi|67 6416 6922 
259 316 gi|67 6849 7055 
1206 1510 gi|67 35612 36587 
1079 257 gi|68 4932 5005 
1208 296 gi|68 21143 21206 
1230 6130 gi|69 981 2466 
1232 7136 gi|69 1403 2454 
1234 1658 gi|69 2037 2466 
1236 484 gi|69 3499 3849 
237 887 gi|69 4200 4582 
1238 270 gi|69 4413 4463 
1240 322 gi|69 5602 5751 
1242 304 gi|69 10142 10462 
317 685 gi|69 29060 29223 
319 301 gi|69 29223 29288 
1244 279 gi|69 29286 29361 
449 306 gi|69 29304 29361 
1246 381 gi|69 29312 29371 
1248 326 gi|69 29312 29359 
131 311 gi|69 29313 29378 
73 327 gi|69 29313 29361 
758 579 gi|7 15323 15750 
760 762 gi|7 15340 15859 
762 256 gi|7 15520 15584 
764 257 gi|7 15532 15606 
766 323 gi|7 15537 15577 
768 315 gi|7 15541 15742 
770 674 gi|7 15564 15999 
772 256 gi|7 15937 16038 
1222 1932 gi|70 522 1101 
1163 309 gi|70 7200 7438 
1224 296 gi|70 7287 7418 
595 252 gi|70 7640 7823 
1226 356 gi|70 8188 8314 
1228 258 gi|70 8208 8318 
1171 268 gi|70 8212 8324 
223 281 gi|70 8214 8330 
137 594 gi|70 24391 24698 
517 304 gi|71 19811 19870 
1278 308 gi|71 22669 22738 
1280 607 gi|71 28112 28316 
701 291 gi|71 28128 28213 
83 661 gi|71 28755 28861 
109 4063 gi|71 28767 29257 
307 2685 gi|71 28772 29083 
1282 4071 gi|71 28777 29254 
1284 661 gi|71 28777 28855 
1286 1499 gi|71 28841 29024 
1288 782 gi|71 29126 29257 
87 432 gi|71 29129 29181 
1290 4434 gi|71 33098 33722 
1292 1339 gi|71 33098 33305 
1294 813 gi|71 33108 33339 
1043 287 gi|71 33474 33621 
107 274 gi|71 33474 33590 
675 616 gi|71 33649 33736 
1229 258 gi|72 14737 14848 
903 817 gi|72 17817 18347 
901 1046 gi|72 17845 18327 
1250 253 gi|72 19935 19974 
881 287 gi|72 19935 19974 
889 266 gi|72 19935 19966 
1252 262 gi|72 20489 20599 
1254 305 gi|72 20776 21187 
1256 529 gi|72 20809 21625 
1258 508 gi|72 20809 21625 
1260 2397 gi|72 37473 37981 
1262 2995 gi|72 37514 37992 
1296 1250 gi|73 3097 3321 
1298 507 gi|73 15168 15225 
861 353 gi|73 23657 23717 
885 373 gi|73 23661 23717 
1300 267 gi|73 23662 23707 
1302 441 gi|73 23664 23717 
1035 443 gi|73 23665 23717 
1111 254 gi|73 23665 23715 
1015 2022 gi|73 23707 23980 
883 380 gi|73 23984 24047 
1037 425 gi|73 23984 24042 
1304 401 gi|73 23984 24037 
863 319 gi|73 23984 24036 
545 879 gi|73 36974 37227 
1306 1261 gi|73 37861 38438 
1308 927 gi|73 38466 38812 
1310 292 gi|73 38995 39145 
1312 316 gi|74 7524 7644 
249 282 gi|74 27847 28011 
1314 295 gi|74 27926 28093 
1316 1886 gi|74 38331 38563 
1318 1879 gi|74 38811 39231 
71 1638 gi|74 38811 39219 
121 1185 gi|74 38811 39150 
1245 279 gi|74 38811 38892 
1320 564 gi|74 38813 38930 
1322 699 gi|74 38819 39093 
1324 1039 gi|74 38840 39222 
637 340 gi|74 38954 39207 
995 1018 gi|75 5876 5999 
1354 259 gi|75 5876 5994 
1209 296 gi|75 19227 19290 
1426 1239 gi|76 248 627 
1428 676 gi|76 265 525 
1430 1212 gi|76 317 654 
495 908 gi|76 341 653 
359 517 gi|76 345 574 
1155 546 gi|76 356 477 
345 1248 gi|76 626 1066 
1432 2833 gi|76 635 1230 
1434 381 gi|76 661 824 
341 1597 gi|76 1210 1756 
1436 1024 gi|76 1217 1541 
1438 1632 gi|76 1313 1755 
1440 451 gi|76 1697 1758 
1442 272 gi|76 8425 8627 
1444 323 gi|76 12471 12614 
1446 260 gi|76 13530 13627 
1448 270 gi|76 13567 13698 
1450 498 gi|76 13586 13698 
1452 297 gi|76 13766 13891 
1454 377 gi|76 13882 13999 
1456 414 gi|76 13887 14028 
1107 347 gi|76 13928 14015 
1458 316 gi|76 13946 14080 
1460 306 gi|76 13946 14061 
239 410 gi|76 13973 14141 
1291 4434 gi|76 19415 20014 
677 504 gi|76 19422 19488 
1045 263 gi|76 19558 19660 
1462 813 gi|76 19790 20004 
1464 1365 gi|76 19805 20014 
1466 253 gi|76 21957 22034 
663 299 gi|76 21958 22031 
1468 273 gi|76 21958 22017 
1470 254 gi|76 21962 22052 
1472 292 gi|76 22035 22105 
233 259 gi|76 29253 29339 
231 457 gi|76 29336 29604 
971 366 gi|76 29343 29445 
229 458 gi|76 29757 29938 
1474 284 gi|76 35822 35949 
1476 277 gi|76 39006 39115 
1326 321 gi|77 8395 8447 
1009 465 gi|77 8472 8699 
1328 671 gi|77 8473 8712 
1237 484 gi|77 8912 9267 
1330 886 gi|77 10204 10366 
1332 5447 gi|77 10373 11258 
1334 1629 gi|77 10374 11168 
1336 9232 gi|77 11253 12670 
1338 3168 gi|77 11255 12578 
505 2337 gi|77 12602 13788 
1340 262 gi|77 13243 13396 
1342 3251 gi|77 14012 14881 
1344 4950 gi|77 14152 15431 
1231 6130 gi|77 14364 15827 
1346 512 gi|77 16541 16643 
923 484 gi|77 16858 16945 
777 354 gi|77 16881 16945 
1069 521 gi|77 19754 19883 
1348 1710 gi|77 36815 37206 
1350 336 gi|77 37466 37581 
711 1754 gi|77 38530 38826 
1352 515 gi|77 39292 39394 
1392 320 gi|78 3243 3350 
217 303 gi|78 6812 6901 
1307 1261 gi|78 9842 10404 
1309 927 gi|78 10380 10725 
1311 292 gi|78 10860 11019 
321 11518 gi|78 15361 16644 
1394 712 gi|78 15367 15667 
459 735 gi|78 15384 15610 
641 281 gi|78 15442 15683 
1396 253 gi|78 25779 25938 
1398 761 gi|78 38879 38987 
1400 752 gi|78 38888 38987 
1586 14473 gi|79 8449 10620 
1259 508 gi|79 8912 9775 
1588 2802 gi|79 8934 10058 
1590 691 gi|79 12412 12679 
1592 515 gi|79 29918 30085 
377 283 gi|79 29967 30196 
1594 339 gi|79 30151 30274 
1315 295 gi|79 30889 31056 
819 257 gi|79 30892 30959 
1596 311 gi|79 30898 31218 
821 318 gi|79 30940 31347 
1131 261 gi|79 36707 36963 
774 385 gi|8 8319 8380 
776 354 gi|8 8320 8382 
778 284 gi|8 13394 13516 
780 260 gi|8 38957 39029 
782 998 gi|8 38968 39331 
784 288 gi|8 39029 39159 
786 360 gi|8 39200 39329 
1478 8433 gi|80 3 1005 
813 469 gi|80 442 552 
871 1819 gi|80 485 1251 
963 2339 gi|80 943 1250 
1480 1507 gi|80 1009 1250 
391 418 gi|80 18262 19045 
393 575 gi|80 19413 19848 
373 251 gi|80 38695 38818 
1482 421 gi|80 39302 39355 
1484 576 gi|80 39347 39584 
681 266 gi|81 17974 18048 
1313 316 gi|81 27411 27531 
1540 563 gi|81 32200 32448 
1542 1143 gi|81 32206 32465 
713 322 gi|81 32487 32538 
661 324 gi|81 32693 32794 
1471 254 gi|81 32697 32788 
51 320 gi|81 32717 32949 
941 294 gi|81 32731 32972 
1113 482 gi|81 32744 32908 
1548 460 gi|81 32749 32974 
1544 547 gi|81 32749 32963 
1546 327 gi|81 32749 32949 
1550 351 gi|81 32749 32849 
1552 490 gi|81 32750 32947 
845 424 gi|81 32754 32971 
1554 506 gi|81 32769 32973 
1556 298 gi|81 32856 32947 
1512 631 gi|82 11692 11913 
1514 290 gi|82 29301 29404 
283 7263 gi|82 32661 34868 
1516 1772 gi|82 32739 34271 
1203 254 gi|82 33292 33424 
1518 377 gi|82 34293 34509 
1528 269 gi|83 8313 8414 
1530 710 gi|83 11830 12582 
1532 396 gi|83 12690 12819 
503 403 gi|83 28953 29058 
1261 2397 gi|83 28964 29469 
1534 2599 gi|83 29004 29548 
1207 1510 gi|84 26276 27260 
1297 1250 gi|85 11965 12193 
1223 1932 gi|85 13722 14278 
1522 280 gi|86 6764 6835 
1524 275 gi|86 6990 7111 
1526 256 gi|86 40025 40124 
1558 267 gi|87 20417 20623 
1329 671 gi|87 38803 39055 
1011 392 gi|87 38820 39040 
465 252 gi|88 33539 33672 
1129 258 gi|89 369 454 
1083 418 gi|89 4095 4237 
606 865 gi|9 1464 1603 
608 880 gi|9 1666 1808 
610 453 gi|9 1968 2129 
612 366 gi|9 1968 2129 
614 433 gi|9 1989 2129 
616 842 gi|9 3114 3689 
618 683 gi|9 3688 3799 
620 764 gi|9 3690 3799 
622 716 gi|9 3907 4015 
624 719 gi|9 3907 4012 
626 704 gi|9 3907 4012 
628 985 gi|9 4013 4640 
630 471 gi|9 4616 4912 
632 1059 gi|9 4625 4934 
636 340 gi|9 4637 4900 
634 316 gi|9 4637 4834 
640 281 gi|9 4655 4917 
638 872 gi|9 4655 4910 
642 333 gi|9 4684 4830 
644 355 gi|9 5712 5796 
646 824 gi|9 5715 5852 
648 266 gi|9 5715 5851 
650 865 gi|9 20416 20531 
652 923 gi|9 31387 31524 
911 9143 gi|90 1 1536 
1560 1630 gi|90 1 216 
907 7303 gi|90 2320 3593 
1562 1369 gi|90 2633 2789 
531 1229 gi|90 3725 3874 
1564 302 gi|90 3737 3779 
1566 1233 gi|90 6080 6326 
343 943 gi|90 6081 6427 
1437 1024 gi|90 6082 6427 
1568 657 gi|90 6408 6519 
1570 988 gi|90 6423 6576 
1572 1309 gi|90 6428 6605 
1005 1300 gi|90 6428 6604 
727 1308 gi|90 6428 6603 
1433 2833 gi|90 6598 7193 
347 1465 gi|90 6767 7404 
1574 352 gi|90 7005 7357 
1576 1767 gi|90 7211 7708 
1578 251 gi|90 7242 7383 
1427 1239 gi|90 7432 7800 
499 830 gi|90 7432 7694 
355 459 gi|90 7473 7706 
1580 576 gi|90 7521 7705 
1153 565 gi|90 7566 7693 
1582 296 gi|90 7669 7802 
1533 396 gi|90 14425 14554 
1531 710 gi|90 14581 15369 
1584 343 gi|90 16573 16706 
1349 1710 gi|91 6329 6729 
1606 272 gi|91 36852 37003 
1147 2002 gi|92 14150 14415 
1486 255 gi|93 2637 2868 
1488 359 gi|93 4615 4884 
1490 1119 gi|93 9582 9707 
691 516 gi|93 23981 24129 
1492 619 gi|93 23986 24301 
943 618 gi|93 23987 24157 
53 732 gi|93 23991 24190 
1494 810 gi|93 23998 24285 
1496 317 gi|93 24014 24283 
1498 289 gi|93 24069 24190 
1585 343 gi|93 24155 24284 
1103 356 gi|93 27637 27782 
1473 292 gi|93 27639 27709 
1461 306 gi|93 27661 27781 
1500 331 gi|93 27679 27781 
243 270 gi|93 27685 27744 
1502 312 gi|93 27702 27776 
1523 280 gi|93 28765 28839 
1525 275 gi|93 28928 29046 
1091 1287 gi|93 31076 31532 
1504 265 gi|93 31517 31581 
1520 253 gi|94 12855 13096 
1414 437 gi|95 15032 15179 
1416 388 gi|95 15077 15241 
1418 676 gi|95 15180 15523 
1420 1015 gi|95 15524 16071 
1225 296 gi|95 15964 16089 
1422 794 gi|95 16046 16210 
1424 281 gi|95 33189 33282 
1412 307 gi|96 9990 10302 
1356 259 gi|97 388 541 
1360 317 gi|97 418 634 
1358 624 gi|97 418 618 
1551 351 gi|97 418 520 
1121 419 gi|97 418 519 
851 303 gi|97 634 702 
1181 428 gi|97 636 884 
1362 254 gi|97 636 705 
1364 397 gi|97 642 927 
1366 445 gi|97 666 894 
1368 431 gi|97 758 938 
839 257 gi|97 4462 4630 
1370 2535 gi|97 8488 9163 
1372 298 gi|97 8798 9005 
1374 5359 gi|97 9303 10396 
1376 1554 gi|97 9758 10390 
65 1675 gi|97 10033 10386 
1215 297 gi|97 10177 10382 
1378 717 gi|97 10397 10704 
1380 793 gi|97 10417 10710 
43 290 gi|97 10418 10752 
1382 525 gi|97 10486 10788 
1384 282 gi|97 10491 10605 
401 255 gi|97 10491 10554 
665 258 gi|97 10497 10559 
1469 273 gi|97 10502 10559 
1549 460 gi|97 10516 10734 
1119 480 gi|97 10517 10657 
1386 264 gi|97 10613 10767 
1388 279 gi|97 14679 14787 
1390 489 gi|97 14681 14856 
1506 250 gi|98 16791 16867 
1508 344 gi|98 17024 17208 
1510 776 gi|98 35380 35507 
1569 657 gi|99 10104 10221 
999 699 gi|99 10104 10219 
731 702 gi|99 10104 10195 
1402 700 gi|99 10104 10194 
1404 698 gi|99 10104 10194 
1406 764 gi|99 10340 10512 
1408 441 gi|99 10510 10589 
1410 326 gi|99 10511 10589 
399 267 gi|99 10513 10674 
