#  fam    ele   dir  sequence    start     end
     1      1  1      gi|10    29935    30232 
     1    179  1      gi|62     2768     3065 
     2      2  1      gi|10    30203    30390 
     2    180  1      gi|62     3108     3289 
     3      3  1      gi|10    30769    31024 
     3    181  1      gi|62     3539     3767 
     4      4  1      gi|10    33369    33478 
     4    118  1      gi|45     6352     6465 
     5      5  1      gi|10    33713    33810 
     5    119  1      gi|45     6709     6806 
     6      6  1      gi|12    13916    14023 
     6     23 -1      gi|19    15105    15200 
     7      7  1      gi|13    14682    14851 
     7    243  1      gi|74    16555    16901 
     7     91  1      gi|37     6388     6719 
     7    250 -1      gi|74    26393    26671 
     8      8  1      gi|13    15024    15192 
     8    151 -1      gi|53    17511    17679 
     9      9  1      gi|13    23343    23434 
     9    278  1      gi|74    31151    31284 
     9    279 -1       gi|8    10084    10222 
    10     10  1      gi|13    37366    37493 
    10    182  1      gi|62     6288     6418 
    11     11  1      gi|13    37578    37944 
    11    183  1      gi|62     6596     6968 
    12     12  1      gi|13    38099    38555 
    12    184  1      gi|62     7180     7584 
    13     13  1      gi|14    29698    29837 
    13    156  1      gi|55    22513    22653 
    14     14  1      gi|16    26190    26710 
    14     42  1      gi|26     7121     7614 
    15     15  1      gi|16    27008    27257 
    15     43  1      gi|26     7892     8142 
    16     16  1      gi|16    27400    28054 
    16     44  1      gi|26     8244     8899 
    17     17  1      gi|16    36976    37045 
    17    168  1      gi|59    30953    31022 
    18     19  1      gi|18    35433    35639 
    18     67  1      gi|34    36900    37080 
    19     20  1      gi|18    36406    36512 
    19    262  1       gi|8     1569     1667 
    20     21  1      gi|18    36490    36618 
    20     70 -1      gi|35    15495    15619 
    21     22  1      gi|18    39135    39458 
    21    210 -1       gi|7    11848    12200 
    22     24  1      gi|19    34444    34600 
    22    198 -1      gi|67    31183    31346 
    23     25  1      gi|19    34875    35218 
    23     39 -1      gi|24    14081    14255 
    23    260 -1      gi|75    28980    29358 
    24     26  1      gi|19    35781    36024 
    24    272  1       gi|8    32194    32446 
    24    273 -1       gi|9    29405    29489 
    25     27  1      gi|19    36564    36642 
    25     29  1       gi|2     2568     2646 
    26     28  1      gi|19    37844    38029 
    26     30 -1       gi|2     5797     5984 
    27     31  1       gi|2     7806     8508 
    27     46 -1      gi|27        1      701 
    28     32  1      gi|21     4028     4122 
    28    276 -1       gi|9    32114    32232 
    29     33  1      gi|21    17536    17676 
    29    146 -1      gi|52    25929    26071 
    30     34  1      gi|22    18951    20461 
    30    205 -1      gi|68    17797    19304 
    31     35  1      gi|22    27265    27363 
    31    108 -1      gi|40    38786    38853 
    31    195 -1      gi|67    29816    29910 
    32     36  1      gi|22    37095    37531 
    32    270  1       gi|8    17617    18052 
    33     37  1      gi|22    39534    39674 
    33     99  1      gi|37    12166    12578 
    34     38  1      gi|23    24139    24274 
    34     98  1      gi|37    11547    11860 
    34    155  1      gi|54    37139    37469 
    35     40  1      gi|24    24086    24278 
    35    116 -1      gi|44    24477    24673 
    36     41  1      gi|24    39509    39620 
    36    127 -1      gi|48    19135    19245 
    37     45  1      gi|26    31150    31252 
    37    123  1      gi|47    14253    14341 
    38     47  1      gi|28    12125    12406 
    38    159 -1      gi|56    13842    14257 
    38     51 -1      gi|29    10465    10802 
    39     48  1      gi|28    14239    14550 
    39     50 -1      gi|29     8948     9371 
    39    158 -1      gi|56    11832    12252 
    40     49  1      gi|29     8676     8790 
    40    157  1      gi|56    11441    11555 
    41     52  1       gi|3     1394     1540 
    41    188 -1      gi|65    28186    28351 
    42     53  1       gi|3     1572     1704 
    42    103 -1      gi|39    31335    31488 
    43     54  1      gi|30      298      399 
    43    133  1      gi|48    35219    35302 
    44     55  1      gi|31     8433     8517 
    44    110 -1      gi|42    20634    20715 
    45     56  1      gi|31    11437    11537 
    45     60 -1      gi|33    10308    10402 
    46     57  1      gi|31    27283    27438 
    46     63 -1      gi|33    28980    29175 
    46    218  1      gi|72    29487    29672 
    47     58  1      gi|32     8118     8332 
    47    263  1       gi|8     8040     8264 
    47    165  1      gi|59    17217    17299 
    48     59  1      gi|33     6922     7153 
    48    224  1      gi|73    15688    15940 
    49     61  1      gi|33    18070    18176 
    49     74  1      gi|36     8419     8533 
    50     62  1      gi|33    19393    19514 
    50    100  1      gi|37    18620    18744 
    51     64  1      gi|33    37441    37569 
    51    162 -1      gi|58    24149    24277 
    52     65  1      gi|34     2006     2210 
    52    102 -1      gi|38    34040    34225 
    53     66  1      gi|34    35801    36457 
    53    176  1      gi|61    34011    34678 
    54     68  1      gi|34    39288    39615 
    54     86  1      gi|37     4702     5019 
    54    286  1      gi|37    11124    11346 
    54    287  1       gi|9    30202    30445 
    54    209 -1       gi|7     4279     4581 
    54    189  1      gi|65    28643    28758 
    55     69  1      gi|34    40024    40325 
    55    105  1      gi|40     1801     2210 
    55    269 -1       gi|8    11370    11545 
    55    271  1       gi|8    19638    20030 
    56     71  1      gi|35    17540    17667 
    56    164 -1      gi|59    17031    17147 
    57     72  1      gi|35    35664    35760 
    57    207 -1      gi|69    36188    36282 
    58     75  1      gi|36    34746    34883 
    58    106 -1      gi|40    22081    22206 
    59     76  1      gi|36    37946    38130 
    59    178 -1      gi|61    38989    39171 
    60     77  1      gi|36    38133    38207 
    60    154 -1      gi|54    30686    30849 
    60    173  1      gi|61     2021     2189 
    61     78  1      gi|36    39760    39952 
    61     83 -1      gi|37     2415     2605 
    62     79  1      gi|36    40263    40710 
    62    288  1      gi|37     5703     6386 
    62    236 -1      gi|74     9358     9599 
    62    239 -1      gi|74    11802    12498 
    62    251  1      gi|74    27026    27749 
    62    289  1      gi|37     6388     6421 
    63     81  1      gi|37     1002     1265 
    63    245  1      gi|74    17484    17746 
    63    249 -1      gi|74    25576    25736 
    64     82  1      gi|37     1357     2492 
    64    226 -1      gi|74      332     1106 
    64    238  1      gi|74    10817    11804 
    64    246  1      gi|74    17815    18956 
    65     87  1      gi|37     5017     5217 
    65    235  1      gi|74     9171     9369 
    66     88  1      gi|37     5205     5623 
    66    252 -1      gi|74    27719    28338 
    66    290 -1      gi|37        6      989 
    66    228  1      gi|74     3040     3656 
    66    240 -1      gi|74    13967    14256 
    66    247 -1      gi|74    21397    22479 
    66    257 -1      gi|74    30604    30771 
    66    292  1      gi|37     7942     8250 
    66    254 -1      gi|74    28523    28712 
    66    291 -1      gi|37      991     1049 
    67     89  1      gi|37     5629     5715 
    67    242  1      gi|74    16473    16559 
    68     92  1      gi|37     6718     6942 
    68    229 -1      gi|74     5312     5534 
    68    241  1      gi|74    14492    14690 
    69     93  1      gi|37     6981     7956 
    69    227 -1      gi|74     1772     2707 
    69    237  1      gi|74     9577    10129 
    69    244  1      gi|74    16876    17132 
    69    101  1      gi|38     6923     7034 
    70     95  1      gi|37     8251     8327 
    70    253  1      gi|74    28339    28412 
    70    256 -1      gi|74    30234    30309 
    71     96  1      gi|37    10861    11123 
    71    277  1      gi|74    30749    31145 
    71    281  1      gi|36     6590     6754 
    71    280 -1       gi|8    10223    10645 
    72    104  1      gi|39    31746    31900 
    72    137 -1      gi|51     2077     2245 
    73    107  1      gi|40    30072    30318 
    73    147 -1      gi|53     2713     2958 
    74    109  1      gi|40    39013    39351 
    74    192  1      gi|66    34024    34410 
    75    111  1      gi|43    20098    20140 
    75    163  1      gi|58    30400    30442 
    75    112  1      gi|43    39733    39775 
    76    113  1      gi|44     9166     9350 
    76    122  1      gi|46    18052    18250 
    76    191 -1      gi|66    25413    25523 
    77    114  1      gi|44     9657     9954 
    77    141  1      gi|51    39341    39615 
    78    115  1      gi|44    10264    10676 
    78    150  1      gi|53    10666    11031 
    79    117  1      gi|44    24670    25005 
    79    167  1      gi|59    22289    22563 
    79    197 -1      gi|67    30901    31171 
    79    136 -1      gi|50    12805    12920 
    79    268  1       gi|8    11058    11130 
    80    120  1      gi|45    14901    15641 
    80    124  1      gi|47    19308    19990 
    81    121  1      gi|45    23313    23451 
    81    135  1       gi|5    27447    27579 
    82    125  1      gi|47    23933    24009 
    82    138  1      gi|51    31119    31196 
    83    126  1      gi|48     5386     5505 
    83    134 -1      gi|49    37296    37424 
    84    128  1      gi|48    19437    20033 
    84    219  1      gi|73     2846     3448 
    85    129  1      gi|48    20029    20463 
    85    220  1      gi|73     3533     3968 
    86    130  1      gi|48    20459    20831 
    86    222  1      gi|73     4263     4634 
    87    131  1      gi|48    20928    21113 
    87    223  1      gi|73     7513     7695 
    88    132  1      gi|48    31855    32427 
    88    217 -1      gi|71    21763    22349 
    89    139  1      gi|51    34531    34756 
    89    160  1      gi|56    24909    25139 
    90    140  1      gi|51    38456    38661 
    90    148  1      gi|53     9803    10029 
    91    142  1      gi|51    39980    40043 
    91    149  1      gi|53    10033    10094 
    92    143  1      gi|52     5119     5244 
    92    261  1      gi|76    23902    24029 
    93    144  1      gi|52    12028    12592 
    93    186  1      gi|63    32893    33475 
    94    145  1      gi|52    12776    12849 
    94    187  1      gi|63    33686    33744 
    95    152  1      gi|54    15144    15299 
    95    170  1      gi|59    37103    37260 
    96    153  1      gi|54    19364    19490 
    96    215  1       gi|7    38918    39047 
    97    161  1      gi|57     6743     6877 
    97    193  1      gi|67    12358    12503 
    98    166  1      gi|59    20621    20742 
    98    283  1      gi|16    37462    37595 
    98    171  1      gi|59    37390    37523 
    98    172  1      gi|59    37829    37962 
    98    285  1      gi|59    36425    36557 
    99    174  1      gi|61     2186     2350 
    99    301  1       gi|8     9640    10118 
    99    200 -1      gi|67    31412    31880 
    99    302 -1      gi|74    24965    25441 
    99    275 -1       gi|9    30463    30504 
   100    175  1      gi|61    15508    16103 
   100    293  1      gi|37     2761     3373 
   100    295  1      gi|74     5535     6141 
   100    177  1      gi|61    35016    35213 
   101    185  1      gi|62    24532    24619 
   101    225 -1      gi|73    31502    31589 
   102    190  1      gi|65    29029    29142 
   102    303  1      gi|74    31281    31346 
   102    306 -1       gi|7     3462     3571 
   103    194  1      gi|67    17157    17214 
   103    211  1       gi|7    15512    15565 
   104    196  1      gi|67    30659    30723 
   104    255 -1      gi|74    30102    30167 
   105    199  1      gi|67    31370    31444 
   105    266 -1       gi|8    10646    10720 
   106    201  1      gi|68    11595    11766 
   107    202  1      gi|68    13189    13631 
   107    212  1       gi|7    25661    26098 
   108    203  1      gi|68    13749    13847 
   108    213  1       gi|7    26225    26323 
   109    204  1      gi|68    13844    13990 
   109    214  1       gi|7    26378    26521 
   110    206  1      gi|68    19972    20034 
   110    216  1      gi|71     9214     9272 
   111    221  1      gi|73     3969     4211 
   111    267  1       gi|8    10731    10967 
   112    231  1      gi|74     6971     7569 
   113    233  1      gi|74     9045     9078 
   113    297  1      gi|37     4195     4673 
   113    299  1      gi|74     7570     8049 
   114    234  1      gi|74     9135     9177 
   114    298  1      gi|37     4674     4716 
   114    300  1      gi|74     8049     8092 
   115    282  1      gi|16    37386    37462 
   115    284  1      gi|59    36348    36424 
   116    294  1      gi|37     3375     4199 
   116    296  1      gi|74     6149     6971 
   117    304  1      gi|74    31346    31453 
   117    305 -1       gi|7     3301     3460 
