1 gi|10 29935 30232
2 gi|10 30203 30390
3 gi|10 30769 31024
4 gi|10 33369 33478
5 gi|10 33713 33810
6 gi|12 13916 14023
7 gi|13 14682 14851
8 gi|13 15024 15192
9 gi|13 23343 23434
10 gi|13 37366 37493
11 gi|13 37578 37944
12 gi|13 38099 38555
13 gi|14 29698 29837
14 gi|16 26190 26710
15 gi|16 27008 27257
16 gi|16 27400 28054
17 gi|16 36976 37045
18 gi|16 37386 37595
19 gi|18 35433 35639
20 gi|18 36406 36512
21 gi|18 36490 36618
22 gi|18 39135 39458
23 gi|19 15105 15200
24 gi|19 34444 34600
25 gi|19 34875 35221
26 gi|19 35781 36024
27 gi|19 36564 36642
28 gi|19 37844 38029
29 gi|2 2568 2646
30 gi|2 5797 5984
31 gi|2 7806 8508
32 gi|21 4028 4122
33 gi|21 17536 17676
34 gi|22 18951 20461
35 gi|22 27265 27363
36 gi|22 37095 37531
37 gi|22 39530 39674
38 gi|23 24129 24276
39 gi|24 14081 14255
40 gi|24 24083 24278
41 gi|24 39509 39620
42 gi|26 7121 7614
43 gi|26 7892 8142
44 gi|26 8244 8899
45 gi|26 31150 31252
46 gi|27 1 701
47 gi|28 12125 12406
48 gi|28 14239 14550
49 gi|29 8676 8790
50 gi|29 8948 9371
51 gi|29 10465 10802
52 gi|3 1394 1540
53 gi|3 1572 1704
54 gi|30 298 399
55 gi|31 8433 8517
56 gi|31 11437 11537
57 gi|31 27283 27438
58 gi|32 8118 8332
59 gi|33 6922 7153
60 gi|33 10308 10402
61 gi|33 18070 18176
62 gi|33 19393 19514
63 gi|33 28980 29175
64 gi|33 37441 37569
65 gi|34 2006 2210
66 gi|34 35801 36457
67 gi|34 36900 37080
68 gi|34 39288 39621
69 gi|34 40023 40325
70 gi|35 15495 15619
71 gi|35 17540 17667
72 gi|35 35664 35760
73 gi|36 6576 6754
74 gi|36 8419 8533
75 gi|36 34746 34883
76 gi|36 37946 38130
77 gi|36 38133 38207
78 gi|36 39760 39952
79 gi|36 40257 40710
80 gi|37 1 1049
81 gi|37 1002 1265
82 gi|37 1356 2492
83 gi|37 2415 2605
84 gi|37 2761 4199
85 gi|37 4195 4716
86 gi|37 4702 5024
87 gi|37 5017 5217
88 gi|37 5205 5623
89 gi|37 5629 5715
90 gi|37 5701 6421
91 gi|37 6387 6719
92 gi|37 6717 6942
93 gi|37 6981 7956
94 gi|37 7942 8265
95 gi|37 8250 8327
96 gi|37 10861 11123
97 gi|37 11124 11368
98 gi|37 11547 11860
99 gi|37 12166 12578
100 gi|37 18620 18744
101 gi|38 6923 7034
102 gi|38 34040 34225
103 gi|39 31335 31488
104 gi|39 31746 31900
105 gi|40 1798 2210
106 gi|40 22081 22206
107 gi|40 30072 30318
108 gi|40 38786 38853
109 gi|40 39013 39351
110 gi|42 20634 20715
111 gi|43 20098 20140
112 gi|43 39733 39775
113 gi|44 9166 9355
114 gi|44 9657 9954
115 gi|44 10264 10676
116 gi|44 24477 24678
117 gi|44 24670 25005
118 gi|45 6352 6465
119 gi|45 6709 6806
120 gi|45 14901 15641
121 gi|45 23313 23451
122 gi|46 18052 18250
123 gi|47 14253 14341
124 gi|47 19308 19990
125 gi|47 23933 24009
126 gi|48 5386 5505
127 gi|48 19135 19245
128 gi|48 19437 20033
129 gi|48 20029 20463
130 gi|48 20459 20831
131 gi|48 20928 21113
132 gi|48 31855 32427
133 gi|48 35219 35302
134 gi|49 37296 37424
135 gi|5 27447 27579
136 gi|50 12805 12920
137 gi|51 2077 2245
138 gi|51 31119 31196
139 gi|51 34531 34756
140 gi|51 38456 38661
141 gi|51 39341 39615
142 gi|51 39980 40043
143 gi|52 5119 5244
144 gi|52 12028 12592
145 gi|52 12776 12849
146 gi|52 25929 26071
147 gi|53 2713 2958
148 gi|53 9803 10029
149 gi|53 10033 10094
150 gi|53 10666 11031
151 gi|53 17511 17679
152 gi|54 15144 15299
153 gi|54 19364 19490
154 gi|54 30686 30852
155 gi|54 37139 37469
156 gi|55 22513 22653
157 gi|56 11441 11555
158 gi|56 11832 12252
159 gi|56 13842 14257
160 gi|56 24909 25139
161 gi|57 6743 6877
162 gi|58 24149 24277
163 gi|58 30400 30442
164 gi|59 17031 17147
165 gi|59 17217 17300
166 gi|59 20621 20742
167 gi|59 22286 22563
168 gi|59 30953 31022
169 gi|59 36348 36557
170 gi|59 37103 37260
171 gi|59 37390 37523
172 gi|59 37829 37962
173 gi|61 2021 2189
174 gi|61 2186 2350
175 gi|61 15508 16103
176 gi|61 34011 34678
177 gi|61 35016 35218
178 gi|61 38989 39171
179 gi|62 2768 3065
180 gi|62 3108 3289
181 gi|62 3539 3767
182 gi|62 6288 6418
183 gi|62 6596 6968
184 gi|62 7180 7584
185 gi|62 24532 24619
186 gi|63 32893 33475
187 gi|63 33686 33744
188 gi|65 28186 28351
189 gi|65 28643 28758
190 gi|65 29029 29145
191 gi|66 25413 25523
192 gi|66 34024 34410
193 gi|67 12358 12503
194 gi|67 17157 17214
195 gi|67 29816 29910
196 gi|67 30659 30723
197 gi|67 30897 31171
198 gi|67 31183 31346
199 gi|67 31370 31444
200 gi|67 31408 31880
201 gi|68 11595 11770
202 gi|68 13189 13631
203 gi|68 13749 13847
204 gi|68 13844 13990
205 gi|68 17797 19304
206 gi|68 19972 20034
207 gi|69 36188 36282
208 gi|7 3301 3571
209 gi|7 4279 4581
210 gi|7 11848 12200
211 gi|7 15512 15565
212 gi|7 25661 26098
213 gi|7 26225 26323
214 gi|7 26378 26521
215 gi|7 38918 39047
216 gi|71 9214 9272
217 gi|71 21763 22349
218 gi|72 29487 29672
219 gi|73 2846 3448
220 gi|73 3533 3968
221 gi|73 3969 4211
222 gi|73 4263 4634
223 gi|73 7513 7695
224 gi|73 15688 15940
225 gi|73 31502 31589
226 gi|74 332 1106
227 gi|74 1772 2707
228 gi|74 3040 3656
229 gi|74 5312 5534
230 gi|74 5535 6971
231 gi|74 6971 7569
232 gi|74 7570 8092
233 gi|74 9045 9078
234 gi|74 9135 9177
235 gi|74 9171 9369
236 gi|74 9358 9600
237 gi|74 9577 10129
238 gi|74 10817 11804
239 gi|74 11800 12498
240 gi|74 13967 14256
241 gi|74 14492 14690
242 gi|74 16473 16559
243 gi|74 16555 16901
244 gi|74 16876 17132
245 gi|74 17484 17746
246 gi|74 17815 18956
247 gi|74 21394 22481
248 gi|74 24965 25460
249 gi|74 25576 25736
250 gi|74 26393 26671
251 gi|74 27026 27749
252 gi|74 27719 28338
253 gi|74 28339 28412
254 gi|74 28523 28712
255 gi|74 30102 30167
256 gi|74 30234 30309
257 gi|74 30604 30771
258 gi|74 30749 31284
259 gi|74 31280 31458
260 gi|75 28980 29358
261 gi|76 23902 24029
262 gi|8 1569 1667
263 gi|8 8040 8264
264 gi|8 9621 10118
265 gi|8 10084 10645
266 gi|8 10646 10720
267 gi|8 10731 10967
268 gi|8 11058 11130
269 gi|8 11367 11546
270 gi|8 17617 18052
271 gi|8 19637 20030
272 gi|8 32193 32446
273 gi|9 29405 29489
274 gi|9 30184 30470
275 gi|9 30463 30504
276 gi|9 32114 32232
