354 806 gi|10 4951 5067 
356 250 gi|10 4956 5111 
358 992 gi|10 12324 12491 
360 274 gi|10 12360 12464 
362 4653 gi|10 14459 15007 
364 536 gi|10 14459 14793 
366 278 gi|10 14758 14902 
368 1166 gi|10 15009 15317 
370 1784 gi|10 15355 15611 
372 3722 gi|10 15698 16434 
475 2716 gi|10 15881 16434 
374 1610 gi|10 16414 16654 
376 3475 gi|10 16728 17390 
477 3556 gi|10 16728 17390 
378 2443 gi|10 16786 17217 
380 414 gi|10 17846 18015 
382 1428 gi|10 17883 18200 
384 278 gi|10 18043 18106 
386 517 gi|10 18064 18173 
388 2667 gi|10 18195 18583 
877 2049 gi|10 18213 18583 
390 506 gi|10 18217 18577 
392 3516 gi|10 18616 19153 
394 3456 gi|10 18624 19136 
396 3316 gi|10 18627 19136 
453 582 gi|10 18846 19065 
398 1609 gi|10 18892 19147 
400 372 gi|10 19395 19472 
402 482 gi|10 20643 20808 
404 534 gi|10 20821 20981 
406 315 gi|10 24713 24812 
408 3437 gi|10 35895 36624 
410 2391 gi|10 36620 37128 
412 741 gi|10 37263 37422 
416 896 gi|10 37264 37459 
420 482 gi|10 37264 37433 
418 634 gi|10 37264 37422 
422 453 gi|10 37264 37392 
414 458 gi|10 37264 37374 
1603 263 gi|100 7127 7276 
681 284 gi|100 22047 22327 
367 278 gi|100 22590 22727 
663 281 gi|100 22620 22727 
1526 718 gi|100 23014 23217 
1528 275 gi|100 24353 24401 
1483 33352 gi|101 3544 7316 
1504 414 gi|101 15608 15773 
1385 427 gi|101 15612 15832 
1506 312 gi|101 17003 17369 
1508 275 gi|101 18169 18301 
1510 1125 gi|101 27917 28110 
1512 1090 gi|101 27918 28065 
1514 1061 gi|101 27928 28088 
1541 396 gi|102 14053 14156 
1490 341 gi|102 14071 14155 
669 403 gi|102 14258 14326 
1073 2825 gi|102 20025 20407 
1071 839 gi|102 20922 21034 
21 401 gi|102 23404 23556 
1492 313 gi|102 23432 23506 
1494 784 gi|102 24083 24207 
1051 831 gi|102 24086 24278 
1496 419 gi|102 24091 24219 
267 579 gi|102 24092 24206 
335 955 gi|102 24093 24257 
419 634 gi|102 24093 24252 
1345 653 gi|102 32360 32603 
323 377 gi|102 39399 39570 
247 485 gi|102 39420 39572 
1549 457 gi|102 39474 39570 
1498 328 gi|102 39495 39563 
1500 627 gi|102 39508 39611 
1502 330 gi|102 39539 39625 
1339 716 gi|102 39710 39882 
1099 547 gi|103 10270 10338 
1605 554 gi|104 17251 17558 
1429 274 gi|105 26601 26666 
1446 260 gi|106 9105 9276 
1448 293 gi|106 11210 11312 
1450 304 gi|106 11324 11450 
99 348 gi|106 11343 11443 
1509 275 gi|106 15532 15661 
1507 312 gi|106 16401 16762 
1452 912 gi|106 25019 26138 
1353 557 gi|106 25022 25263 
1357 472 gi|106 25604 25882 
1454 823 gi|106 25795 26384 
1359 764 gi|106 25875 26407 
939 742 gi|106 36495 36764 
931 270 gi|107 4540 4699 
553 347 gi|107 4602 5010 
927 278 gi|107 4909 5010 
1591 491 gi|107 31987 32549 
93 257 gi|107 32475 32560 
95 256 gi|107 32690 32761 
551 356 gi|107 39498 39934 
929 278 gi|107 39526 39627 
933 270 gi|107 39837 39996 
1433 304 gi|108 463 510 
153 281 gi|108 463 505 
177 281 gi|108 463 505 
1606 251 gi|108 6490 6675 
577 679 gi|108 23495 23602 
843 465 gi|108 23686 23788 
1478 424 gi|109 1 45 
1480 303 gi|109 10897 10953 
411 2391 gi|109 22474 22991 
409 3437 gi|109 23410 24163 
483 707 gi|109 25919 26163 
481 484 gi|109 26517 26940 
359 992 gi|11 19554 19717 
504 291 gi|11 19587 19683 
393 3516 gi|11 24635 25205 
506 4446 gi|11 24638 25217 
508 4673 gi|11 24647 25189 
457 630 gi|11 24900 25118 
510 2200 gi|11 24943 25211 
437 273 gi|11 25135 25192 
512 348 gi|11 25337 25541 
514 2119 gi|11 26443 26841 
516 3473 gi|11 26965 27674 
1343 431 gi|110 37662 37863 
1531 254 gi|110 39356 39520 
635 328 gi|111 27274 27386 
361 274 gi|111 27283 27392 
505 291 gi|111 27283 27378 
1608 1282 gi|111 38440 38606 
319 363 gi|112 23831 23939 
1535 270 gi|112 24545 24616 
1616 274 gi|112 24605 24682 
1618 364 gi|112 24736 24829 
1399 424 gi|112 24738 24803 
1620 724 gi|112 24741 24829 
1411 272 gi|112 24743 24794 
1622 358 gi|112 24748 24824 
1623 358 gi|113 21445 21522 
1419 258 gi|113 21457 21522 
1624 276 gi|113 21459 21495 
1626 261 gi|113 21461 21521 
1151 304 gi|113 21461 21516 
1628 250 gi|113 21469 21533 
1413 290 gi|113 21476 21521 
1403 297 gi|113 21477 21522 
1630 871 gi|113 25763 26186 
55 286 gi|113 25765 25889 
51 285 gi|113 26073 26184 
629 5514 gi|113 27963 30339 
613 520 gi|113 28214 28277 
937 617 gi|113 28309 28548 
105 423 gi|113 28428 28711 
1619 364 gi|113 31280 31381 
1621 724 gi|113 31291 31389 
1401 372 gi|113 31325 31381 
1609 1282 gi|115 6438 6603 
1632 312 gi|115 13485 13537 
1613 252 gi|115 13486 13601 
1634 498 gi|115 13486 13564 
1636 371 gi|115 27252 27393 
1638 1439 gi|115 31483 31721 
605 1227 gi|115 31483 31653 
1321 479 gi|115 34511 34577 
1129 350 gi|115 34511 34568 
1629 250 gi|115 34612 34676 
1407 265 gi|115 34622 34665 
1153 256 gi|115 34628 34670 
1277 302 gi|115 34655 34753 
347 289 gi|115 34674 34753 
1481 303 gi|116 230 290 
1409 298 gi|116 240 335 
1640 296 gi|116 333 485 
381 414 gi|116 367 531 
101 297 gi|116 5395 5498 
1451 304 gi|116 5406 5526 
185 337 gi|116 26900 27069 
1471 275 gi|116 27034 27132 
799 344 gi|116 30060 30111 
793 10574 gi|116 30063 31412 
959 1757 gi|116 31106 31408 
795 328 gi|116 31359 31407 
1107 1116 gi|116 31710 31933 
1109 861 gi|116 32586 32720 
355 806 gi|116 34817 34929 
1607 251 gi|117 7582 7758 
1075 322 gi|117 7815 8055 
1599 311 gi|117 8663 8845 
1077 254 gi|117 8733 8845 
1067 252 gi|117 17524 17599 
1007 255 gi|117 35482 35603 
991 252 gi|119 13168 13446 
614 262 gi|12 8187 8317 
616 265 gi|12 8206 8390 
618 461 gi|12 8245 8408 
620 261 gi|12 8391 8451 
622 1049 gi|12 19461 19586 
1221 264 gi|120 37739 37902 
1247 272 gi|121 4731 4843 
1525 303 gi|121 11826 11987 
1367 821 gi|121 25740 25981 
1684 403 gi|121 25749 25821 
465 1932 gi|121 25751 26118 
1285 1709 gi|121 25752 26249 
1686 666 gi|121 25752 25923 
275 299 gi|121 25752 25822 
257 477 gi|121 25765 25876 
459 267 gi|121 25804 25980 
1105 270 gi|122 1732 1892 
1095 16397 gi|122 1737 3742 
33 1738 gi|122 1737 1964 
35 25032 gi|122 1964 4869 
1101 5867 gi|122 3730 4412 
1103 4000 gi|122 4413 4872 
1097 278 gi|122 4758 4873 
891 1090 gi|122 27337 27462 
1672 771 gi|122 27342 27462 
1527 718 gi|123 2889 3082 
425 304 gi|123 8372 8597 
427 298 gi|123 9647 10222 
671 385 gi|123 26659 26774 
1625 276 gi|123 29247 29283 
1283 303 gi|123 29368 29430 
1750 264 gi|123 29477 29531 
1752 2224 gi|123 29521 29941 
1754 4640 gi|123 32683 34655 
197 291 gi|123 35203 35265 
1726 354 gi|124 14138 14638 
1728 372 gi|124 14210 14487 
1445 284 gi|124 14614 14731 
1662 279 gi|125 6027 6103 
1664 344 gi|125 18800 18982 
1666 384 gi|125 20828 20976 
1487 261 gi|125 28067 28161 
1485 333 gi|125 29020 29237 
1668 1082 gi|125 35299 35773 
1670 928 gi|125 35301 35763 
1561 438 gi|125 35392 35677 
1688 253 gi|126 9587 9714 
1347 260 gi|126 13560 13715 
1199 332 gi|127 35851 35976 
1678 268 gi|127 35915 35976 
1121 280 gi|127 36160 36323 
1183 325 gi|127 36175 36329 
1137 372 gi|127 36177 36322 
1443 280 gi|127 36235 36323 
1680 251 gi|127 36262 36323 
1682 2328 gi|127 36451 37260 
1689 253 gi|128 38003 38109 
1730 453 gi|129 7280 7416 
1732 682 gi|129 7282 7466 
1734 1116 gi|129 18038 18169 
889 892 gi|129 18452 18604 
1673 771 gi|129 18475 18596 
385 278 gi|129 18936 19001 
651 256 gi|129 18958 18995 
1736 271 gi|129 24205 24367 
570 257 gi|13 506 575 
572 435 gi|13 7674 7751 
574 365 gi|13 7681 7751 
576 679 gi|13 7891 8001 
578 494 gi|13 7942 8241 
137 457 gi|13 8689 8879 
580 453 gi|13 8693 8850 
582 1705 gi|13 9024 9407 
584 557 gi|13 9262 9417 
586 647 gi|13 12856 13016 
588 653 gi|13 12909 13000 
590 306 gi|13 14142 14242 
1249 256 gi|130 4088 4147 
403 482 gi|130 6937 7104 
401 372 gi|130 7289 7375 
307 464 gi|130 7604 7703 
1674 654 gi|130 8020 8184 
1676 335 gi|130 8168 8279 
1595 370 gi|130 8189 8279 
983 728 gi|130 12063 12506 
985 313 gi|130 15488 15565 
871 690 gi|131 1898 2545 
1011 303 gi|131 13178 13617 
1690 546 gi|131 17424 17623 
513 348 gi|131 26278 26479 
1692 1149 gi|131 26670 26830 
1513 1090 gi|131 26685 26830 
1694 1136 gi|131 26688 26822 
1696 293 gi|131 26698 26827 
1698 477 gi|132 12496 13194 
1700 330 gi|132 14117 14222 
1702 371 gi|133 1 211 
1704 321 gi|133 23 218 
1706 2006 gi|133 662 1882 
1708 2184 gi|133 719 2094 
1710 1468 gi|133 984 2094 
1712 291 gi|133 18494 18572 
1714 1751 gi|133 18496 19695 
1716 2415 gi|133 18502 19924 
1718 1442 gi|133 18771 19912 
1547 310 gi|133 31753 31898 
331 949 gi|133 31958 32114 
777 468 gi|133 32091 32213 
1720 382 gi|133 32105 32208 
685 495 gi|133 32114 32213 
1435 538 gi|133 33144 33261 
907 543 gi|133 33144 33258 
1473 460 gi|133 33144 33242 
237 355 gi|134 28435 28531 
1654 277 gi|135 3481 3629 
1656 250 gi|136 13329 13403 
545 1757 gi|136 18494 18850 
229 1890 gi|136 18604 19288 
547 271 gi|136 18815 18990 
549 279 gi|136 19221 19290 
1179 1735 gi|137 4024 4627 
1646 487 gi|137 4095 4327 
71 976 gi|137 4124 4506 
1648 453 gi|137 4190 4328 
1117 325 gi|137 4322 4616 
1245 307 gi|137 4325 4419 
1049 417 gi|137 4326 4491 
1035 357 gi|137 4359 4565 
1171 472 gi|137 4363 4520 
1650 350 gi|137 4420 4524 
867 661 gi|137 18974 19119 
1652 470 gi|137 18986 19123 
1197 5110 gi|137 19167 20226 
1679 268 gi|137 19634 19696 
1567 351 gi|137 19983 20186 
1193 1140 gi|137 20264 20474 
327 664 gi|137 29652 29929 
239 1409 gi|137 29728 30298 
231 571 gi|137 30081 30281 
1331 2187 gi|137 30093 30946 
243 319 gi|137 30465 30544 
1329 657 gi|137 30968 31306 
1505 414 gi|137 31947 32123 
1555 355 gi|137 36384 36528 
1553 314 gi|137 38193 38514 
1551 491 gi|137 39818 40316 
1219 373 gi|138 2448 2606 
1217 379 gi|138 2808 3077 
1215 623 gi|138 4053 4877 
555 269 gi|138 7760 7910 
299 293 gi|138 8286 8571 
1658 275 gi|138 26111 26198 
1660 290 gi|138 26122 26237 
1017 314 gi|139 2606 2739 
203 1377 gi|139 8659 9438 
201 496 gi|139 9540 9682 
199 284 gi|139 9736 10070 
1722 550 gi|139 13275 13362 
1375 645 gi|139 13275 13357 
1089 631 gi|139 13277 13392 
1724 649 gi|139 13277 13361 
1393 272 gi|139 18309 18365 
1047 476 gi|139 36292 36709 
1045 337 gi|139 36865 36937 
1043 441 gi|139 38871 39012 
696 1901 gi|14 175 855 
694 3963 gi|14 175 710 
692 4124 gi|14 175 708 
698 796 gi|14 610 709 
700 334 gi|14 1054 1310 
702 318 gi|14 1054 1310 
704 1579 gi|14 1364 1856 
706 4121 gi|14 1365 1856 
708 1829 gi|14 1365 1854 
710 725 gi|14 1367 1481 
712 251 gi|14 1636 1687 
714 801 gi|14 1756 1855 
716 2976 gi|14 2090 2442 
718 2945 gi|14 2091 2422 
720 10077 gi|14 2420 3655 
722 7930 gi|14 2420 3342 
724 1580 gi|14 2427 3370 
726 1073 gi|14 2662 3398 
728 727 gi|14 2982 3390 
730 666 gi|14 3168 3406 
732 4610 gi|14 3642 4200 
734 1969 gi|14 4197 4553 
736 1985 gi|14 4198 4553 
738 1966 gi|14 4199 4553 
740 1950 gi|14 4199 4553 
742 5121 gi|14 4343 4942 
744 4812 gi|14 4343 4931 
746 4812 gi|14 4343 4931 
748 4812 gi|14 4343 4931 
750 2382 gi|14 4547 4915 
752 1792 gi|14 4932 5187 
754 960 gi|14 4932 5069 
756 1675 gi|14 5187 5752 
760 1472 gi|14 5188 5749 
758 1711 gi|14 5188 5479 
762 847 gi|14 5188 5349 
764 1370 gi|14 5559 5749 
766 847 gi|14 5637 5750 
768 11008 gi|14 5754 7248 
770 574 gi|14 6070 6191 
772 1363 gi|14 6097 6308 
774 3221 gi|14 6318 6958 
776 468 gi|14 6571 6688 
778 385 gi|14 7062 7226 
782 558 gi|14 7233 7356 
780 558 gi|14 7233 7355 
784 288 gi|14 7238 7415 
786 2231 gi|14 7348 7830 
788 319 gi|14 7667 7709 
790 268 gi|14 7805 7868 
792 10574 gi|14 7809 9163 
794 328 gi|14 7809 7868 
796 1663 gi|14 8861 9205 
798 344 gi|14 9115 9162 
800 496 gi|14 9155 9302 
802 1828 gi|14 9302 9646 
804 1644 gi|14 9303 9636 
806 1227 gi|14 9310 9636 
808 754 gi|14 9538 9636 
810 828 gi|14 9669 9817 
812 856 gi|14 9684 9792 
814 711 gi|14 9690 9792 
816 776 gi|14 9691 9817 
818 1424 gi|14 9794 9979 
820 1483 gi|14 9794 9979 
822 1418 gi|14 9794 9979 
824 1418 gi|14 9794 9979 
826 1347 gi|14 9794 9979 
507 4446 gi|14 9957 10540 
828 4570 gi|14 9967 10508 
397 3316 gi|14 9968 10508 
447 584 gi|14 10219 10504 
830 2040 gi|14 10262 10510 
834 708 gi|14 10509 10599 
836 692 gi|14 10509 10599 
832 619 gi|14 10509 10588 
838 635 gi|14 10509 10587 
840 656 gi|14 10509 10587 
842 465 gi|14 10694 10792 
844 297 gi|14 18871 19012 
846 301 gi|14 24107 24282 
848 351 gi|14 24117 24191 
850 596 gi|14 24118 24318 
565 312 gi|14 24248 24302 
371 1784 gi|14 26247 26497 
375 1610 gi|14 26247 26486 
852 348 gi|14 32902 33073 
854 379 gi|14 32908 33145 
856 360 gi|14 32909 33045 
858 436 gi|14 32932 33069 
860 426 gi|14 32948 33069 
862 426 gi|14 32948 33069 
864 268 gi|14 33073 33163 
866 661 gi|14 33090 33240 
868 560 gi|14 33102 33240 
870 690 gi|14 33944 34562 
872 258 gi|14 36702 36772 
13 397 gi|140 9962 10271 
1001 1158 gi|140 9981 10298 
1738 1190 gi|140 9982 10298 
1059 588 gi|140 10020 10298 
1019 317 gi|140 10089 10317 
1187 834 gi|140 10549 10742 
1649 453 gi|140 10594 10742 
73 282 gi|140 10672 10742 
667 1271 gi|140 28600 28965 
981 255 gi|140 39367 39578 
1642 1379 gi|141 10428 11029 
1557 962 gi|141 10459 11065 
1671 928 gi|141 10505 11012 
1644 256 gi|141 32083 32220 
1235 364 gi|142 28061 28189 
1237 290 gi|142 28568 28696 
1233 482 gi|142 28697 28977 
977 7233 gi|142 37337 39090 
1031 266 gi|142 37669 37861 
1645 256 gi|142 38205 38339 
975 560 gi|142 39160 39526 
1740 280 gi|143 35002 35156 
1742 271 gi|143 35565 35654 
1211 394 gi|144 13202 13275 
575 365 gi|144 17549 17622 
19 369 gi|144 17552 17662 
1493 313 gi|144 17590 17662 
1023 326 gi|144 17889 17990 
999 1193 gi|144 17896 18202 
11 551 gi|144 17898 18199 
1739 1190 gi|144 17904 18197 
1057 603 gi|144 17941 18199 
1033 400 gi|144 20165 20687 
1744 333 gi|144 30551 30633 
1746 277 gi|144 30962 31056 
123 1561 gi|145 8819 9020 
1643 1379 gi|145 10294 10850 
1559 694 gi|145 10345 10838 
1669 1082 gi|145 10369 10842 
1251 582 gi|145 31732 32243 
1255 382 gi|145 32996 33573 
1139 748 gi|145 33966 34338 
1627 261 gi|145 33994 34059 
1417 479 gi|145 33996 34258 
1147 468 gi|145 33999 34179 
853 348 gi|145 34037 34234 
1431 912 gi|145 34061 34312 
83 343 gi|145 34061 34118 
167 1062 gi|145 34065 34337 
155 956 gi|145 34065 34312 
1635 498 gi|145 34422 34500 
1615 358 gi|145 34429 34502 
1748 349 gi|145 34450 34506 
1529 275 gi|145 34458 34505 
625 758 gi|146 17879 18296 
1667 384 gi|146 36111 36258 
1571 347 gi|147 2832 2961 
1665 344 gi|147 19165 19343 
1675 654 gi|147 24552 24720 
1397 531 gi|148 746 946 
1657 250 gi|148 12684 12764 
1425 290 gi|148 16419 16679 
1713 291 gi|148 26284 26360 
1719 1442 gi|148 26595 27783 
1711 1468 gi|148 26613 27778 
1703 371 gi|148 27568 27778 
97 592 gi|148 30365 30487 
17 676 gi|148 31943 32259 
1637 371 gi|148 31945 32110 
5 507 gi|148 31989 32095 
15 471 gi|148 32489 32584 
1281 267 gi|148 33863 34254 
1717 2415 gi|148 36934 38354 
1709 2184 gi|148 36948 38333 
1705 321 gi|148 38145 38340 
1707 2006 gi|148 38744 39999 
1715 1751 gi|148 38784 39999 
1533 1127 gi|149 8568 8720 
343 292 gi|149 18896 19170 
1275 334 gi|149 19060 19174 
1756 4103 gi|149 29933 31727 
1587 434 gi|149 37783 38105 
1589 264 gi|149 38265 38425 
118 253 gi|15 3448 3687 
120 1222 gi|15 9310 10158 
621 261 gi|15 15253 15307 
1731 453 gi|150 554 694 
1758 318 gi|150 559 691 
187 447 gi|150 23900 24085 
189 494 gi|150 24085 24187 
1273 288 gi|150 28136 28373 
1747 277 gi|150 34554 34649 
1745 333 gi|150 35269 35350 
1455 823 gi|151 626 1235 
1760 292 gi|151 653 955 
1363 258 gi|151 724 791 
1365 333 gi|151 824 1248 
1189 354 gi|151 30697 30791 
1681 251 gi|151 31164 31229 
1185 1609 gi|151 31300 32065 
67 402 gi|151 31302 31459 
1647 487 gi|151 31669 31899 
1111 382 gi|151 31859 32074 
1131 281 gi|151 31896 32064 
433 288 gi|152 12997 13530 
435 261 gi|152 14143 14211 
1341 264 gi|152 27275 27363 
1379 337 gi|152 29035 29144 
163 1092 gi|152 30227 30451 
1387 469 gi|152 30522 30686 
499 499 gi|152 30556 30694 
1279 348 gi|152 30791 30868 
1639 1439 gi|152 30975 31214 
607 970 gi|152 31043 31214 
1449 293 gi|152 32456 32556 
1757 4103 gi|152 35971 37738 
1733 682 gi|153 723 924 
1759 318 gi|153 724 868 
1337 261 gi|153 4186 4297 
1743 271 gi|153 4190 4281 
145 390 gi|153 6275 6367 
1135 353 gi|153 17634 17843 
1119 251 gi|153 17666 17845 
1371 667 gi|153 20962 21087 
1085 599 gi|153 20977 21085 
1723 550 gi|153 20981 21095 
1766 607 gi|153 20983 21089 
559 449 gi|153 21089 21178 
1225 328 gi|153 21118 21177 
1735 1116 gi|153 22974 23104 
1768 280 gi|153 25418 25573 
1770 573 gi|153 25967 26336 
1439 339 gi|153 26337 26638 
1441 294 gi|153 26931 26997 
1125 336 gi|154 5141 5282 
533 581 gi|154 25509 25624 
1231 608 gi|155 28539 28627 
127 278 gi|155 28686 28758 
1796 1191 gi|155 39536 40551 
1798 407 gi|155 40592 40727 
1495 784 gi|156 24129 24253 
265 607 gi|156 24132 24252 
339 791 gi|156 24135 24250 
1776 337 gi|156 24137 24269 
421 482 gi|156 24139 24276 
1053 726 gi|156 24139 24273 
1772 280 gi|157 4256 4408 
527 418 gi|157 4382 4789 
1774 270 gi|157 4670 4769 
531 337 gi|157 4732 4789 
1477 907 gi|157 5784 6015 
1537 291 gi|157 5954 6015 
609 481 gi|157 13806 14040 
1545 261 gi|157 22932 22972 
1653 470 gi|158 677 818 
869 560 gi|158 689 818 
683 3133 gi|158 1023 1711 
775 3221 gi|158 1027 1705 
1721 382 gi|158 1334 1448 
1569 397 gi|158 1707 1762 
303 363 gi|158 1708 1762 
687 1648 gi|158 1758 1987 
773 1363 gi|158 1774 1987 
253 520 gi|158 1891 1986 
1499 328 gi|158 2915 2983 
1778 287 gi|159 12011 12134 
1697 293 gi|159 12013 12139 
1780 309 gi|159 12041 12139 
1659 275 gi|159 19619 19719 
1661 290 gi|159 19626 19720 
1029 250 gi|159 19655 19721 
1373 767 gi|159 27430 27535 
1083 803 gi|159 27437 27549 
1725 649 gi|159 27446 27539 
1767 607 gi|159 27446 27537 
1699 477 gi|159 27978 28689 
1701 330 gi|159 29301 29406 
1601 251 gi|159 39651 39798 
112 253 gi|16 13790 13872 
1782 1477 gi|160 5522 6444 
391 506 gi|160 5774 6143 
879 1222 gi|160 5829 6452 
27 401 gi|160 6180 6422 
23 387 gi|160 6480 6802 
881 1482 gi|160 6507 7676 
1784 338 gi|160 7226 7670 
1786 295 gi|160 7711 7882 
887 507 gi|160 7759 8045 
1209 1611 gi|160 17038 17705 
1683 2328 gi|161 14178 14970 
205 534 gi|161 23356 23652 
1257 398 gi|161 34041 34196 
1565 356 gi|161 34042 34164 
619 461 gi|161 34045 34203 
1593 611 gi|162 1496 1670 
1677 335 gi|162 1500 1605 
431 293 gi|162 1590 1670 
587 647 gi|162 16043 16186 
1762 703 gi|162 16056 16136 
1377 259 gi|162 17380 17478 
1741 280 gi|162 18964 19124 
1691 546 gi|162 19524 19723 
1631 871 gi|162 30111 30527 
53 356 gi|162 30235 30394 
49 401 gi|162 30374 30525 
1727 354 gi|162 36408 36951 
1729 372 gi|162 36624 36895 
1093 1343 gi|163 17052 17430 
491 444 gi|163 17352 17430 
1091 1102 gi|163 17474 17968 
1773 280 gi|163 22771 22917 
529 273 gi|163 23151 23259 
1775 270 gi|163 23197 23286 
1037 567 gi|163 25413 25523 
523 295 gi|163 25415 25503 
1169 384 gi|163 25437 25522 
1651 350 gi|163 25438 25532 
1769 280 gi|164 39062 39217 
1771 573 gi|164 39628 40000 
1788 1359 gi|165 535 1133 
223 940 gi|165 549 1070 
1790 1183 gi|165 557 1134 
1792 560 gi|165 13948 14129 
1511 1125 gi|165 25496 25688 
1693 1149 gi|165 25521 25687 
1794 1126 gi|165 25551 25687 
1781 309 gi|165 25568 25684 
1655 277 gi|165 26368 26504 
1203 1117 gi|165 28702 29158 
1395 331 gi|165 28786 28943 
1737 271 gi|165 28834 28994 
1201 596 gi|165 29634 29820 
289 4455 gi|166 1153 1698 
1489 6674 gi|166 1894 2599 
1479 424 gi|166 3384 3428 
1447 260 gi|166 13265 13443 
1751 264 gi|166 19960 20010 
1663 279 gi|166 25284 25361 
935 269 gi|167 8189 8229 
1789 1359 gi|168 2660 3233 
221 1030 gi|168 2688 3159 
1791 1183 gi|168 3909 4444 
219 826 gi|168 3942 4462 
1061 3995 gi|168 5208 5717 
1265 3838 gi|168 5214 5718 
817 776 gi|168 5214 5344 
943 26125 gi|168 5411 8516 
823 1418 gi|168 5470 5653 
837 692 gi|168 5639 5729 
1800 24084 gi|168 5696 8516 
1802 22444 gi|168 5906 8527 
811 828 gi|168 8492 8648 
1063 3854 gi|168 8511 9066 
1267 3584 gi|168 8516 9061 
945 2743 gi|168 8755 9061 
825 1418 gi|168 8814 8997 
839 635 gi|168 8983 9061 
1207 267 gi|168 15269 15397 
987 304 gi|168 19554 19627 
883 7382 gi|168 19605 20820 
1787 295 gi|168 19605 19769 
1785 338 gi|168 20362 20730 
979 1053 gi|168 20406 20613 
875 9228 gi|168 20831 22377 
25 441 gi|168 21662 22201 
1783 1477 gi|168 21702 22602 
389 2667 gi|168 22005 22393 
29 251 gi|168 22433 22559 
383 1428 gi|168 22466 22820 
653 623 gi|168 22493 22623 
1641 296 gi|168 22654 22809 
1311 251 gi|168 23058 23229 
1753 2224 gi|168 23489 23894 
1793 560 gi|168 24218 24398 
1633 312 gi|168 24499 24553 
1749 349 gi|168 24500 24558 
445 435 gi|168 30065 30260 
1299 1718 gi|169 789 1720 
1301 419 gi|169 1739 1832 
1617 274 gi|169 23646 23725 
691 955 gi|169 26555 26772 
1755 4640 gi|169 27110 29017 
0 1457 gi|17 13408 13644 
2 7894 gi|17 13943 14828 
1795 1126 gi|170 6731 6866 
1695 1136 gi|170 6740 6875 
1779 287 gi|170 6740 6868 
1515 1061 gi|170 6741 6889 
589 653 gi|170 12533 12622 
1763 703 gi|170 12533 12616 
1293 365 gi|170 25160 25209 
1764 305 gi|170 25169 25209 
1453 912 gi|170 32868 33942 
1355 790 gi|170 32895 33284 
117 554 gi|170 32972 33238 
1349 272 gi|170 33133 33255 
1351 373 gi|170 33613 33925 
1761 292 gi|170 33653 33926 
1361 627 gi|170 33728 34075 
1685 403 gi|170 38064 38135 
463 338 gi|170 38065 38142 
1291 387 gi|170 38067 38142 
281 340 gi|170 38067 38126 
263 260 gi|170 38081 38126 
1369 373 gi|170 38091 38267 
1687 666 gi|170 38108 38270 
467 600 gi|170 38112 38270 
259 542 gi|170 38144 38257 
1287 558 gi|170 38163 38276 
279 374 gi|170 38207 38280 
249 298 gi|171 12098 12335 
1543 517 gi|172 13932 14029 
1491 341 gi|172 13932 14014 
1475 271 gi|172 13933 14015 
1223 482 gi|172 14302 14403 
851 596 gi|172 14307 14516 
1123 271 gi|172 14309 14436 
563 421 gi|172 14429 14584 
1777 337 gi|172 14673 14794 
1497 419 gi|172 14677 14794 
337 486 gi|172 14677 14792 
423 453 gi|172 14677 14792 
1055 414 gi|172 14680 14808 
271 360 gi|172 14704 14793 
1295 276 gi|172 15288 15335 
1765 305 gi|172 15296 15335 
973 252 gi|172 16019 16096 
1799 407 gi|173 274 409 
1797 1191 gi|173 568 1566 
1503 330 gi|173 3162 3245 
1213 1533 gi|173 5249 6524 
1597 303 gi|173 6812 6901 
1803 22444 gi|173 6921 9574 
953 21594 gi|173 6921 9554 
1519 259 gi|173 14688 14719 
1501 627 gi|173 15130 15234 
951 37040 gi|173 15361 19731 
677 735 gi|173 15384 15610 
1521 4231 gi|173 15670 16178 
1523 2939 gi|173 16174 16644 
1801 24084 gi|173 16901 19731 
1539 560 gi|173 19779 19971 
1389 278 gi|173 33424 33552 
4 507 gi|18 978 1091 
6 548 gi|18 1381 1658 
8 395 gi|18 1406 1583 
10 551 gi|18 1410 1701 
12 397 gi|18 1436 1722 
14 471 gi|18 2565 2660 
16 676 gi|18 2668 2961 
573 435 gi|18 6905 6980 
18 369 gi|18 6916 7020 
20 401 gi|18 6924 7068 
3 7894 gi|18 7588 8496 
22 387 gi|18 10345 10676 
24 441 gi|18 19507 20042 
26 401 gi|18 19565 19807 
28 251 gi|18 20296 20421 
122 1561 gi|19 21460 21658 
874 9228 gi|2 1 1536 
876 2049 gi|2 1 379 
878 1222 gi|2 61 684 
880 1482 gi|2 1694 2841 
882 7382 gi|2 2320 3593 
884 1369 gi|2 2633 2789 
886 507 gi|2 3470 3770 
888 892 gi|2 3722 3874 
890 1090 gi|2 3741 3866 
892 1110 gi|2 4571 4729 
894 1917 gi|2 5251 5547 
898 1535 gi|2 6080 6427 
896 1233 gi|2 6080 6326 
900 383 gi|2 6080 6172 
902 981 gi|2 6081 6427 
904 1276 gi|2 6428 6604 
906 543 gi|2 6428 6576 
908 893 gi|2 6440 6606 
910 1409 gi|2 6767 7404 
912 352 gi|2 7005 7357 
914 1767 gi|2 7211 7708 
916 251 gi|2 7242 7383 
918 803 gi|2 7432 7694 
920 434 gi|2 7473 7706 
922 518 gi|2 7566 7693 
924 407 gi|2 16573 16707 
926 278 gi|2 21159 21260 
928 278 gi|2 21159 21260 
930 270 gi|2 21485 21640 
932 270 gi|2 21485 21640 
934 269 gi|2 22513 22553 
64 1896 gi|20 19901 20443 
66 402 gi|20 20271 20430 
68 789 gi|20 20433 20792 
70 976 gi|20 20470 20819 
72 282 gi|20 20535 20605 
74 339 gi|20 20579 20792 
76 558 gi|20 20601 20746 
78 607 gi|20 20628 20817 
80 334 gi|20 20684 20819 
82 343 gi|20 20896 20952 
84 298 gi|20 20896 20950 
86 264 gi|20 20899 20950 
88 264 gi|20 20899 20950 
90 312 gi|20 24989 25150 
92 257 gi|20 25742 25822 
94 256 gi|20 25970 26037 
96 592 gi|20 32244 32365 
98 348 gi|20 32259 32358 
100 297 gi|20 32274 32373 
633 2356 gi|20 33307 33614 
104 423 gi|20 33312 33614 
102 431 gi|20 33312 33604 
106 826 gi|20 38359 38559 
108 4244 gi|20 38584 39316 
110 1605 gi|20 39495 39859 
119 253 gi|21 28224 28448 
480 484 gi|22 6041 6419 
482 707 gi|22 6797 7058 
484 263 gi|22 22247 22371 
486 331 gi|22 22777 22990 
488 1589 gi|22 25520 25700 
490 444 gi|22 25551 25633 
492 466 gi|22 28817 28986 
494 306 gi|22 28853 28989 
923 518 gi|22 28853 28981 
541 515 gi|22 28861 28981 
496 304 gi|22 29077 29114 
498 499 gi|22 32226 32359 
500 262 gi|22 32226 32347 
502 397 gi|22 32825 32912 
328 322 gi|23 17485 17563 
330 949 gi|23 19591 19763 
417 896 gi|23 20278 20466 
332 1052 gi|23 20294 20472 
334 955 gi|23 20305 20466 
336 486 gi|23 20340 20466 
338 791 gi|23 20356 20470 
340 713 gi|23 20367 20466 
342 292 gi|23 21495 21801 
344 718 gi|23 21663 21801 
346 289 gi|23 21715 21788 
348 529 gi|23 22937 23039 
350 306 gi|23 22946 22996 
352 352 gi|23 22951 23028 
865 268 gi|23 23342 23426 
150 5498 gi|24 7942 8616 
87 264 gi|24 7942 7997 
152 281 gi|24 7942 7982 
154 956 gi|24 7943 8172 
156 390 gi|24 7943 8115 
861 426 gi|24 7963 8093 
158 425 gi|24 7964 8057 
160 646 gi|24 7975 8178 
162 1092 gi|24 10181 10407 
164 984 gi|24 10536 10882 
166 1062 gi|24 14465 14717 
168 1809 gi|24 14485 14718 
170 667 gi|24 14489 14685 
172 390 gi|24 14545 14717 
863 426 gi|24 14567 14697 
174 425 gi|24 14603 14696 
89 264 gi|24 14663 14718 
176 281 gi|24 14678 14718 
178 602 gi|24 32197 32468 
180 582 gi|24 32466 32826 
182 262 gi|24 37587 37719 
184 337 gi|25 10633 10802 
186 447 gi|25 29025 29232 
188 494 gi|25 29329 29431 
190 328 gi|25 30298 30510 
30 1815 gi|26 13414 13636 
32 1738 gi|26 13415 13636 
34 25032 gi|26 14316 17198 
36 13947 gi|26 14316 16094 
38 5523 gi|26 16082 16741 
40 3745 gi|26 16745 17198 
42 605 gi|26 26071 26482 
44 363 gi|26 26107 26240 
46 440 gi|26 26115 26356 
48 401 gi|26 33270 33418 
50 285 gi|26 33270 33381 
52 356 gi|26 33607 33771 
54 286 gi|26 33715 33839 
214 267 gi|27 9218 9372 
216 261 gi|27 14737 14848 
218 826 gi|27 17817 18347 
220 1030 gi|27 17845 18327 
222 940 gi|27 17852 18337 
224 508 gi|27 20809 21625 
226 366 gi|27 35785 35882 
228 1890 gi|27 37327 38030 
114 283 gi|28 39622 39905 
116 554 gi|28 39667 39934 
518 250 gi|30 9412 9471 
520 277 gi|30 9419 9540 
522 295 gi|30 9419 9488 
524 302 gi|30 9449 9549 
526 418 gi|30 13737 14196 
528 273 gi|30 13839 13947 
530 337 gi|30 19495 19552 
543 293 gi|30 20717 20791 
532 581 gi|30 20902 21013 
557 828 gi|30 21240 21386 
535 285 gi|30 21267 21338 
191 328 gi|31 924 1124 
250 633 gi|31 3089 3216 
771 574 gi|31 3089 3212 
252 520 gi|31 3118 3216 
254 457 gi|31 3345 3460 
256 477 gi|31 3346 3458 
258 542 gi|31 3347 3460 
471 662 gi|31 3349 3460 
260 627 gi|31 3366 3456 
262 260 gi|31 3412 3457 
264 607 gi|31 3448 3569 
266 579 gi|31 3448 3562 
415 458 gi|31 3451 3561 
270 360 gi|31 3459 3562 
268 711 gi|31 3459 3561 
341 713 gi|31 3459 3561 
272 310 gi|31 3564 3649 
274 299 gi|31 3565 3635 
276 268 gi|31 3565 3622 
278 374 gi|31 3572 3645 
280 340 gi|31 3575 3635 
282 2245 gi|31 4424 4713 
284 304 gi|31 5954 6067 
286 252 gi|31 5987 6076 
585 557 gi|31 11202 11353 
288 4455 gi|31 11348 11892 
290 503 gi|31 12045 12159 
395 3456 gi|31 12121 12664 
509 4673 gi|31 12122 12664 
829 4570 gi|31 12123 12664 
455 630 gi|31 12375 12593 
292 2117 gi|31 12418 12665 
441 253 gi|31 12610 12664 
294 1170 gi|31 12650 12834 
296 4527 gi|31 12792 13674 
365 536 gi|31 12840 13172 
298 293 gi|31 12878 13169 
300 665 gi|31 13033 13169 
302 363 gi|31 13115 13169 
304 500 gi|31 13581 13680 
306 464 gi|31 13752 13849 
310 987 gi|31 16846 16995 
308 1005 gi|31 16846 16983 
312 275 gi|31 16933 16995 
314 269 gi|31 20827 21082 
316 470 gi|31 20917 21073 
318 363 gi|31 23066 23174 
320 825 gi|31 27147 27241 
322 377 gi|31 37834 38012 
324 1902 gi|31 39724 40325 
326 664 gi|31 39926 40194 
660 388 gi|32 1924 2190 
297 4527 gi|32 2189 3064 
363 4653 gi|32 2686 3234 
662 281 gi|32 2985 3091 
295 1170 gi|32 3452 3636 
291 503 gi|32 3562 3694 
305 500 gi|32 4451 4549 
664 283 gi|32 4549 4657 
666 1271 gi|32 5134 5507 
668 403 gi|32 6478 6542 
670 385 gi|32 6493 6611 
672 287 gi|32 6493 6581 
674 284 gi|32 6522 6572 
678 683 gi|32 6562 6839 
676 735 gi|32 6562 6780 
369 1166 gi|32 7300 7610 
680 284 gi|32 7461 7737 
769 11008 gi|32 19201 20730 
779 385 gi|32 19305 19497 
682 3133 gi|32 19540 20180 
684 495 gi|32 19803 19903 
686 1648 gi|32 20166 20393 
251 633 gi|32 20295 20420 
473 11969 gi|32 24153 25623 
377 3475 gi|32 24412 25082 
688 2950 gi|32 24584 25026 
373 3722 gi|32 25060 25806 
690 955 gi|32 26112 26348 
644 1460 gi|33 15802 16064 
646 1465 gi|33 15828 16064 
133 1161 gi|33 15836 16081 
648 525 gi|33 15855 15989 
650 256 gi|33 16074 16111 
387 517 gi|33 16076 16192 
652 623 gi|33 16078 16192 
654 326 gi|33 16492 16558 
656 410 gi|33 16586 16754 
658 387 gi|33 16749 16952 
230 571 gi|34 8 208 
232 501 gi|34 21 211 
234 294 gi|34 383 498 
236 355 gi|34 2419 2516 
659 387 gi|34 5559 5776 
657 410 gi|34 6098 6279 
655 326 gi|34 6435 6500 
325 1902 gi|34 8169 8748 
238 1409 gi|34 8410 8970 
240 493 gi|34 8768 8959 
242 319 gi|34 9146 9225 
244 259 gi|34 9577 9722 
246 485 gi|34 10434 10577 
248 298 gi|34 35376 35581 
56 250 gi|35 20998 21091 
357 250 gi|35 29634 29801 
58 669 gi|35 29659 29808 
60 759 gi|35 29672 29785 
62 704 gi|35 29689 29786 
351 306 gi|36 5888 5938 
192 741 gi|37 2322 2451 
63 704 gi|37 2335 2436 
59 669 gi|37 24827 24979 
194 685 gi|37 24855 24965 
207 264 gi|37 33598 33694 
196 291 gi|37 34799 34861 
592 265 gi|38 2173 2420 
594 369 gi|38 2974 3140 
596 282 gi|38 3352 3440 
598 263 gi|38 18212 18474 
600 515 gi|38 27719 27869 
602 469 gi|38 27719 27861 
135 509 gi|38 27719 27858 
649 525 gi|38 27719 27858 
604 1227 gi|38 28247 28417 
606 970 gi|38 28247 28417 
873 258 gi|38 28945 29013 
608 481 gi|38 36973 37216 
610 460 gi|39 3378 3499 
612 520 gi|39 3862 3925 
583 1705 gi|39 4046 4436 
485 263 gi|39 13419 13546 
487 331 gi|39 13742 13963 
942 26125 gi|40 27114 30217 
948 2579 gi|40 27114 27421 
944 2743 gi|40 27114 27420 
946 2585 gi|40 27114 27420 
821 1483 gi|40 27173 27356 
835 708 gi|40 27342 27432 
950 37040 gi|40 27399 31754 
952 21594 gi|40 27603 30213 
954 2995 gi|40 30471 30941 
956 4205 gi|40 30937 31445 
679 683 gi|40 31445 31731 
511 2200 gi|40 31737 32000 
399 1609 gi|40 31746 32000 
831 2040 gi|40 31752 32000 
293 2117 gi|40 31753 32000 
443 278 gi|40 31754 31829 
451 464 gi|40 31804 32019 
797 1663 gi|40 35632 35994 
791 268 gi|40 35662 35742 
958 1757 gi|40 35667 35994 
960 1483 gi|40 35949 36454 
964 1715 gi|40 35995 36575 
962 1269 gi|40 35995 36328 
903 981 gi|40 36228 36568 
911 1409 gi|40 36634 37282 
966 674 gi|40 36884 37174 
968 397 gi|40 37133 37269 
921 434 gi|40 37400 37614 
970 461 gi|40 37404 37619 
537 414 gi|40 37406 37620 
497 304 gi|40 37407 37444 
495 306 gi|40 37478 37604 
972 252 gi|41 2233 2306 
974 560 gi|41 6149 6507 
976 7233 gi|41 6519 8255 
978 1053 gi|41 12230 12438 
885 1369 gi|41 12230 12387 
597 282 gi|41 13948 14036 
595 369 gi|41 14167 14330 
980 255 gi|41 34512 34753 
982 728 gi|41 39448 39878 
984 313 gi|41 39879 39957 
986 304 gi|42 2356 2435 
988 332 gi|42 2358 2406 
407 315 gi|42 16166 16263 
990 252 gi|42 34151 34418 
992 305 gi|43 7619 7891 
313 275 gi|44 21826 21883 
994 766 gi|44 21835 21940 
996 290 gi|44 24746 25002 
998 1193 gi|44 25123 25480 
1000 1158 gi|44 25130 25475 
1002 701 gi|44 25224 25527 
1004 267 gi|44 25285 25356 
1006 255 gi|44 29338 29443 
1008 324 gi|44 33056 33119 
1296 1097 gi|45 1 368 
1298 1718 gi|45 5482 6435 
1300 419 gi|45 6516 6608 
1302 2397 gi|45 17665 19377 
1304 273 gi|45 21948 22084 
1306 3319 gi|45 22782 23297 
1308 828 gi|45 24439 24561 
1310 251 gi|45 24687 24859 
1312 2568 gi|45 24984 25546 
1314 1371 gi|45 25010 25359 
1316 607 gi|45 25422 25546 
1318 554 gi|45 25902 25995 
1320 479 gi|45 25938 26004 
1322 705 gi|45 34510 34835 
1324 692 gi|45 34897 35632 
1326 796 gi|45 35628 36238 
1328 657 gi|45 38922 39272 
245 259 gi|45 39417 39562 
1330 2187 gi|45 39422 40325 
235 294 gi|45 39864 39978 
241 493 gi|45 40134 40325 
233 501 gi|45 40134 40324 
1230 608 gi|47 12510 12595 
1232 482 gi|47 21003 21282 
1234 364 gi|47 21154 21282 
1236 290 gi|47 21154 21282 
1238 260 gi|47 34544 34707 
1240 427 gi|47 34555 34721 
77 558 gi|47 34575 34726 
1242 433 gi|47 34601 34735 
1244 307 gi|47 34620 34722 
1074 322 gi|48 7200 7438 
217 261 gi|48 8208 8318 
1076 254 gi|48 8212 8324 
1078 311 gi|48 8214 8330 
1080 250 gi|48 8282 8324 
581 453 gi|48 23719 23868 
139 382 gi|48 23773 23867 
1010 303 gi|49 6260 6728 
1315 1371 gi|49 9982 10351 
1012 1919 gi|49 9984 10351 
111 1605 gi|49 10376 10738 
1014 507 gi|49 16569 16671 
349 529 gi|49 16570 16674 
623 1049 gi|49 27337 27461 
1016 314 gi|49 28220 28354 
599 263 gi|49 39279 39513 
198 284 gi|5 3653 3933 
200 496 gi|5 3932 4074 
202 1377 gi|5 4120 4903 
204 534 gi|5 8247 8543 
206 264 gi|5 8374 8470 
208 488 gi|5 30498 30627 
210 280 gi|5 30566 30707 
212 404 gi|5 31150 31252 
31 1815 gi|50 3751 3973 
1094 16397 gi|50 3752 5740 
1096 278 gi|50 3752 3898 
37 13947 gi|50 3973 5740 
1098 547 gi|50 5724 5792 
1100 5867 gi|50 5867 6548 
39 5523 gi|50 5867 6548 
1102 4000 gi|50 7468 7927 
41 3745 gi|50 7471 7924 
1104 270 gi|50 7804 7933 
1106 1116 gi|50 11053 11267 
1108 861 gi|50 11271 11405 
1239 260 gi|50 34985 35155 
1110 382 gi|50 34994 35220 
75 339 gi|50 34994 35210 
1112 613 gi|50 35026 35328 
1114 970 gi|50 35033 35328 
1116 325 gi|50 35062 35326 
1118 251 gi|50 35150 35322 
1120 280 gi|50 35172 35326 
847 301 gi|50 35450 35599 
1122 271 gi|50 35468 35585 
1124 336 gi|50 36844 36981 
1126 275 gi|50 36853 36959 
1319 554 gi|50 38340 38436 
1128 350 gi|50 38340 38400 
329 322 gi|51 8637 8710 
845 297 gi|51 8647 8783 
1272 288 gi|51 8713 8961 
345 718 gi|51 8939 9082 
1274 334 gi|51 8970 9086 
1276 302 gi|51 8972 9067 
1278 348 gi|51 20657 20729 
1280 267 gi|51 20662 21035 
1282 303 gi|51 21095 21158 
989 332 gi|51 21095 21146 
1284 1709 gi|51 31679 32195 
461 1963 gi|51 31813 32208 
1286 558 gi|51 32088 32201 
1288 323 gi|51 32088 32192 
261 627 gi|51 32088 32179 
1290 387 gi|51 32119 32195 
273 310 gi|51 32124 32208 
1292 365 gi|51 35156 35207 
1294 276 gi|51 35167 35215 
1220 264 gi|52 1012 1185 
1222 482 gi|52 7388 7495 
849 351 gi|52 7392 7462 
1224 328 gi|52 7444 7500 
1226 624 gi|52 8899 9414 
149 337 gi|52 8957 9118 
1228 258 gi|52 9007 9089 
47 440 gi|52 9183 9424 
107 826 gi|52 15163 15351 
165 984 gi|52 15351 15653 
109 4244 gi|52 15838 16578 
936 617 gi|53 26160 26386 
631 705 gi|53 26185 26551 
103 431 gi|53 26266 26552 
938 742 gi|53 26952 27226 
940 406 gi|53 29597 29675 
1200 596 gi|54 11411 11597 
1202 1117 gi|54 12105 12552 
1204 529 gi|54 12311 12492 
213 404 gi|54 14253 14341 
1206 267 gi|54 17280 17405 
287 252 gi|54 17732 17821 
1208 1611 gi|54 20760 21379 
227 366 gi|54 23951 24047 
1210 394 gi|54 27415 27488 
1212 1533 gi|54 27798 29062 
1214 623 gi|54 33933 34730 
1216 379 gi|54 35694 35959 
1218 373 gi|54 36072 36230 
995 766 gi|56 926 1034 
1332 286 gi|56 6545 6758 
285 304 gi|56 6856 6969 
1334 272 gi|56 6865 6993 
591 306 gi|56 6865 6965 
1336 261 gi|56 6880 7000 
1009 324 gi|56 11361 11418 
1338 716 gi|56 22694 22879 
1340 264 gi|56 24208 24293 
1342 431 gi|56 33350 33571 
1246 272 gi|57 5443 5555 
1248 256 gi|57 6199 6263 
1250 582 gi|57 38230 38687 
1252 252 gi|57 38543 38582 
1254 382 gi|57 39475 40065 
1138 748 gi|58 13647 13991 
1140 336 gi|58 13722 13923 
161 646 gi|58 13748 13966 
1142 546 gi|58 13748 13957 
171 667 gi|58 13748 13955 
857 360 gi|58 21209 21389 
1144 456 gi|58 21212 21433 
1146 468 gi|58 21218 21433 
1148 386 gi|58 21220 21319 
159 425 gi|58 21220 21319 
175 425 gi|58 21220 21319 
1150 304 gi|58 21377 21433 
1152 256 gi|58 21392 21434 
1154 378 gi|58 24910 25019 
1156 465 gi|58 25018 25232 
913 352 gi|58 25173 25521 
967 674 gi|58 25173 25473 
493 466 gi|58 25623 25796 
971 461 gi|58 25644 25876 
915 1767 gi|58 25649 26076 
539 974 gi|58 25663 25941 
969 397 gi|58 25907 26058 
1158 4366 gi|58 26057 26890 
897 1233 gi|58 26058 26303 
961 1483 gi|58 26067 26588 
1160 1940 gi|58 26214 26689 
1162 532 gi|58 26885 27037 
1164 1235 gi|58 27638 27894 
1313 2568 gi|58 27773 28352 
1013 1919 gi|58 27957 28317 
1166 369 gi|58 28352 28430 
1168 384 gi|58 30219 30305 
519 250 gi|58 30219 30293 
1170 472 gi|58 30222 30369 
1172 472 gi|58 30226 30369 
81 334 gi|58 30236 30371 
1174 311 gi|58 34363 34652 
1176 631 gi|58 34365 34694 
1178 1735 gi|58 34367 34984 
1180 397 gi|58 34371 34664 
1115 970 gi|58 34376 34675 
1182 325 gi|58 34388 34546 
1184 1609 gi|58 34500 35280 
69 789 gi|58 34502 34910 
1241 427 gi|58 34549 34707 
1186 834 gi|58 34626 34807 
1188 354 gi|58 35100 35196 
65 1896 gi|58 35115 35623 
1190 320 gi|58 35333 35453 
1192 1140 gi|58 35642 35866 
1194 511 gi|58 35703 36134 
1196 5110 gi|58 35823 36840 
1198 332 gi|58 36287 36411 
561 271 gi|58 37679 37754 
1082 803 gi|59 8148 8270 
1084 599 gi|59 8152 8245 
1088 631 gi|59 8157 8276 
1086 761 gi|59 8157 8255 
61 759 gi|59 12835 12955 
193 741 gi|59 12840 12969 
195 685 gi|59 12849 12961 
121 1222 gi|59 27925 28772 
1335 272 gi|59 35270 35410 
1090 1102 gi|59 37909 38393 
489 1589 gi|59 39236 39415 
1092 1343 gi|59 39303 39676 
534 285 gi|6 4190 4261 
536 414 gi|6 10245 10447 
538 974 gi|6 10260 10515 
919 803 gi|6 10260 10489 
540 515 gi|6 10267 10385 
542 293 gi|6 10832 10900 
544 1757 gi|6 11638 11986 
546 271 gi|6 11779 11958 
548 279 gi|6 12265 12328 
550 356 gi|6 21307 21747 
552 347 gi|6 21307 21719 
554 269 gi|6 22177 22327 
556 828 gi|6 23030 23195 
558 449 gi|6 32701 32802 
560 271 gi|6 32739 32812 
562 421 gi|6 33344 33515 
564 312 gi|6 33455 33514 
566 274 gi|6 36559 36637 
568 568 gi|6 37872 38719 
997 290 gi|60 15401 15659 
1256 398 gi|60 15513 15656 
617 265 gi|60 15523 15686 
1258 257 gi|60 15542 15689 
1260 263 gi|60 15607 15690 
225 508 gi|61 8912 9775 
1344 653 gi|61 12437 12679 
1346 260 gi|61 14692 14844 
1348 272 gi|61 15133 15252 
1350 373 gi|61 15931 16222 
1333 286 gi|61 18766 18981 
1352 557 gi|61 29914 30158 
1354 790 gi|61 29938 30274 
115 283 gi|61 29967 30196 
1356 472 gi|61 30533 30811 
1358 764 gi|61 30875 31361 
1360 627 gi|61 30878 31225 
1362 258 gi|61 30892 30959 
1364 333 gi|61 30940 31347 
593 265 gi|62 8837 9096 
1068 1180 gi|62 12631 12779 
311 987 gi|62 12654 12792 
1070 839 gi|62 19213 19323 
1072 2825 gi|62 19323 19706 
941 406 gi|62 19849 19953 
643 286 gi|63 5860 5891 
1177 631 gi|63 6123 6455 
1113 613 gi|63 6136 6455 
1130 281 gi|63 6145 6336 
1132 374 gi|63 6173 6461 
1134 353 gi|63 6270 6474 
1136 372 gi|63 6294 6437 
209 488 gi|63 9412 9542 
641 758 gi|63 9477 9758 
9 395 gi|64 565 769 
1005 267 gi|64 570 650 
1018 317 gi|64 571 785 
1020 293 gi|64 603 769 
1022 326 gi|64 799 907 
1024 958 gi|64 948 1074 
1026 971 gi|64 961 1077 
1028 250 gi|64 8413 8473 
215 267 gi|64 38169 38317 
1366 821 gi|65 5208 5466 
469 762 gi|65 5208 5445 
1368 373 gi|65 5252 5445 
255 457 gi|65 5310 5429 
1289 323 gi|65 5331 5445 
277 268 gi|65 5368 5427 
1370 667 gi|65 5675 5783 
1372 767 gi|65 5680 5783 
1374 645 gi|65 5692 5785 
1087 761 gi|65 5694 5785 
1376 259 gi|65 26466 26547 
917 251 gi|65 29910 30009 
1025 958 gi|66 8173 8295 
1390 873 gi|66 8186 8287 
627 460 gi|66 9264 9380 
1392 272 gi|66 35013 35069 
1030 266 gi|67 360 549 
1032 400 gi|67 1464 1933 
1034 357 gi|67 9166 9373 
1173 472 gi|67 9170 9311 
1036 567 gi|67 9231 9346 
521 277 gi|67 9251 9401 
925 407 gi|67 9273 9403 
963 1269 gi|67 9460 9792 
1038 1913 gi|67 9468 9954 
1161 1940 gi|67 9471 9954 
901 383 gi|67 9471 9565 
1040 395 gi|67 10264 10470 
1155 378 gi|67 10556 10664 
1167 369 gi|67 10581 10660 
525 302 gi|67 10947 11031 
1042 441 gi|67 13416 13558 
1044 337 gi|67 15968 16041 
1046 476 gi|67 16196 16602 
1181 397 gi|67 18469 18789 
79 607 gi|67 18469 18657 
1243 433 gi|67 18469 18599 
1048 417 gi|67 18490 18649 
1050 831 gi|67 24477 24677 
333 1052 gi|67 24485 24677 
413 741 gi|67 24505 24671 
1052 726 gi|67 24526 24670 
1054 414 gi|67 24551 24681 
269 711 gi|67 24571 24670 
1056 603 gi|67 24670 24965 
7 548 gi|67 24671 24995 
1058 588 gi|67 24671 24963 
1003 701 gi|67 24688 25012 
1021 293 gi|67 24791 24970 
1060 3995 gi|67 25061 25568 
1062 3854 gi|67 25064 25573 
815 711 gi|67 25066 25168 
1064 3638 gi|67 25067 25568 
947 2585 gi|67 25259 25568 
827 1347 gi|67 25318 25501 
841 656 gi|67 25487 25568 
1066 252 gi|67 32031 32102 
321 825 gi|68 16992 17088 
1027 971 gi|68 30400 30518 
1391 873 gi|68 30405 30506 
1378 337 gi|69 1239 1359 
1380 282 gi|69 1962 2035 
479 2968 gi|69 2620 3059 
689 2950 gi|69 2620 3059 
379 2443 gi|69 2622 3057 
579 494 gi|69 3101 3410 
1382 1673 gi|69 3612 3853 
647 1465 gi|69 3612 3846 
125 898 gi|69 3624 3859 
601 515 gi|69 3690 3835 
1384 427 gi|69 20979 21201 
439 270 gi|69 24481 24564 
501 262 gi|69 25312 25443 
1386 469 gi|69 25313 25478 
503 397 gi|69 25426 25514 
624 758 gi|7 302 715 
626 460 gi|7 442 552 
628 5514 gi|7 485 2946 
630 705 gi|7 867 1239 
632 2356 gi|7 943 1250 
634 328 gi|7 4129 4236 
636 636 gi|7 33364 34177 
638 941 gi|7 34182 34743 
640 758 gi|7 39306 39578 
211 280 gi|7 39308 39489 
642 286 gi|7 39545 39576 
1388 278 gi|70 15031 15191 
1 1457 gi|71 633 870 
729 727 gi|71 1403 1817 
699 796 gi|71 1848 1947 
715 801 gi|71 1848 1946 
809 754 gi|71 1848 1946 
763 847 gi|71 1849 1997 
755 960 gi|71 2078 2215 
767 847 gi|71 2214 2327 
711 725 gi|71 2215 2328 
1262 558 gi|71 2740 2827 
745 4812 gi|71 2836 3426 
735 1969 gi|71 3441 3742 
731 666 gi|71 4049 4288 
801 496 gi|71 4301 4422 
789 319 gi|71 4462 4504 
787 2231 gi|71 4490 4973 
725 1580 gi|71 6929 7866 
737 1985 gi|71 7881 8181 
743 5121 gi|71 8196 8792 
723 7930 gi|71 8785 9707 
803 1828 gi|71 10048 10421 
757 1675 gi|71 10061 10633 
709 1829 gi|71 10062 10632 
693 4124 gi|71 10062 10630 
781 558 gi|71 10412 10530 
717 2976 gi|71 10700 11051 
727 1073 gi|71 11338 12072 
707 4121 gi|71 12391 12888 
697 1901 gi|71 12393 13007 
765 1370 gi|71 12393 12585 
785 288 gi|71 12520 12687 
759 1711 gi|71 12613 12886 
807 1227 gi|71 12621 12887 
703 318 gi|71 13272 13513 
747 4812 gi|71 13605 14195 
739 1966 gi|71 14210 14509 
733 4610 gi|71 15821 16379 
719 2945 gi|71 16371 16702 
721 10077 gi|71 16703 17938 
749 4812 gi|71 20464 21054 
741 1950 gi|71 21069 21368 
705 1579 gi|71 22484 23086 
695 3963 gi|71 22487 23086 
761 1472 gi|71 22487 23084 
783 558 gi|71 22587 22705 
805 1644 gi|71 22697 23085 
713 251 gi|71 22973 23036 
701 334 gi|71 23467 23708 
645 1460 gi|71 24238 24498 
1383 1673 gi|71 24238 24476 
131 913 gi|71 24258 24476 
603 469 gi|71 24313 24444 
129 285 gi|71 24478 24534 
813 856 gi|71 24953 25059 
1264 3838 gi|71 24958 25441 
1065 3638 gi|71 24958 25440 
1266 3584 gi|71 24960 25440 
949 2579 gi|71 25131 25441 
819 1424 gi|71 25190 25376 
833 619 gi|71 25362 25441 
753 1792 gi|71 25683 25938 
1268 410 gi|71 26371 26462 
751 2382 gi|71 26479 26838 
1229 258 gi|71 33226 33307 
147 252 gi|71 33490 33652 
317 470 gi|71 33498 33654 
1253 252 gi|71 33694 33733 
1227 624 gi|71 34084 34587 
143 635 gi|71 34175 34643 
43 605 gi|71 34242 34641 
315 269 gi|71 34347 34624 
1270 253 gi|71 34508 34585 
571 257 gi|72 10944 11024 
45 363 gi|72 19615 19759 
1271 253 gi|72 19656 19733 
1396 531 gi|72 31556 31756 
1191 320 gi|73 6090 6219 
1205 529 gi|73 7320 7501 
1394 331 gi|73 7344 7501 
1069 1180 gi|74 21093 21237 
309 1005 gi|74 21112 21244 
1398 424 gi|74 26417 26482 
1400 372 gi|74 26419 26473 
1404 298 gi|74 26427 26490 
1402 297 gi|74 26427 26472 
1406 265 gi|74 26431 26473 
1408 298 gi|74 26432 26528 
113 253 gi|75 26526 26617 
1405 298 gi|75 32152 32207 
855 379 gi|75 32156 32430 
1410 272 gi|75 32159 32208 
1412 290 gi|75 32165 32208 
1414 407 gi|75 32204 32412 
1141 336 gi|75 32207 32416 
1416 479 gi|75 32229 32473 
157 390 gi|75 32237 32397 
173 390 gi|75 32237 32397 
1145 456 gi|75 32287 32470 
1418 258 gi|75 32413 32476 
993 305 gi|76 468 742 
1420 594 gi|76 473 924 
1422 301 gi|76 1049 1337 
1424 290 gi|76 1763 2026 
1426 385 gi|76 1923 2036 
1428 274 gi|77 10927 10991 
895 1917 gi|77 32132 32406 
893 1110 gi|77 32418 32576 
151 5498 gi|77 34151 34819 
169 1809 gi|77 34592 34819 
1430 912 gi|77 34594 34822 
1143 546 gi|77 34594 34786 
1415 407 gi|77 34628 34832 
859 436 gi|77 34674 34829 
1149 386 gi|77 34710 34797 
85 298 gi|77 34764 34822 
1432 304 gi|77 34779 34824 
1381 282 gi|78 12821 12903 
1434 538 gi|78 13674 13822 
905 1276 gi|78 13677 13850 
1436 815 gi|78 13689 13850 
183 262 gi|78 14308 14441 
449 426 gi|78 14650 14740 
1456 674 gi|79 2025 2314 
1458 1044 gi|79 2366 2749 
1460 255 gi|79 2815 2869 
1462 254 gi|79 3899 4081 
1464 493 gi|79 4539 4836 
1466 458 gi|79 5073 5249 
1468 535 gi|79 5479 5690 
1470 275 gi|79 17832 17930 
569 568 gi|79 32959 33809 
909 893 gi|79 34443 34599 
1437 815 gi|79 34445 34599 
1472 460 gi|79 34473 34599 
673 287 gi|79 34804 34911 
1474 271 gi|79 35140 35222 
1476 907 gi|79 35787 36018 
124 898 gi|8 17967 18204 
126 278 gi|8 17967 18036 
128 285 gi|8 17969 18029 
130 913 gi|8 17973 18197 
132 1161 gi|8 17990 18219 
134 509 gi|8 18007 18138 
136 457 gi|8 19930 20141 
138 382 gi|8 20014 20111 
140 362 gi|8 20131 20304 
142 635 gi|8 28932 29415 
144 390 gi|8 29865 29957 
146 252 gi|8 29980 30135 
148 337 gi|8 30233 30394 
1323 705 gi|80 861 1182 
1303 2397 gi|80 863 2546 
1325 692 gi|80 1179 1846 
1327 796 gi|80 1903 2560 
1546 310 gi|80 5042 5178 
1548 457 gi|80 18431 18526 
1297 1097 gi|80 28327 28695 
1550 491 gi|80 28705 29206 
1552 314 gi|80 30471 30806 
1554 355 gi|80 31415 31558 
1165 1235 gi|80 35037 35302 
1317 607 gi|80 35040 35161 
1041 395 gi|80 35153 35333 
1157 465 gi|80 35313 35542 
1163 532 gi|80 35344 35506 
1159 4366 gi|80 35665 36499 
141 362 gi|80 35676 35838 
1039 1913 gi|80 35869 36353 
965 1715 gi|80 36034 36606 
899 1535 gi|80 36254 36599 
567 274 gi|81 8890 8968 
1590 491 gi|81 17510 18089 
91 312 gi|81 18117 18279 
1516 842 gi|82 32247 32801 
1305 273 gi|82 36832 36969 
1081 250 gi|83 846 888 
1572 303 gi|83 7370 7478 
1015 507 gi|83 13570 13656 
353 352 gi|83 13571 13645 
1574 570 gi|83 14339 14517 
1576 1530 gi|83 14510 15099 
1578 586 gi|83 35195 35553 
1580 338 gi|83 35606 35694 
1582 596 gi|83 36110 36483 
1584 398 gi|83 36733 36988 
1556 962 gi|84 12629 13302 
1558 694 gi|84 12649 13257 
1560 438 gi|84 12817 13154 
1585 398 gi|86 18039 18297 
1583 596 gi|86 18622 19030 
1581 338 gi|86 19635 19722 
1579 586 gi|86 19830 20186 
1438 339 gi|87 1 303 
1440 294 gi|87 673 737 
1175 311 gi|87 15811 16092 
1133 374 gi|87 15827 16087 
1442 280 gi|87 15880 15977 
1444 284 gi|87 18314 18420 
1307 3319 gi|87 21950 22451 
1309 828 gi|87 23159 23289 
1269 410 gi|87 25334 25425 
1263 558 gi|87 25334 25422 
1517 842 gi|88 30621 31165 
1259 257 gi|88 31309 31505 
1562 275 gi|88 31311 31418 
1564 356 gi|88 31345 31488 
1573 303 gi|89 2023 2133 
1586 434 gi|89 27028 27399 
1588 264 gi|89 27548 27708 
424 304 gi|9 4175 4397 
426 298 gi|9 5148 5672 
428 320 gi|9 20795 20900 
430 293 gi|9 20818 20898 
432 288 gi|9 22068 22587 
434 261 gi|9 23209 23277 
639 941 gi|9 34572 35125 
637 636 gi|9 35252 36098 
436 273 gi|9 36551 36609 
438 270 gi|9 36552 36635 
444 435 gi|9 36554 36785 
442 278 gi|9 36554 36635 
440 253 gi|9 36554 36609 
446 584 gi|9 36631 36890 
448 426 gi|9 36661 36746 
450 464 gi|9 36670 36854 
452 582 gi|9 36697 36890 
454 630 gi|9 36697 36890 
456 630 gi|9 36697 36890 
458 267 gi|9 36705 36890 
460 1963 gi|9 37008 37408 
462 338 gi|9 37022 37100 
464 1932 gi|9 37023 37408 
466 600 gi|9 37024 37192 
468 762 gi|9 37027 37252 
470 662 gi|9 37036 37145 
472 11969 gi|9 37696 39176 
474 2716 gi|9 37696 38268 
476 3556 gi|9 38246 38913 
478 2968 gi|9 38302 38744 
1610 481 gi|90 4028 4122 
515 2119 gi|90 30135 30545 
517 3473 gi|90 30501 31133 
1612 252 gi|90 31159 31275 
1614 358 gi|90 31212 31277 
283 2245 gi|91 3369 3662 
661 388 gi|92 7107 7374 
665 283 gi|92 7277 7387 
1592 611 gi|92 7370 7538 
1594 370 gi|92 7374 7466 
429 320 gi|92 7445 7540 
1596 303 gi|92 7453 7538 
615 262 gi|92 9631 9760 
1563 275 gi|92 9634 9741 
1261 263 gi|92 9651 9744 
1079 311 gi|92 10628 10744 
1598 311 gi|92 10637 10816 
1600 251 gi|92 27648 27788 
1602 263 gi|92 35645 35807 
1518 259 gi|93 2663 2694 
1520 4231 gi|93 3462 3968 
957 4205 gi|93 3462 3968 
1522 2939 gi|93 4263 4697 
955 2995 gi|93 4263 4697 
1427 385 gi|93 25587 25700 
1423 301 gi|93 26339 26643 
1421 594 gi|93 26715 27171 
1524 303 gi|93 34986 35144 
179 602 gi|94 2614 2893 
181 582 gi|94 2963 3314 
1482 33352 gi|94 5956 9742 
1469 535 gi|94 20229 20517 
1467 458 gi|94 20640 20801 
1465 493 gi|94 21048 21370 
1463 254 gi|94 21964 22148 
1461 255 gi|94 23312 23366 
1459 1044 gi|94 23542 23925 
1457 674 gi|94 24037 24362 
1484 333 gi|94 30967 31187 
1486 261 gi|94 31896 31990 
1488 6674 gi|94 38836 39541 
57 250 gi|95 33387 33488 
1195 511 gi|96 5249 5685 
1566 351 gi|96 5310 5518 
405 534 gi|96 5495 5648 
301 665 gi|96 6659 6787 
1568 397 gi|96 6733 6788 
1570 347 gi|96 15896 16022 
1604 554 gi|97 2043 2359 
675 284 gi|98 3210 3263 
1540 396 gi|98 3496 3596 
1542 517 gi|98 3497 3589 
1544 261 gi|98 12461 12499 
1127 275 gi|99 245 354 
1530 254 gi|99 13088 13244 
1532 1127 gi|99 28059 28210 
1575 570 gi|99 28465 28665 
1577 1530 gi|99 28716 29353 
1534 270 gi|99 29327 29388 
1536 291 gi|99 29424 29485 
611 460 gi|99 30519 30628 
1538 560 gi|99 32007 32228 
1611 481 gi|99 32114 32232 
