#  fam    ele   dir  sequence    start     end
     1      1  1       gi|1    21775    22001 
     1    297  1     gi|145    24393    24628 
     2      2  1       gi|1    22570    23249 
     2    298  1     gi|145    24677    25326 
     2    723  1     gi|205    12553    12639 
     3      3  1       gi|1    24653    25195 
     3    278 -1     gi|142    36888    37164 
     3    299  1     gi|145    25283    25831 
     4      4  1       gi|1    25887    26289 
     4    290 -1     gi|144     7433     7855 
     4    728 -1     gi|206    15143    15317 
     5      5  1       gi|1    26476    26648 
     5    977  1       gi|4    21001    21174 
     5   1411  1     gi|130    31591    31764 
     5   1413  1      gi|49    23224    23372 
     5   1416 -1      gi|93    31170    31343 
     5   1412  1     gi|183    10104    10194 
     5    708  1     gi|202    33144    33259 
     6      6  1       gi|1    26649    26730 
     6    925 -1      gi|35    12313    12493 
     7      7  1       gi|1    26863    27007 
     7   1418  1      gi|68    22719    23133 
     7    937 -1      gi|35    37463    37864 
     7   1421 -1      gi|35    11959    12379 
     8      8  1       gi|1    27022    27153 
     8    328  1     gi|149    13034    13153 
     8    812  1     gi|222     6968     7103 
     8   1023  1      gi|49     1506     1627 
     8   1137  1      gi|66     5545     5680 
     8    857  1     gi|227    32930    33029 
     8    793 -1     gi|217     1706     1762 
     9      9  1       gi|1    28095    28324 
     9    300  1     gi|145    25816    26047 
    10     10  1       gi|1    36176    36272 
    10   1042 -1       gi|5    17338    17434 
    11     11  1      gi|10    11677    11720 
    11    861  1     gi|228    31232    31632 
    11    765  1     gi|212     1968     2129 
    11    821 -1     gi|222    29530    29899 
    11    849  1     gi|227    15701    16063 
    11    210 -1      gi|13    13061    13168 
    11   1422 -1      gi|10    24498    24687 
    11   1361  1      gi|92    20832    20917 
    12     12  1      gi|10    21738    22004 
    12   1054  1      gi|52    12327    12593 
    13     13  1      gi|10    23831    23939 
    13    332 -1     gi|149    23066    23174 
    14     15  1      gi|10    24745    24819 
    14   1424 -1      gi|11    36685    36828 
    14     92 -1     gi|114    31787    31859 
    14   1239  1      gi|75    31975    32020 
    14   1425  1       gi|7    24653    24740 
    14   1426  1     gi|145    33994    34304 
    14   1050  1      gi|52     8300     8493 
    14   1576 -1     gi|142    39214    39410 
    14   1577 -1     gi|147    33999    34204 
    15     16  1     gi|100     5907     5941 
    15    756 -1     gi|211     6821     7211 
    15    996 -1      gi|43    15688    15940 
    15   1428  1     gi|218    17502    17705 
    15   1427  1     gi|218    17437    17501 
    15   1000  1      gi|44     2486     2592 
    16     18  1     gi|101     7806     7956 
    16    809 -1     gi|221    24622    24765 
    17     19  1     gi|101    12797    12902 
    17   1064 -1      gi|53    13121    13234 
    18     20  1     gi|101    36022    36101 
    18   1055 -1      gi|52    18166    18238 
    19     21  1     gi|101    39055    39228 
    19    942  1      gi|37    28538    28710 
    20     22  1     gi|102     2448     2606 
    20   1098 -1      gi|56    36072    36230 
    21     23  1     gi|102     2808     3077 
    21   1097 -1      gi|56    35694    35959 
    22     24  1     gi|102     4053     4877 
    22   1096 -1      gi|56    33933    34730 
    23     25  1     gi|102     8272     8526 
    23   1229  1      gi|75    18579    18835 
    23    928  1      gi|35    25412    25475 
    23    929  1      gi|35    25601    25714 
    24     26  1     gi|102     8606     8777 
    24    683 -1     gi|200    18970    19147 
    25     27  1     gi|102    26111    26237 
    25    983 -1      gi|41    19618    19719 
    25   1026  1      gi|49     7564     7653 
    26     28  1     gi|102    27679    27834 
    26   1322  1      gi|86    26157    26325 
    27     29  1     gi|103    25520    25652 
    27    943 -1      gi|38        1      409 
    27    474  1     gi|173        1     1653 
    27     30  1     gi|103    26180    26302 
    27     31  1     gi|103    26376    26543 
    27    358 -1     gi|153    39012    40324 
    27    608  1     gi|186     9917    10002 
    27    605  1     gi|186      383      498 
    28     32  1     gi|103    33369    33478 
    28   1101  1      gi|58     6352     6465 
    29     33  1     gi|103    33713    33810 
    29   1102  1      gi|58     6709     6806 
    30     34  1     gi|104     1565     1654 
    30   1256 -1      gi|78     8313     8414 
    31     35  1     gi|104    22654    22744 
    31    735 -1     gi|206    24609    24681 
    31   1247  1      gi|77     2630     2718 
    32     36  1     gi|104    35002    35092 
    32   1347 -1       gi|9     3439     3529 
    33     37  1     gi|104    37027    37166 
    33    194 -1     gi|128      604      800 
    33    825  1     gi|225    25575    25746 
    33   1160  1      gi|67    29238    29321 
    33   1435 -1     gi|188    24906    25068 
    33    321 -1     gi|149     3275     3346 
    34     38  1     gi|104    37361    37479 
    34    557  1     gi|178    14774    14892 
    35     39  1     gi|104    37480    38897 
    35    558  1     gi|178    14948    16497 
    36     40  1     gi|104    39190    39280 
    36    559  1     gi|178    16793    16886 
    37     41  1     gi|105    12974    13081 
    37    338  1     gi|150     2261     2368 
    38     42  1     gi|105    13245    13697 
    38    339  1     gi|150     2429     2862 
    39     43  1     gi|105    28600    28675 
    39    224  1     gi|133    27749    27826 
    39    225  1     gi|133    28267    28333 
    39    226  1     gi|133    28535    28611 
    40     44  1     gi|106    30658    30752 
    40    757 -1     gi|211    10489    10585 
    41     45  1     gi|106    31002    31131 
    41   1330 -1      gi|87    39837    39963 
    42     46  1     gi|107    14839    14978 
    42    873 -1      gi|25    32655    32799 
    43     47  1     gi|107    16925    17779 
    43    203 -1     gi|129    32436    32952 
    43    880  1      gi|27    31293    32064 
    43   1408  1      gi|99    32108    33152 
    43    743  1     gi|207    36077    36379 
    43     48  1     gi|107    17780    17933 
    43   1341  1      gi|89     6141     6338 
    43    713 -1     gi|203    22302    22834 
    43     85  1     gi|114    23987    24078 
    43   1073 -1      gi|54     6026     6192 
    44     49  1     gi|107    20581    20626 
    44    737  1     gi|206    28946    28986 
    45     50  1     gi|108      168      239 
    45    960  1      gi|39     7565     7637 
    46     51  1     gi|109    10808    10941 
    46    724 -1     gi|205    18620    18827 
    46    759 -1     gi|211    19393    19514 
    47     52  1     gi|109    11716    11848 
    47    597  1     gi|184     7295     7423 
    48     53  1     gi|109    16197    17349 
    48    446 -1      gi|17        1     1210 
    48    856 -1     gi|227    31427    32562 
    48   1215  1      gi|75      456     1130 
    49     54  1     gi|109    17982    20694 
    49    846  1     gi|227     7803    10515 
    49    853  1     gi|227    19662    21174 
    49     61  1     gi|109    29655    31705 
    50     55  1     gi|109    21058    21126 
    50    848  1     gi|227    10812    10880 
    51     56  1     gi|109    21471    22502 
    51    860 -1     gi|227    33890    34906 
    52     57  1     gi|109    24844    25020 
    52    240 -1     gi|136    32113    32227 
    52    691  1     gi|200    25726    25877 
    53     58  1     gi|109    26479    26777 
    53    692  1     gi|200    27173    27508 
    54     59  1     gi|109    26720    27196 
    54    693  1     gi|200    27725    27920 
    54   1232  1      gi|75    24444    24938 
    55     60  1     gi|109    27385    27987 
    55    694  1     gi|200    28110    28401 
    55    695  1     gi|200    28517    28616 
    55   1233  1      gi|75    25128    25692 
    56     62  1     gi|109    36418    36509 
    56    663 -1     gi|199    13645    13738 
    57     63  1      gi|11     5369     5569 
    57    596 -1     gi|183    34606    34806 
    58     64  1      gi|11     5688     7448 
    58    595 -1     gi|183    32853    34564 
    58     65 -1      gi|11     9493    10191 
    58     66 -1      gi|11    10667    11141 
    59     67  1      gi|11    16128    16188 
    59    828  1     gi|226     3059     3122 
    59    829  1     gi|226     3170     3230 
    59    830  1     gi|226     3246     3305 
    60     68  1      gi|11    16346    16511 
    60    831  1     gi|226     3348     3508 
    61     70  1     gi|110     4725     4875 
    62     71  1     gi|110    19164    19239 
    62    745 -1     gi|208      369      454 
    63     72  1     gi|111        1     1711 
    63    457  1     gi|170     1252     4109 
    63   1274 -1       gi|8    26087    28408 
    63     94 -1     gi|116    18234    19202 
    63    961 -1      gi|39     8034     8801 
    63    962 -1      gi|39     8802     9735 
    64     73  1     gi|111    35963    36561 
    64    155  1      gi|12    37961    38040 
    64    165 -1     gi|121    35664    35760 
    64    501  1     gi|174     7580     8073 
    64   1359  1      gi|91    23282    23550 
    65     74  1     gi|111    38307    38411 
    65    660 -1     gi|198    29705    29817 
    66     75  1     gi|112    33039    33099 
    66    669 -1     gi|199    27321    27387 
    67     76  1     gi|112    35470    35545 
    67   1125  1      gi|63    29366    29439 
    68     77  1     gi|113     1008     1137 
    68   1302  1      gi|82    19649    19774 
    69     78  1     gi|113     1331     1555 
    69    593 -1     gi|183    10191    10512 
    69    535  1     gi|176    34278    34655 
    70     79  1     gi|113     1841     1965 
    70    536  1     gi|176    34877    35005 
    71     80  1     gi|113     1976     2407 
    71    659 -1     gi|198    17254    17558 
    71    826  1     gi|225    26293    26464 
    71   1327  1      gi|87    24387    24605 
    72     81  1     gi|114     2492     2796 
    72    881  1      gi|28    16329    16745 
    72    997  1      gi|43    25546    25837 
    73     82  1     gi|114     4632     4890 
    73   1346 -1       gi|9     2935     3093 
    73   1436  1      gi|28    18192    18439 
    73    998  1      gi|43    27011    27184 
    73   1438  1       gi|5    30962    31072 
    74     83  1     gi|114     9582     9707 
    74   1387 -1      gi|97    19040    19165 
    75     84  1     gi|114    10783    10866 
    75   1368  1      gi|93    16287    16370 
    76     86  1     gi|114    24146    24265 
    76    394  1      gi|16     9415     9518 
    77     87  1     gi|114    26248    27650 
    77    141  1      gi|12     7811     9190 
    78     88  1     gi|114    27630    27797 
    78    778  1     gi|214    32805    33012 
    78   1217 -1      gi|75     2114     2283 
    78   1410 -1      gi|99    35433    35576 
    78    906  1      gi|33     8634     8826 
    78    149 -1      gi|12    18871    19012 
    78    199  1     gi|129     1082     1285 
    78    209 -1      gi|13    12963    13065 
    79     89  1     gi|114    28892    28967 
    79    401  1     gi|160    19665    19740 
    80     90  1     gi|114    31025    31109 
    80    824 -1     gi|225    21939    22034 
    80    184  1     gi|125    37111    37152 
    81     91  1     gi|114    31234    31344 
    81    185  1     gi|125    38183    38293 
    82     93  1     gi|116    17252    17400 
    82    568 -1      gi|18    10251    10386 
    82    865 -1      gi|24     8223     8346 
    82    868 -1      gi|25    10703    10773 
    83     96  1     gi|116    19708    20066 
    83   1134 -1      gi|66       98     1485 
    83    970  1      gi|39    21418    23211 
    83   1450  1     gi|116    20062    20138 
    83   1145 -1      gi|66    16512    17091 
    83   1172  1      gi|69        1       83 
    84     98  1     gi|116    20092    22338 
    84   1445  1      gi|39    23208    25684 
    85     99  1     gi|117    28186    28351 
    85    439 -1     gi|169     1394     1540 
    86    100  1     gi|117    28539    29145 
    86    637 -1     gi|192    33098    33736 
    86    808  1     gi|221        1      497 
    87    104  1     gi|118     7066     7489 
    87    488  1     gi|173    25336    29476 
    87    114 -1     gi|118    17313    19846 
    87    515 -1     gi|175    32194    33485 
    87   1186 -1      gi|72    21511    22262 
    87   1494  1      gi|72        1     6638 
    87   1498 -1     gi|175    33487    33620 
    87    480  1     gi|173    18577    19476 
    87    527 -1     gi|175    39490    39575 
    87    118 -1     gi|118    24341    28794 
    87    493  1     gi|173    35872    36274 
    87    494  1     gi|173    36273    36541 
    87    496  1     gi|173    37445    38087 
    87   1496  1     gi|118    28791    33809 
    87   1500  1     gi|173    36541    37445 
    87    128  1      gi|12        1      192 
    87    490  1     gi|173    29968    33036 
    87    498  1     gi|173    38418    40221 
    87    520  1     gi|175    34638    34884 
    87    157  1     gi|120     6923     7034 
    87    135  1      gi|12     4196     4931 
    87    117 -1     gi|118    23736    24497 
    87    120  1     gi|118    33809    34806 
    87    134  1      gi|12     2420     4199 
    87    526  1     gi|175    38583    39486 
    87   1497  1     gi|118    38515    39424 
    87    518 -1     gi|175    33832    34095 
    87    514 -1     gi|175    31084    32210 
    87   1499  1     gi|173    24303    24852 
    88    105  1     gi|118     9802    10165 
    88    478 -1     gi|173    17925    18288 
    89    106  1     gi|118    10847    11081 
    89    511 -1     gi|175    28549    28785 
    90    111  1     gi|118    14106    14710 
    90    344  1     gi|150    20838    21441 
    91    112  1     gi|118    14724    14828 
    91    719 -1     gi|205    10738    10842 
    92    115  1     gi|118    19816    19880 
    92   1548  1     gi|173    24955    25288 
    92   1547 -1      gi|12     2090     2422 
    92   1550 -1     gi|175    36085    36412 
    92    499 -1     gi|173    40220    40388 
    92   1542 -1     gi|173    20573    20904 
    93    116  1     gi|118    19875    23737 
    93    529 -1     gi|175    40081    40169 
    93   1515  1      gi|72     6631    11731 
    93   1520  1      gi|72    17563    21058 
    93   1523 -1     gi|173    22289    24307 
    93   1536  1      gi|72    12275    17323 
    93    136 -1      gi|12     4932     5188 
    93    522  1     gi|175    35409    35903 
    93   1544  1     gi|118    34806    38141 
    93    491 -1     gi|173    33029    35368 
    93   1534 -1     gi|118    12178    12336 
    93    124  1     gi|118    39668    39998 
    93   1532  1     gi|175    29418    30569 
    93   1187  1      gi|72    22211    22542 
    93    132 -1      gi|12     1855     2002 
    94    125  1     gi|119      525      666 
    94   1216 -1      gi|75     1429     1553 
    95    126  1     gi|119    32893    33475 
    95   1351  1       gi|9    12028    12592 
    96    127  1     gi|119    33686    33744 
    96   1352  1       gi|9    12776    12849 
    97    129  1      gi|12      174      955 
    97   1510  1     gi|173    29477    29966 
    97   1511 -1     gi|175    30574    31083 
    97   1512 -1     gi|175    34095    34586 
    97   1514  1      gi|72    23421    23911 
    97   1516  1      gi|72    11731    12220 
    97   1521  1      gi|72    21058    21546 
    97   1522 -1     gi|173    21800    22287 
    97   1525  1     gi|173    35823    36037 
    97   1524  1     gi|173    35336    35822 
    97   1533 -1     gi|118    11890    12163 
    97   1545  1     gi|118    38150    38527 
    97   1508 -1      gi|12     5559     5749 
    97   1519  1      gi|72    17323    17567 
    97   1552  1     gi|118    39428    39668 
    97   1553 -1      gi|12     5188     5479 
    97   1509  1      gi|12     9309     9634 
    97   1531  1     gi|175    29098    29417 
    97   1517  1      gi|72    12222    12340 
    97    139  1      gi|12     7237     7415 
    97   1507 -1      gi|12     5480     5559 
    98    130  1      gi|12      709     1366 
    98   1188  1      gi|72    22426    23427 
    99    138  1      gi|12     5754     6985 
    99    707  1     gi|202    32091    32213 
    99    785  1     gi|215    29025    35893 
    99    293 -1     gi|144    19508    26350 
    99    269  1     gi|140    37696    39176 
    99    792 -1     gi|217     1024     1709 
    99    794 -1     gi|217     1758     1986 
    99   1369 -1      gi|93    30735    30841 
    99    729  1     gi|206    15698    16417 
    99    730  1     gi|206    16728    17390 
    99    320  1     gi|149     3089     3215 
   100    140  1      gi|12     7336     7709 
   100    481  1     gi|173    19477    20013 
   100    521  1     gi|175    34883    35408 
   100    142  1      gi|12     9155     9301 
   100    643  1     gi|193    34969    35058 
   101    144  1      gi|12     9692     9837 
   101   1482  1      gi|33     9978    10203 
   101    866  1      gi|25     4608     4698 
   102    145  1      gi|12     9794     9979 
   102   1472  1     gi|118     5231     5786 
   102    528 -1     gi|175    39577    40078 
   102   1459 -1      gi|66    10089    10645 
   102   1462 -1      gi|72    23990    24513 
   102   1463  1      gi|72    24651    25151 
   102   1484 -1      gi|73     1641     2162 
   102   1486 -1      gi|73    12525    13047 
   102   1487  1       gi|8    35077    35600 
   102   1489  1      gi|35    29615    30137 
   102   1455 -1     gi|118        2       91 
   102   1471  1     gi|118     2031     2449 
   102   1473 -1     gi|118    11331    11888 
   102   1491  1      gi|67    29494    29984 
   102   1278 -1       gi|8    31235    31441 
   102    147  1      gi|12    10509    10588 
   102   1475  1     gi|173    17518    17598 
   102   1492  1      gi|67    29987    30018 
   103    148  1      gi|12    10600    10734 
   103   1301 -1      gi|82    19569    19695 
   104    150  1      gi|12    24118    24318 
   104    587  1     gi|182    14304    14516 
   104    158  1     gi|121     7388     7495 
   104    634  1     gi|192    19798    19870 
   105    151  1      gi|12    26247    26482 
   105   1141 -1      gi|66    10726    10967 
   105   1168 -1      gi|68    23660    23752 
   105    767  1     gi|212     3877     3906 
   106    152  1      gi|12    32897    33096 
   107    153  1      gi|12    33073    33240 
   107    366  1     gi|154    23342    23426 
   107    791 -1     gi|217      689      818 
   108    154  1      gi|12    33941    34730 
   108    562 -1     gi|178    36685    37464 
   109    156  1     gi|120     2878     3051 
   109   1133  1      gi|65    34244    34426 
   110    159  1     gi|121     9008     9415 
   110    244 -1     gi|138    15520    15988 
   110    505  1     gi|174    36576    36955 
   110    331 -1     gi|149    20863    21064 
   110    658 -1     gi|197    26115    26588 
   111    160  1     gi|121    15163    15351 
   111    571  1      gi|18    23017    23217 
   112    161  1     gi|121    15495    15619 
   112    277 -1     gi|142    36490    36618 
   113    162  1     gi|121    15751    15837 
   113    816 -1     gi|222    20962    21051 
   113    666 -1     gi|199    15725    15815 
   114    163  1     gi|121    15841    16578 
   114    281  1     gi|143     3531     3775 
   114    572  1      gi|18    23194    23974 
   114    789  1     gi|216    37915    38234 
   115    164  1     gi|121    17352    17995 
   115    425  1     gi|164    30786    31448 
   115    556 -1     gi|178    14565    14657 
   116    166  1     gi|122    18655    19998 
   116   1119 -1      gi|62     8383     9742 
   117    167  1     gi|122    24552    24720 
   117    888 -1      gi|29     8020     8184 
   118    168  1     gi|123        9      339 
   118   1323 -1      gi|86    34764    34878 
   118   1375  1      gi|94    16553    16864 
   118    567  1      gi|18    10022    10290 
   119    169  1     gi|123      277      420 
   119    189  1     gi|126    36352    36523 
   120    170  1     gi|123      832      905 
   120   1376  1      gi|94    17141    17498 
   120   1354 -1       gi|9    25873    26243 
   121    171  1     gi|123     7343     7478 
   121    627  1      gi|19    24476    24616 
   121    914  1      gi|34     2023     2133 
   121    211 -1     gi|130     7118     7234 
   122    172  1     gi|123    13570    13656 
   122    452  1      gi|17    16569    16672 
   122    316 -1     gi|147    34322    34389 
   122    365 -1     gi|154    22937    23039 
   123    173  1     gi|123    14307    15051 
   123    766 -1     gi|212     2119     2936 
   124    174  1     gi|123    26900    27022 
   124    284 -1     gi|143    14741    14861 
   124    434 -1     gi|166    24163    24280 
   125    175  1     gi|123    35195    35553 
   125    895 -1       gi|3    19830    20186 
   126    176  1     gi|123    35606    35694 
   126    894 -1       gi|3    19635    19722 
   127    177  1     gi|123    36110    36483 
   127    893 -1       gi|3    18622    19030 
   128    178  1     gi|123    36733    36988 
   128    892 -1       gi|3    18039    18297 
   129    179  1     gi|124     1969     2051 
   129    454  1      gi|17    38093    38180 
   130    180  1     gi|124    17900    18139 
   130    668 -1     gi|199    20292    20538 
   131    181  1     gi|124    18308    19157 
   131    783 -1     gi|215    16208    17066 
   132    182  1     gi|124    19422    19486 
   132    782 -1     gi|215    15887    15957 
   133    183  1     gi|125    21460    21658 
   133    294 -1     gi|145     8819     9020 
   134    186  1     gi|126     2947     3000 
   134    642 -1     gi|193    34406    34459 
   135    187  1     gi|126     3226     4850 
   135    628  1     gi|190     6867     8493 
   136    188  1     gi|126    35916    36107 
   136    864  1      gi|24     7826     8022 
   136    867  1      gi|25    10217    10415 
   137    190  1     gi|126    36878    36986 
   137    234  1     gi|135    34598    34730 
   138    191  1     gi|127     2358     2406 
   138    911  1      gi|33    21095    21316 
   138    953  1      gi|39      922     1035 
   138   1070 -1      gi|53    19712    20051 
   138    955 -1      gi|39     1417     1651 
   139    192  1     gi|127    16164    16441 
   139    736  1     gi|206    24713    24812 
   139   1111  1       gi|6    24906    25159 
   140    193  1     gi|127    33390    33514 
   140   1316  1      gi|84    12335    12459 
   141    195  1     gi|128     8820     9000 
   141   1393  1      gi|97    33863    34292 
   141    252 -1      gi|14    16824    17551 
   141    196  1     gi|128     9209     9885 
   141   1391 -1      gi|97    31935    32159 
   142    197  1     gi|128    30694    30790 
   142    382  1     gi|158    30771    30860 
   143    198  1     gi|128    35135    35324 
   143   1213 -1      gi|74     9562     9754 
   144    200  1     gi|129     1211     1403 
   144    847  1     gi|227    10533    10808 
   144    907  1      gi|33     8734     9092 
   145    201  1     gi|129    23255    23304 
   145   1563  1      gi|21    35823    35899 
   145    534 -1     gi|176    31122    31197 
   145   1564 -1      gi|56    23933    24010 
   146    202  1     gi|129    30884    31478 
   146    356  1     gi|153    22784    25870 
   146    615 -1     gi|188    12525    15634 
   146    447  1      gi|17     9982    10351 
   147    204  1      gi|13     2484     2715 
   147    613  1     gi|188     4253     4517 
   148    205  1      gi|13    10915    10972 
   148   1117  1      gi|61    18404    18464 
   149    206  1      gi|13    12086    12356 
   150    207  1      gi|13    12368    12484 
   150    364 -1     gi|154    22810    22930 
   150    208 -1      gi|13    12828    12929 
   151    212  1     gi|130     7371     7476 
   151    626 -1      gi|19    24315    24417 
   152    213  1     gi|130    18943    19830 
   152    875 -1      gi|25    36202    37098 
   152   1202 -1      gi|73    23251    23567 
   153    214  1     gi|130    20260    21776 
   153    874 -1      gi|25    34266    35768 
   153   1201 -1      gi|73    21725    21829 
   153    217  1     gi|130    36888    37179 
   154    215  1     gi|130    23705    24232 
   154    230 -1     gi|134    34801    35326 
   155    218  1     gi|131    10359    10467 
   155    714  1     gi|204     3052     3167 
   156    219  1     gi|131    20096    20238 
   156   1566 -1      gi|20    16929    17072 
   156    221 -1     gi|131    32081    32218 
   156    222  1     gi|131    39731    39872 
   157    220  1     gi|131    22857    23034 
   157   1049  1      gi|52     6216     6408 
   158    223  1     gi|132     4375     4802 
   158    833 -1     gi|226    21092    21490 
   158    271 -1     gi|141    27257    27417 
   159    227  1     gi|133    37337    39090 
   159   1175 -1       gi|7     6519     8255 
   160    228  1     gi|133    39160    39526 
   160   1174 -1       gi|7     6149     6507 
   161    229  1     gi|134    13323    13383 
   161    801  1     gi|219     5221     5275 
   162    231  1     gi|135     2821     3018 
   162    544  1     gi|177     3842     4042 
   163    232  1     gi|135    19946    20345 
   163    803  1      gi|22    13978    14114 
   163   1020 -1      gi|48    28300    28654 
   164    233  1     gi|135    34505    34643 
   164    569  1      gi|18    10618    10827 
   164    869  1      gi|25    11409    11557 
   165    235  1     gi|135    38711    38828 
   165    274  1     gi|142    15108    15216 
   165   1378 -1      gi|95     2559     2664 
   166    236  1     gi|136     4729     4845 
   166    350 -1     gi|152     5441     5555 
   166    616  1     gi|188    17562    17679 
   167    237  1     gi|136     6968     7328 
   167    798 -1     gi|218    21950    22268 
   168    238  1     gi|136    11826    11987 
   168    999 -1      gi|43    34986    35144 
   169    241  1     gi|137     3915     3973 
   169    648 -1     gi|195    14686    14742 
   170    242  1     gi|137    18230    18454 
   170   1099  1      gi|56    38442    38656 
   171    243  1     gi|138    11174    11350 
   171    384  1     gi|158    38039    38214 
   172    245  1     gi|138    24052    24160 
   172    397 -1      gi|16    14684    14792 
   173    246  1     gi|138    27822    27873 
   173    308  1     gi|147     3202     3253 
   174    247  1     gi|138    27911    28413 
   174    309  1     gi|147     3354     3904 
   175    248  1     gi|138    28531    28624 
   175    310  1     gi|147     4060     4153 
   176    249  1     gi|139     2021     2179 
   176    738 -1     gi|206    30701    30852 
   177    250  1     gi|139    15531    16103 
   177    583  1     gi|181    36260    36832 
   177    717  1     gi|205     2906     3374 
   177    251  1     gi|139    35011    35218 
   177   1128  1      gi|64    26952    27226 
   178    253  1      gi|14    28689    29240 
   178    466  1     gi|171    13623    14135 
   178    954  1      gi|39      995     1370 
   178   1138  1      gi|66     7505     8044 
   179    254  1      gi|14    29995    30226 
   179    684 -1     gi|200    19863    20089 
   180    255  1      gi|14    30454    30639 
   180    852 -1     gi|227    19101    19367 
   180    820 -1     gi|222    27927    28065 
   181    256  1      gi|14    31206    31353 
   181   1153  1      gi|67     3626     6047 
   181    939  1      gi|36     3534     3848 
   181   1336  1      gi|88    23978    26406 
   181   1392  1      gi|97    32606    32700 
   181   1154  1      gi|67     6048     6087 
   182    258  1      gi|14    33483    33848 
   182   1357  1      gi|90    29183    29499 
   183    259  1      gi|14    33820    33905 
   183   1356 -1      gi|90    28631    28741 
   184    260  1      gi|14    34079    34305 
   184    313  1     gi|147    32556    32794 
   185    261  1      gi|14    36279    36802 
   185    370  1     gi|155    29452    29944 
   185   1014  1      gi|46    11604    11724 
   186    262  1      gi|14    36926    37387 
   186    371  1     gi|155    30008    30480 
   187    263  1      gi|14    37507    38286 
   187    372  1     gi|155    30542    31306 
   187   1015  1      gi|46    13091    13243 
   187    903  1      gi|31    36171    36302 
   188    265  1     gi|140    34572    35125 
   188    462 -1     gi|170    34182    34743 
   189    266  1     gi|140    35252    36098 
   189    461 -1     gi|170    33364    34177 
   190    267  1     gi|140    36639    36695 
   190   1479  1       gi|8    23164    23322 
   190   1372  1      gi|93    31346    31407 
   190   1460 -1      gi|66    10650    10723 
   190   1555 -1      gi|12    10421    10508 
   191    270  1     gi|141    10707    10952 
   191   1132  1      gi|65    26043    26282 
   192    272  1     gi|141    27847    28093 
   192    834  1     gi|226    22065    22226 
   192   1402  1      gi|98    30876    31361 
   192    582  1     gi|181    25019    26407 
   192    879  1      gi|27      626     1248 
   192   1401  1      gi|98    30533    30811 
   193    273  1     gi|141    36978    37358 
   193   1364 -1      gi|93     1626     2018 
   194    275  1     gi|142    35419    35688 
   194    472 -1     gi|172    30285    30514 
   194    575  1     gi|180     8684     8916 
   194    975 -1       gi|4    10601    10704 
   195    276  1     gi|142    36406    36512 
   195   1447  1      gi|66     1566     4644 
   195    346  1     gi|151     6331     6643 
   195    348  1     gi|151     9385     9432 
   195   1442 -1      gi|39    12998    14681 
   195   1451 -1      gi|39    15523    18595 
   195    347  1     gi|151     8222     8318 
   195   1243 -1      gi|75    37003    38672 
   195   1453  1      gi|73     2592     4035 
   195   1244 -1      gi|75    38684    39434 
   195   1245 -1      gi|75    39462    40171 
   196    280  1     gi|143     3141     3322 
   196   1384 -1      gi|96    23066    23258 
   197    283  1     gi|143    11718    11845 
   197   1181 -1      gi|71    29487    29672 
   197    760  1     gi|211    28993    29211 
   197   1578 -1     gi|143    11057    11198 
   198    285  1     gi|143    30766    30944 
   198    345 -1     gi|151     3951     4083 
   198    458 -1     gi|170     4138     4241 
   198   1159 -1      gi|67    20057    20233 
   199    286  1     gi|144     1929     2188 
   199    429  1     gi|166     4054     4306 
   200    287  1     gi|144     2803     3133 
   200   1169 -1      gi|68    23772    24000 
   200    542 -1     gi|176    39857    39929 
   200    727  1     gi|206    14576    14908 
   200   1136 -1      gi|66     5480     5541 
   201    288  1     gi|144     4543     6430 
   201    430  1     gi|166     4214     6086 
   202    289  1     gi|144     6883     7299 
   202    431  1     gi|166     6349     6885 
   202    842 -1     gi|226    39771    39970 
   203    291  1     gi|144     9493     9698 
   203   1204  1      gi|73    24564    24769 
   204    292  1     gi|144    10169    10318 
   204   1103  1      gi|58    14833    15641 
   204   1090  1      gi|56    19308    19990 
   205    295  1     gi|145    10275    10838 
   205    802  1     gi|219    12649    13257 
   205    835  1     gi|226    24971    25432 
   206    296  1     gi|145    12202    12336 
   206    566  1      gi|18     3946     4091 
   207    301  1     gi|145    30217    30359 
   207    725 -1     gi|205    31290    31434 
   208    302  1     gi|145    31732    32243 
   208    353  1     gi|152    38230    38687 
   209    303  1     gi|145    32996    33573 
   209    354  1     gi|152    39475    40065 
   210    305  1     gi|145    34446    34489 
   210    415  1     gi|163    18339    18382 
   211    306  1     gi|146     4554     5038 
   211   1580  1      gi|75    29951    31568 
   211    307 -1     gi|146    39497    39982 
   211    407  1     gi|163      653      767 
   211    408  1     gi|163     1332     1457 
   211   1170 -1      gi|68    39164    39244 
   211   1581 -1     gi|200    15914    17499 
   212    311  1     gi|147     5472     5595 
   212    776  1     gi|213    18664    18788 
   213    314  1     gi|147    33234    33719 
   213    393 -1     gi|159    31251    31380 
   213   1088 -1      gi|56    14092    14560 
   213    392 -1     gi|159    31150    31252 
   214    317  1     gi|147    36032    36145 
   214   1227  1      gi|75     9303     9416 
   215    318  1     gi|148    13579    14257 
   215    686  1     gi|200    20791    21666 
   215    818  1     gi|222    27562    27789 
   215   1211  1      gi|73    36775    37636 
   216    319  1     gi|149     2539     2671 
   216   1481 -1       gi|8    23777    25392 
   216    612  1     gi|187    16520    16617 
   216   1337  1      gi|88    26475    26590 
   216   1556  1      gi|66     8040     9633 
   217    322  1     gi|149     3346     3458 
   217   1561  1      gi|33    31679    32186 
   217    324  1     gi|149     3567     3636 
   217   1558 -1     gi|136    25758    26249 
   217   1559 -1     gi|140    37030    37400 
   217   1560  1     gi|191     5208     5444 
   218    323  1     gi|149     3454     3561 
   218   1583  1     gi|154    20278    20466 
   218    588  1     gi|182    14677    14792 
   218   1587 -1     gi|206    37263    37461 
   218   1585 -1     gi|205    11669    11855 
   219    325  1     gi|149     4344     4644 
   219   1010  1      gi|45    10142    10462 
   220    326  1     gi|149     6132     6220 
   220   1300 -1      gi|82    16943    17030 
   221    327  1     gi|149    11351    11892 
   221   1381 -1      gi|96      952     2164 
   221    967  1      gi|39    18858    20223 
   221    560 -1     gi|178    18635    18676 
   221    561 -1     gi|178    18690    18976 
   222    329  1     gi|149    13752    13849 
   222    887 -1      gi|29     7603     7703 
   222    533  1     gi|176    30713    30775 
   223    333  1     gi|149    25321    25440 
   223   1053 -1      gi|52    12084    12204 
   224    334  1     gi|149    27145    27238 
   224    941  1      gi|37     6784     6927 
   224   1113  1      gi|60    16972    17100 
   225    335  1     gi|149    39724    40325 
   225    607  1     gi|186     8169     9225 
   226    336  1      gi|15     4932     5005 
   226    699  1     gi|201    14460    14535 
   227    337  1      gi|15    28598    28652 
   227    420 -1     gi|163    33301    33351 
   228    340  1     gi|150    11804    12170 
   228    399 -1      gi|16    20902    21004 
   228    721 -1     gi|205    11811    12165 
   229    341  1     gi|150    16567    17269 
   229    709  1     gi|203     5689     6376 
   230    342  1     gi|150    17697    18496 
   230    710  1     gi|203     6904     7677 
   231    343  1     gi|150    19437    19537 
   231   1373 -1      gi|94    13267    13372 
   232    349  1     gi|151    15638    15777 
   232    664  1     gi|199    15227    15376 
   233    351  1     gi|152     6199     6263 
   233    884  1      gi|29     4088     4147 
   234    352  1     gi|152    32588    32679 
   234   1251 -1      gi|77    22778    22864 
   235    355  1     gi|153    21948    22084 
   235   1126  1      gi|63    36832    36969 
   236    357  1     gi|153    25869    26009 
   236    614 -1     gi|188    12217    12357 
   236    711  1     gi|203    10689    10842 
   237    359  1     gi|154    17468    17589 
   238    360  1     gi|154    19591    19763 
   238    706  1     gi|202    31958    32114 
   239    362  1     gi|154    21495    21817 
   239   1294  1      gi|81    18896    19170 
   240    363  1     gi|154    22681    22821 
   240   1011 -1      gi|45    28738    28874 
   241    367  1     gi|154    25463    25558 
   241   1333  1      gi|88    11086    11182 
   242    368  1     gi|155    17858    17903 
   242    435  1     gi|167    37374    37419 
   243    369  1     gi|155    21243    21316 
   243   1592 -1      gi|54     7280     7452 
   243    603 -1     gi|185    29241    29411 
   243   1595  1      gi|56    12358    12492 
   244    373  1     gi|156     5188     5507 
   244   1109  1      gi|59    35485    35908 
   244    870  1      gi|25    14897    15197 
   245    374  1     gi|156    14089    14690 
   245    974  1       gi|4     6868     7498 
   246    376  1     gi|157    12835    12977 
   246   1072  1      gi|53    35747    35891 
   246    403  1     gi|160    29670    29812 
   246   1377 -1      gi|94    37793    37933 
   246   1071  1      gi|53    30196    30365 
   246    436 -1     gi|168    13394    13516 
   247    377  1     gi|157    27925    28772 
   247   1287 -1      gi|80     9310    10158 
   248    378  1     gi|157    30573    30710 
   248   1045 -1      gi|51     2648     2775 
   249    379  1     gi|157    36404    36587 
   249   1199  1      gi|73    13803    13989 
   250    380  1     gi|158    15424    15503 
   250   1089  1      gi|56    17747    17823 
   251    381  1     gi|158    23868    23991 
   251    406 -1     gi|162    11219    11336 
   252    383  1     gi|158    35139    35582 
   252    676  1     gi|200    10649    12416 
   252    662  1     gi|199     3397     5155 
   253    385  1     gi|159     7121     7614 
   253    931  1      gi|35    26190    26710 
   254    386  1     gi|159     7892     8142 
   254    932  1      gi|35    27008    27257 
   255    387  1     gi|159     8244     8899 
   255    933  1      gi|35    27400    28054 
   256    388  1     gi|159     9892    10319 
   256   1404  1      gi|99    16771    17185 
   257    389  1     gi|159    10404    10548 
   257   1405  1      gi|99    17208    17355 
   258    390  1     gi|159    30100    30159 
   258   1087  1      gi|56    13981    14040 
   259    391  1     gi|159    30401    30707 
   259    463  1     gi|170    39305    39579 
   259   1363 -1      gi|92    34539    34811 
   259    443  1     gi|169     5799     5872 
   259   1344  1      gi|89     9412     9758 
   259    806 -1      gi|22    29351    29519 
   259   1340  1      gi|89     5858     5892 
   260    395  1      gi|16    11401    11565 
   260    799 -1     gi|218    23109    23266 
   261    396  1      gi|16    13737    14196 
   261   1012 -1      gi|46     4382     4789 
   261    398  1      gi|16    19495    19552 
   262    400  1      gi|16    35616    35736 
   262   1334 -1      gi|88    11415    11534 
   263    402  1     gi|160    25596    25703 
   263   1058 -1      gi|53     2675     2788 
   264    404  1     gi|161    14308    14388 
   264    773 -1     gi|213    15896    15966 
   264    774 -1     gi|213    16647    16732 
   265    405  1     gi|161    14432    14690 
   265    599 -1     gi|184    32463    32583 
   265    775 -1     gi|213    17103    17308 
   266    409  1     gi|163     6345     7683 
   266   1120  1      gi|62    27628    28956 
   267    410  1     gi|163     8850     8914 
   267   1035  1      gi|49    26901    26963 
   268    411  1     gi|163    15903    16082 
   268    733 -1     gi|206    20412    20589 
   269    412  1     gi|163    17006    17050 
   269   1129  1      gi|64    27324    27368 
   270    413  1     gi|163    17281    17746 
   270   1130  1      gi|64    28353    28826 
   271    414  1     gi|163    17766    18310 
   271   1131  1      gi|64    28922    29459 
   272    416  1     gi|163    18404    18645 
   272    952 -1      gi|39      684      901 
   273    417  1     gi|163    19549    19791 
   273   1601  1      gi|42    25128    25526 
   273    814 -1     gi|222    11251    11611 
   273   1599 -1     gi|172    26348    26749 
   273   1600  1     gi|227      627      931 
   273   1602 -1      gi|77    37901    38126 
   273   1603  1     gi|215     7569     7691 
   273    475 -1     gi|173     7104     7431 
   273    419 -1     gi|163    27926    28016 
   274    418  1     gi|163    20308    22079 
   274    827 -1     gi|225    29069    29253 
   274   1228 -1      gi|75    11339    13097 
   275    421  1     gi|164     6140     6277 
   275    546 -1     gi|177     6854     6982 
   276    422  1     gi|164    11345    11491 
   276    551 -1     gi|177    35031    35167 
   277    423  1     gi|164    29219    29414 
   277    554  1     gi|178      330      532 
   277    424  1     gi|164    29563    29748 
   278    426  1     gi|164    31470    31566 
   278   1366 -1      gi|93    12254    12350 
   279    427  1     gi|165     9955    10341 
   279   1176  1       gi|7    13937    14330 
   280    428  1     gi|165    37297    37491 
   280   1390 -1      gi|97    30132    30496 
   280    437 -1     gi|168    38957    39331 
   280    744  1     gi|207    36479    36559 
   281    432  1     gi|166     6849     7055 
   281    840 -1     gi|226    39148    39343 
   282    433  1     gi|166    10600    11330 
   282   1365  1      gi|93     9864    10586 
   283    438  1     gi|169     1067     1242 
   283   1293 -1      gi|81    18639    18822 
   284    440  1     gi|169     1524     1731 
   284   1001 -1      gi|44     8190     8420 
   285    441  1     gi|169     3787     3885 
   285   1260  1      gi|79    36787    36888 
   286    442  1     gi|169     4198     4393 
   286   1261  1      gi|79    37279    37457 
   287    444  1     gi|169    18933    19007 
   287   1123 -1      gi|62    32086    32159 
   288    445  1     gi|169    19364    20259 
   288   1122 -1      gi|62    31012    31850 
   289    448  1      gi|17    10376    10738 
   289    573 -1      gi|18    24153    24517 
   290    449  1      gi|17    12602    15224 
   290   1270 -1       gi|8    19917    22564 
   291    450  1      gi|17    15239    15310 
   291   1269 -1       gi|8    19746    19811 
   292    451  1      gi|17    15770    16003 
   292   1268 -1       gi|8    18985    19246 
   293    453  1      gi|17    27337    27461 
   293   1003 -1      gi|44    19461    19586 
   294    455  1      gi|17    39273    39511 
   294   1214 -1      gi|74    16596    16862 
   295    456  1     gi|170        1     1251 
   295    574  1      gi|18    24722    26234 
   295    716 -1     gi|204     9264     9380 
   295   1078 -1      gi|55     8913     9912 
   295   1127  1      gi|64    26185    26551 
   295    631 -1     gi|190    17880    18296 
   296    459  1     gi|170    18262    19045 
   296   1303  1      gi|82    21708    22494 
   297    460  1     gi|170    19413    19848 
   297   1304  1      gi|82    22844    23257 
   298    464  1     gi|171     5410     5647 
   298    918  1      gi|34    26639    26765 
   298   1296  1      gi|81    37402    37645 
   299    465  1     gi|171     5894     5979 
   299    919  1      gi|34    27028    27399 
   299   1297  1      gi|81    37783    38105 
   300    467  1     gi|171    14887    14982 
   300   1360 -1      gi|92     5520     5623 
   301    468  1     gi|171    22355    24296 
   301   1046  1      gi|51    22943    24806 
   302    469  1     gi|172     8639     8711 
   302    988  1      gi|42     3970     4042 
   303    470  1     gi|172     9112     9364 
   303    989  1      gi|42     4654     4903 
   304    473  1     gi|172    31838    31957 
   304    813 -1     gi|222    10130    10249 
   305    476  1     gi|173    14047    14468 
   305   1155 -1      gi|67     8388     8766 
   306    479  1     gi|173    18289    18584 
   306   1537  1     gi|118    12337    12628 
   306   1541  1     gi|118    17027    17313 
   306    517  1     gi|175    33756    33838 
   306   1538 -1     gi|173    21071    21360 
   306   1540  1     gi|173    38083    38418 
   306    523  1     gi|175    35904    36098 
   307    484  1     gi|173    21360    21819 
   307    525  1     gi|175    36578    38567 
   308    500  1     gi|173    40387    40512 
   308    655  1     gi|196    27337    27462 
   309    502  1     gi|174    21794    21841 
   309    878 -1      gi|26    36950    37004 
   310    503  1     gi|174    23149    23230 
   310    877 -1      gi|26    35627    35708 
   311    504  1     gi|174    23935    24589 
   311    876 -1      gi|26    34498    35120 
   312    506  1     gi|175    15100    16290 
   312   1066  1      gi|53    13611    15246 
   313    507  1     gi|175    16246    16359 
   313    563 -1     gi|179    19547    20290 
   313   1397  1      gi|98     8558    10261 
   314    508  1     gi|175    26545    26612 
   314   1190  1      gi|72    23926    23993 
   315    509  1     gi|175    26627    27055 
   315    926 -1      gi|35    12563    12985 
   315    510 -1     gi|175    28362    28451 
   315   1095 -1      gi|56    29291    29377 
   315   1236  1      gi|75    28806    28915 
   316    530  1     gi|176    13245    15133 
   316   1345 -1      gi|89    11323    13194 
   317    531  1     gi|176    28281    28380 
   317   1262  1       gi|8      151      248 
   318    532  1     gi|176    30543    30700 
   319    537  1     gi|176    38426    39075 
   319   1060  1      gi|53     9803    10027 
   319   1313 -1      gi|83    36589    37269 
   319    622  1      gi|19    16489    16700 
   320    538  1     gi|176    39139    39343 
   320   1312 -1      gi|83    36405    36607 
   321    539  1     gi|176    39340    39451 
   322    540  1     gi|176    39409    39626 
   322    740  1     gi|207     8853     9079 
   322   1311 -1      gi|83    35995    36132 
   322   1022 -1      gi|49      510      631 
   323    541  1     gi|176    39608    39838 
   323    640  1     gi|193    33581    33770 
   324    543  1     gi|176    39960    40043 
   324    641  1     gi|193    33835    33925 
   324   1061  1      gi|53    10033    10094 
   325    547  1     gi|177    12533    12622 
   325    576 -1     gi|180    12909    13000 
   326    548  1     gi|177    25164    25209 
   326    589 -1     gi|182    15292    15335 
   326    913  1      gi|33    35156    35211 
   327    550  1     gi|177    32868    34075 
   327   1398  1      gi|98    15133    15252 
   327   1399  1      gi|98    15931    16222 
   327   1400  1      gi|98    29914    30274 
   328    552  1     gi|177    38064    38280 
   329    553  1     gi|177    39387    39700 
   329    646 -1     gi|194    21141    21420 
   329   1082 -1      gi|55    39014    39134 
   330    555  1     gi|178    11862    11941 
   330    784 -1     gi|215    26138    26213 
   331    564  1     gi|179    20589    21464 
   331    750 -1      gi|21    20489    20598 
   332    565  1     gi|179    24343    24612 
   333    570  1      gi|18    22814    22920 
   333   1080 -1      gi|55    13297    13405 
   334    577  1     gi|180    33728    33809 
   334    836 -1     gi|226    33237    33309 
   335    578  1     gi|181     9105     9276 
   335   1383 -1      gi|96    13265    13443 
   336    579  1     gi|181    10720    10763 
   336   1407  1      gi|99    22699    22743 
   337    580  1     gi|181    11183    11343 
   338    581  1     gi|181    16401    16762 
   338    667 -1     gi|199    17003    17369 
   339    584  1     gi|182     9364     9467 
   339    822 -1     gi|224    32166    32269 
   340    585  1     gi|182    13719    13865 
   340    839  1     gi|226    37293    37440 
   341    586  1     gi|182    13923    14014 
   341   1221  1      gi|75     4390     4824 
   341    940 -1      gi|36     4044     4436 
   341   1147  1      gi|66    19640    20029 
   341   1309 -1      gi|83    31504    31642 
   341   1573  1      gi|14    39214    39630 
   341    930 -1      gi|35    25715    26121 
   341   1143 -1      gi|66    11355    11556 
   341   1267 -1       gi|8    17060    17440 
   341   1574  1      gi|73    24034    24417 
   341   1200  1      gi|73    14754    15039 
   341   1575  1       gi|8    11324    11543 
   341   1161 -1      gi|67    29317    29525 
   341   1265 -1       gi|8    11132    11320 
   342    590  1     gi|182    16019    16096 
   342   1173 -1       gi|7     2233     2306 
   343    591  1     gi|182    22832    23338 
   343    746 -1     gi|208     2396     2900 
   344    594  1     gi|183    10513    10674 
   344   1305  1      gi|82    28141    28305 
   345    598  1     gi|184    15339    15470 
   345    944 -1      gi|38    12411    12534 
   346    600  1     gi|185    15345    15453 
   346    863 -1      gi|23    26964    27072 
   347    601  1     gi|185    17569    18015 
   347    916 -1      gi|34    17971    18418 
   348    602  1     gi|185    18323    18482 
   348    915 -1      gi|34    17516    17681 
   349    604  1     gi|186        8      253 
   350    606  1     gi|186     3086     3536 
   350   1250  1      gi|77    18440    18870 
   351    609  1     gi|186    10382    10504 
   351   1158 -1      gi|67    19611    19718 
   352    610  1     gi|186    15024    15146 
   352   1257  1      gi|78    14196    14333 
   353    611  1     gi|186    38904    39003 
   353    674 -1     gi|200     8229     8341 
   354    618  1     gi|188    30479    30603 
   354    780 -1     gi|215     5868     5994 
   354   1317 -1      gi|85    10066    10132 
   355    619  1     gi|188    36627    37050 
   355    976  1       gi|4    13960    14332 
   356    620  1     gi|188    40062    40376 
   356    779 -1     gi|214    38101    38412 
   357    621  1     gi|189     3281     3396 
   357    979  1      gi|40    18404    18531 
   357    771 -1     gi|212    28281    28398 
   358    623  1      gi|19    16707    16975 
   358   1062  1      gi|53    10471    10788 
   358    741  1     gi|207     9659     9834 
   358    841 -1     gi|226    39607    39782 
   359    624  1      gi|19    17100    17198 
   359    855 -1     gi|227    25216    25326 
   360    625  1      gi|19    17208    17333 
   361    629  1     gi|190    17309    17436 
   361    948  1      gi|38    26886    27014 
   362    630  1     gi|190    17673    17857 
   362   1079 -1      gi|55    10713    10888 
   363    633  1     gi|191     5689     5836 
   363   1597 -1     gi|195    23354    23484 
   363    905 -1      gi|32    23623    23757 
   363   1596  1     gi|157     8151     8270 
   363    984  1      gi|41    27436    27573 
   363   1598  1      gi|20    38629    38759 
   364    635  1     gi|192    22669    22739 
   364   1343  1      gi|89     8233     8303 
   365    636  1     gi|192    28125    28309 
   365    862 -1      gi|23    15401    15686 
   365   1288  1      gi|80    14978    15070 
   365    992 -1      gi|42    24746    25002 
   366    638  1     gi|193    25673    25853 
   366   1077 -1      gi|55     1595     1759 
   367    639  1     gi|193    27091    27203 
   367   1076 -1      gi|55     1481     1588 
   368    644  1     gi|194    20197    20455 
   368    981 -1      gi|41      480      692 
   368   1016 -1      gi|47    20424    20669 
   369    645  1     gi|194    20466    20603 
   369    980 -1      gi|41      282      419 
   370    649  1     gi|195    18352    18547 
   370   1353  1       gi|9    24671    24869 
   371    651  1     gi|195    33005    33211 
   371   1171  1      gi|68    39461    39661 
   372    652  1     gi|195    34769    34927 
   372    917 -1      gi|34    18750    18910 
   373    653  1     gi|196     1737     1964 
   373    656  1     gi|197    13415    13636 
   374    654  1     gi|196     1964     4869 
   374    657  1     gi|197    14316    17198 
   375    661  1     gi|198    33732    33844 
   375    844  1     gi|227     2848     3463 
   375    696 -1     gi|200    35434    35714 
   375   1319  1      gi|85    22785    23321 
   376    665  1     gi|199    15609    15716 
   376    815  1     gi|222    20633    20740 
   377    670  1     gi|199    27929    28131 
   377   1367  1      gi|93    12358    12583 
   377   1604  1     gi|177     6741     6870 
   378    672  1      gi|20    31774    31922 
   378   1047  1      gi|51    29830    29984 
   379    675  1     gi|200    10009    10265 
   379    850 -1     gi|227    17278    17571 
   379    858  1     gi|227    33043    33168 
   379    677  1     gi|200    12421    12634 
   380    678  1     gi|200    13193    13312 
   380   1006  1      gi|45     3124     3241 
   381    679  1     gi|200    13772    13956 
   381   1007  1      gi|45     3663     3847 
   382    680  1     gi|200    15486    15628 
   382   1209  1      gi|73    34071    34213 
   383    681  1     gi|200    15629    15768 
   383   1210  1      gi|73    34292    34437 
   384    685  1     gi|200    20500    20645 
   384   1230 -1      gi|75    22219    22360 
   385    687  1     gi|200    22785    22847 
   385   1222  1      gi|75     5676     5734 
   386    688  1     gi|200    23163    23278 
   386   1218  1      gi|75     3134     3247 
   386   1223  1      gi|75     6119     6236 
   386   1234 -1      gi|75    27819    27936 
   387    689  1     gi|200    23408    23523 
   387   1219  1      gi|75     3358     3473 
   387   1224  1      gi|75     6344     6457 
   388    690  1     gi|200    23995    24238 
   388   1220  1      gi|75     3936     4161 
   388   1225  1      gi|75     7060     7159 
   389    697  1     gi|201     4075     4199 
   389   1315  1      gi|84      307      428 
   390    698  1     gi|201     6930     7030 
   390   1355  1      gi|90    13143    13240 
   391    700  1     gi|201    16820    17081 
   391   1409 -1      gi|99    33152    33414 
   392    701  1     gi|201    22971    23162 
   392   1100 -1      gi|57     6648     6826 
   393    702  1     gi|201    29162    29301 
   393   1310  1      gi|83    33168    33310 
   394    703  1     gi|202        1      211 
   394   1389  1      gi|97    26595    27779 
   394    704  1     gi|202      662     2094 
   394    705  1     gi|202    18497    19924 
   394   1394  1      gi|97    36934    38354 
   394   1395  1      gi|97    38744    39999 
   394   1388  1      gi|97    26284    26360 
   395    712  1     gi|203    20923    21044 
   395   1075  1      gi|54    38221    38339 
   396    715  1     gi|204     8170     8287 
   397    718  1     gi|205     5124     5201 
   397    788 -1     gi|216    37839    37915 
   398    722  1     gi|205    12166    12490 
   398   1063  1      gi|53    10666    11067 
   398    742  1     gi|207     9852    10023 
   399    726  1     gi|206    12259    12491 
   400    731  1     gi|206    19395    19472 
   400    886 -1      gi|29     7289     7375 
   401    732  1     gi|206    20268    20351 
   401   1024 -1      gi|49     1847     1935 
   402    734  1     gi|206    20643    20808 
   402    885 -1      gi|29     6937     7104 
   403    747  1     gi|209    10232    10464 
   403   1429  1      gi|28    38052    38299 
   403   1430  1     gi|100    34050    34285 
   403   1433 -1     gi|194    38798    39053 
   404    748  1     gi|209    12496    13194 
   404    985  1      gi|41    27978    28689 
   405    749  1     gi|209    14117    14222 
   405    986  1      gi|41    29301    29406 
   406    751  1      gi|21    20776    21625 
   407    753  1      gi|21    37473    37992 
   407   1258  1      gi|78    28964    29548 
   407   1328 -1      gi|87    31494    32027 
   408    754  1     gi|210    21315    21609 
   408   1106  1      gi|58    28375    28650 
   409    755  1     gi|210    37029    37107 
   409    832  1     gi|226    17966    18039 
   410    758  1     gi|211    13007    13137 
   410    872 -1      gi|25    32485    32698 
   410   1081 -1      gi|55    19179    19338 
   411    761  1     gi|211    36298    36521 
   411   1248  1      gi|77     9285     9508 
   412    762  1     gi|211    36912    39066 
   412   1114 -1      gi|60    24149    24277 
   412   1249  1      gi|77    10298    12452 
   413    763  1     gi|212     1464     1617 
   413    790 -1     gi|217      426      576 
   413   1606  1      gi|25    17824    17962 
   413    764 -1     gi|212     1675     1812 
   413    770  1     gi|212    20421    20533 
   413   1607 -1     gi|212    31362    31495 
   414    768  1     gi|212    13053    13547 
   414   1253 -1      gi|77    30713    31159 
   415    769  1     gi|212    14151    14294 
   415   1252 -1      gi|77    29991    30134 
   416    777  1     gi|214    26726    26817 
   416   1009  1      gi|45     8809     8898 
   417    786  1     gi|216     3873     4001 
   417   1259 -1      gi|79    36292    36444 
   418    787  1     gi|216    17192    17499 
   418   1358  1      gi|91     9343     9701 
   419    795  1     gi|217    20390    20577 
   419   1107 -1      gi|58    35006    35190 
   420    797  1     gi|218    17840    17937 
   420   1349 -1       gi|9     6463     6557 
   421    800  1     gi|219     2769     2812 
   421   1379 -1      gi|95    32031    32071 
   422    804  1      gi|22    27652    28092 
   422   1110  1       gi|6    16504    16966 
   423    805  1      gi|22    29200    29266 
   423   1326 -1      gi|87    24221    24286 
   424    807  1     gi|220    31138    31287 
   424   1318 -1      gi|85    10213    10376 
   425    810  1     gi|222     1001     1440 
   425    936 -1      gi|35    37192    37473 
   425    959 -1      gi|39     7340     7490 
   425    972 -1      gi|39    25685    26128 
   426    811  1     gi|222     4169     4207 
   426   1206  1      gi|73    32678    32716 
   427    817  1     gi|222    27388    27451 
   427    859 -1     gi|227    33362    33478 
   427    951  1      gi|39      588      701 
   428    819  1     gi|222    27809    27926 
   428   1067 -1      gi|53    17504    17622 
   429    823  1     gi|225    14190    17774 
   429    923 -1      gi|35     6391    10009 
   429   1292 -1      gi|81    17859    18209 
   429   1295  1      gi|81    23371    24787 
   430    837  1     gi|226    36926    37011 
   430   1166 -1      gi|68     5336     5423 
   431    838  1     gi|226    37018    37168 
   431   1164 -1      gi|68     2612     2760 
   432    845  1     gi|227     5467     5582 
   432   1320  1      gi|85    25454    25569 
   433    851  1     gi|227    17919    18359 
   433   1005 -1      gi|45     2037     2466 
   434    854  1     gi|227    25042    25148 
   435    889  1      gi|29    12063    12506 
   435   1178  1       gi|7    39448    39878 
   436    890  1      gi|29    15488    15565 
   436   1179  1       gi|7    39879    39957 
   437    891  1      gi|29    29073    29141 
   437   1037  1      gi|49    32099    32169 
   438    896  1      gi|30     5746     7349 
   438   1018 -1      gi|47    36427    38064 
   438    897 -1      gi|30     7697     8688 
   438    898 -1      gi|30     9122     9380 
   438    899 -1      gi|30    10484    11230 
   438    900 -1      gi|30    11373    11837 
   438    901 -1      gi|30    12611    13777 
   438    902 -1      gi|30    13951    14179 
   439    904  1      gi|31    39622    39934 
   440    909  1      gi|33    20016    20573 
   440   1068  1      gi|53    17627    18161 
   440   1069  1      gi|53    18341    18438 
   441    910  1      gi|33    20662    21035 
   441   1338 -1      gi|88    27197    27399 
   442    920  1      gi|34    27548    27708 
   442   1298  1      gi|81    38265    38425 
   443    921  1      gi|34    32130    33759 
   443   1246  1      gi|76    20823    22374 
   444    922  1      gi|35     4092     4140 
   444   1306  1      gi|82    33429    33478 
   445    927  1      gi|35    15303    15466 
   445   1342 -1      gi|89     6294     6468 
   445   1044  1      gi|50    36177    36322 
   446    938  1      gi|35    37857    38530 
   446   1440  1     gi|116    19076    19744 
   446   1443  1      gi|39    14681    15507 
   446   1448 -1      gi|66     4650     5485 
   447    945  1      gi|38    16731    16943 
   447   1034  1      gi|49    24473    24701 
   448    946  1      gi|38    17216    17293 
   448   1325 -1      gi|87     6688     6763 
   449    947  1      gi|38    18483    18656 
   449   1118  1      gi|62     6408     6581 
   450    949  1      gi|38    33584    33715 
   450   1590 -1      gi|42    21837    21966 
   451    950  1      gi|39        1      166 
   451   1004 -1      gi|45        1      164 
   452    956  1      gi|39     1653     5688 
   452   1212 -1      gi|73    37614    38663 
   452   1240  1      gi|75    32069    33474 
   452   1466 -1      gi|73     8658     9577 
   452   1477 -1      gi|73     4036     7756 
   452   1609  1      gi|35    33090    37182 
   452    963  1      gi|39     9998    10268 
   452   1231  1      gi|75    22383    22770 
   453    957  1      gi|39     5679     5756 
   453   1277  1       gi|8    31011    31088 
   454    958  1      gi|39     6972     7353 
   454   1241  1      gi|75    33407    36015 
   454    964  1      gi|39    10819    12142 
   455    968  1      gi|39    20250    21145 
   455   1275  1       gi|8    29007    29822 
   455   1380 -1      gi|96      335      771 
   456    969  1      gi|39    21119    21463 
   456   1276  1       gi|8    29961    31044 
   456   1385 -1      gi|96    24480    24531 
   457    973  1      gi|39    26035    26314 
   458    978  1       gi|4    30223    30470 
   458   1329 -1      gi|87    33055    33273 
   459    982  1      gi|41    12011    12133 
   460    987  1      gi|42     3196     3274 
   460   1157  1      gi|67    17083    17169 
   461    990  1      gi|42     6226     6357 
   461   1163  1      gi|67    37212    37346 
   462    994  1      gi|43     3462     3968 
   462   1308 -1      gi|83    30937    31445 
   463    995  1      gi|43     4263     4697 
   463   1307 -1      gi|83    30471    30941 
   464   1002  1      gi|44     8391     8451 
   464   1289  1      gi|80    15253    15307 
   465   1008  1      gi|45     5602     5751 
   465   1386  1      gi|97      745      897 
   466   1013  1      gi|46     5761     6026 
   466   1151 -1      gi|66    32190    32463 
   467   1017  1      gi|47    35972    36114 
   467   1108  1      gi|58    36983    37134 
   467   1589 -1     gi|149    16828    16983 
   467   1591 -1      gi|58    27816    27974 
   468   1019  1      gi|48     9491     9570 
   468   1321  1      gi|86    23902    24027 
   468   1348  1       gi|9     5119     5244 
   469   1021  1      gi|49      371      508 
   469   1370  1      gi|93    30872    31134 
   470   1025  1      gi|49     4021     4394 
   470   1263 -1       gi|8     5033     5344 
   471   1027  1      gi|49    21914    22366 
   471   1279 -1       gi|8    31473    32067 
   471   1032  1      gi|49    23561    24075 
   472   1028  1      gi|49    22648    22756 
   472   1283 -1       gi|8    32821    32941 
   473   1029  1      gi|49    22912    23223 
   473   1282 -1       gi|8    32517    32827 
   474   1031  1      gi|49    23374    23565 
   474   1281 -1       gi|8    32313    32521 
   475   1033  1      gi|49    24100    24258 
   476   1036  1      gi|49    29379    29678 
   476   1284  1       gi|8    33389    33666 
   477   1038  1      gi|49    34957    35203 
   477   1083  1      gi|56     4755     4993 
   478   1039  1      gi|49    35429    35646 
   478   1084  1      gi|56     5118     5332 
   479   1040  1      gi|49    35803    36022 
   479   1085  1      gi|56     5408     5628 
   480   1041  1       gi|5     9598     9708 
   480   1124 -1      gi|63    17335    17448 
   481   1048  1      gi|52     5984     6135 
   481   1403  1      gi|99     6565     6710 
   482   1051  1      gi|52     8723     8905 
   482   1093 -1      gi|56    22178    22358 
   483   1052  1      gi|52     8914     9535 
   483   1092 -1      gi|56    21224    21882 
   484   1056  1      gi|52    19110    20673 
   484   1149  1      gi|66    24023    25736 
   485   1057  1      gi|52    20867    21218 
   485   1150  1      gi|66    25854    26204 
   486   1059  1      gi|53     9491     9699 
   486   1254 -1      gi|77    37156    37284 
   486   1314 -1      gi|83    37406    37613 
   487   1065  1      gi|53    13442    13491 
   487   1396  1      gi|98     8450     8499 
   488   1091  1      gi|56    20514    20707 
   488   1235  1      gi|75    28633    28808 
   489   1104  1      gi|58    23313    23451 
   489   1112  1       gi|6    27447    27579 
   490   1115  1      gi|60    30386    30506 
   491   1121  1      gi|62    29874    29943 
   491   1335  1      gi|88    17893    17950 
   491   1339 -1      gi|88    28756    28826 
   492   1142  1      gi|66    11040    11362 
   492   1272 -1       gi|8    22932    23252 
   492   1415 -1      gi|93    31098    31169 
   492   1417  1      gi|49    23400    23442 
   493   1144  1      gi|66    16230    16312 
   493   1271 -1       gi|8    22594    22948 
   493   1458 -1      gi|35    33091    34016 
   494   1146  1      gi|66    18444    18820 
   494   1205  1      gi|73    27247    27642 
   495   1148  1      gi|66    20033    20214 
   496   1152  1      gi|66    32845    33626 
   496   1286 -1       gi|8    35792    36573 
   497   1156  1      gi|67    15693    15826 
   497   1406  1      gi|99    18043    18175 
   498   1165  1      gi|68     3215     3347 
   498   1299  1      gi|82     5264     5395 
   499   1180  1      gi|70    35696    35898 
   499   1350  1       gi|9     6981     7088 
   500   1194  1      gi|73      341      902 
   500   1382  1      gi|96     2034     2598 
   501   1207  1      gi|73    33611    33786 
   501   1480  1       gi|8    23322    23775 
   501   1554 -1      gi|12     9966    10419 
   501   1557 -1      gi|66     9640    10088 
   502   1208  1      gi|73    33783    33873 
   502   1264 -1       gi|8    10691    10814 
   502   1280 -1       gi|8    32068    32127 
   503   1238  1      gi|75    31649    31895 
   503   1456  1      gi|35    28865    29611 
   503   1468 -1      gi|73    13051    13799 
   503   1469  1       gi|8    34326    35074 
   503   1465 -1      gi|73     2166     2581 
   504   1242  1      gi|75    36007    37451 
   504   1454 -1      gi|73      122      341 
   505   1290  1      gi|81     2610     2740 
   505   1331  1      gi|88     3922     4051 
   506   1291  1      gi|81     3178     3305 
   506   1332  1      gi|88     4363     4490 
   507   1324  1      gi|86    35052    35188 
   507   1374 -1      gi|94    16475    16611 
   508   1362  1      gi|92    24653    24805 
   509   1419  1      gi|68    23139    23174 
   509   1420 -1      gi|35    11919    11959 
   510   1423  1      gi|75     7471     7575 
   511   1432  1     gi|194    38733    38796 
   511   1434 -1     gi|100    34308    34354 
   512   1437  1      gi|28    18442    18473 
   512   1439  1       gi|5    31072    31107 
   513   1441  1      gi|39    12431    12998 
   514   1446  1      gi|66     1437     1564 
   514   1452 -1      gi|39    18604    18720 
   515   1476  1     gi|173    17604    17938 
   515   1501 -1     gi|118    10985    11327 
   516   1478  1      gi|73     7757     8665 
   516   1493 -1      gi|67    30020    32969 
   516   1485  1      gi|73     9582    12522 
   516   1490 -1      gi|35    30140    33090 
   516   1488 -1       gi|8    35602    35792 
   516   1483  1      gi|73      990     1638 
   517   1502  1     gi|118    11327    11410 
   518   1503  1      gi|12     1293     1363 
   518   1513  1      gi|72    23316    23421 
   518   1505  1      gi|12     1365     1853 
   519   1526  1     gi|175    28786    29045 
   520   1527  1     gi|175    28976    29125 
   521   1535  1      gi|72    11956    12188 
   522   1543  1     gi|173    20914    21147 
   522   1551  1     gi|175    36426    36634 
   523   1546  1      gi|12     2039     2090 
   523   1549 -1     gi|173    25288    25340 
   524   1562  1      gi|21    35785    35821 
   524   1565 -1      gi|56    24012    24047 
   525   1567  1     gi|177    26849    27364 
   525   1569  1     gi|147    30874    31498 
   525   1571  1      gi|14    31806    32410 
   526   1568  1     gi|177    27364    27921 
   526   1570  1     gi|147    31503    32053 
   526   1572  1      gi|14    32433    32963 
   527   1579  1      gi|75    28910    29951 
   527   1582 -1     gi|200    17531    18541 
   528   1586  1     gi|206    37139    37263 
   528   1588  1     gi|205    11547    11654 
   529   1593  1      gi|54     7455     7501 
   529   1594 -1      gi|56    12311    12357 
   530   1608  1      gi|35    32182    33090 
