1 gi|1 21775 22001
2 gi|1 22570 23249
3 gi|1 24653 25195
4 gi|1 25887 26289
5 gi|1 26476 26650
6 gi|1 26649 26730
7 gi|1 26863 27011
8 gi|1 27015 27156
9 gi|1 28095 28324
10 gi|1 36176 36272
11 gi|10 11677 11720
12 gi|10 21738 22004
13 gi|10 23831 23939
14 gi|10 24498 24706
15 gi|10 24734 24819
16 gi|100 5907 5941
17 gi|100 34048 34354
18 gi|101 7806 7956
19 gi|101 12797 12902
20 gi|101 36022 36101
21 gi|101 39055 39228
22 gi|102 2448 2606
23 gi|102 2808 3077
24 gi|102 4053 4877
25 gi|102 8272 8526
26 gi|102 8606 8777
27 gi|102 26111 26237
28 gi|102 27679 27834
29 gi|103 25520 25654
30 gi|103 26177 26308
31 gi|103 26376 26543
32 gi|103 33369 33478
33 gi|103 33713 33810
34 gi|104 1565 1654
35 gi|104 22654 22747
36 gi|104 35002 35092
37 gi|104 37023 37170
38 gi|104 37361 37479
39 gi|104 37480 38897
40 gi|104 39190 39280
41 gi|105 12974 13081
42 gi|105 13245 13697
43 gi|105 28599 28676
44 gi|106 30658 30752
45 gi|106 31002 31131
46 gi|107 14839 14978
47 gi|107 16925 17779
48 gi|107 17780 17935
49 gi|107 20581 20626
50 gi|108 168 239
51 gi|109 10808 10941
52 gi|109 11716 11848
53 gi|109 16196 17353
54 gi|109 17982 20694
55 gi|109 21058 21126
56 gi|109 21471 22502
57 gi|109 24844 25020
58 gi|109 26479 26777
59 gi|109 26720 27196
60 gi|109 27385 27987
61 gi|109 29655 31705
62 gi|109 36418 36509
63 gi|11 5369 5569
64 gi|11 5688 7448
65 gi|11 9493 10191
66 gi|11 10667 11141
67 gi|11 16128 16188
68 gi|11 16346 16511
69 gi|11 36682 36845
70 gi|110 4725 4875
71 gi|110 19164 19239
72 gi|111 1 1711
73 gi|111 35963 36561
74 gi|111 38307 38411
75 gi|112 33039 33099
76 gi|112 35470 35545
77 gi|113 1008 1137
78 gi|113 1331 1558
79 gi|113 1841 1965
80 gi|113 1976 2407
81 gi|114 2492 2796
82 gi|114 4632 4890
83 gi|114 9582 9707
84 gi|114 10783 10866
85 gi|114 23987 24078
86 gi|114 24146 24265
87 gi|114 26248 27650
88 gi|114 27629 27797
89 gi|114 28892 28967
90 gi|114 31025 31109
91 gi|114 31234 31344
92 gi|114 31784 31864
93 gi|116 17252 17403
94 gi|116 18234 19202
95 gi|116 19062 19764
96 gi|116 19708 20066
97 gi|116 20035 20138
98 gi|116 20092 22339
99 gi|117 28186 28351
100 gi|117 28539 29145
101 gi|118 1 125
102 gi|118 2009 2449
103 gi|118 5197 5797
104 gi|118 7066 7489
105 gi|118 9802 10165
106 gi|118 10847 11081
107 gi|118 10985 11415
108 gi|118 11329 11907
109 gi|118 11890 12336
110 gi|118 12323 12640
111 gi|118 14106 14710
112 gi|118 14724 14828
113 gi|118 16993 17313
114 gi|118 17312 19846
115 gi|118 19816 19880
116 gi|118 19875 23737
117 gi|118 23730 24499
118 gi|118 24341 28794
119 gi|118 28751 33810
120 gi|118 33809 34812
121 gi|118 34806 38527
122 gi|118 38501 39439
123 gi|118 39425 39689
124 gi|118 39665 40000
125 gi|119 525 666
126 gi|119 32893 33475
127 gi|119 33686 33744
128 gi|12 1 192
129 gi|12 166 955
130 gi|12 709 1366
131 gi|12 1293 1870
132 gi|12 1855 2002
133 gi|12 2039 2439
134 gi|12 2420 4200
135 gi|12 4193 4936
136 gi|12 4932 5188
137 gi|12 5182 5752
138 gi|12 5754 6988
139 gi|12 7233 7415
140 gi|12 7336 7709
141 gi|12 7809 9190
142 gi|12 9155 9302
143 gi|12 9302 9677
144 gi|12 9685 9837
145 gi|12 9794 9979
146 gi|12 9965 10508
147 gi|12 10509 10599
148 gi|12 10600 10734
149 gi|12 18866 19013
150 gi|12 24117 24318
151 gi|12 26247 26482
152 gi|12 32897 33096
153 gi|12 33073 33240
154 gi|12 33941 34730
155 gi|12 37961 38040
156 gi|120 2878 3051
157 gi|120 6923 7034
158 gi|121 7388 7504
159 gi|121 9008 9424
160 gi|121 15163 15351
161 gi|121 15495 15619
162 gi|121 15751 15837
163 gi|121 15838 16578
164 gi|121 17352 17995
165 gi|121 35664 35760
166 gi|122 18655 19998
167 gi|122 24552 24720
168 gi|123 9 339
169 gi|123 277 420
170 gi|123 832 905
171 gi|123 7343 7478
172 gi|123 13570 13656
173 gi|123 14307 15051
174 gi|123 26896 27026
175 gi|123 35195 35553
176 gi|123 35606 35694
177 gi|123 36110 36483
178 gi|123 36733 36988
179 gi|124 1969 2051
180 gi|124 17900 18139
181 gi|124 18308 19157
182 gi|124 19422 19486
183 gi|125 21460 21658
184 gi|125 37106 37152
185 gi|125 38183 38293
186 gi|126 2947 3000
187 gi|126 3226 4850
188 gi|126 35916 36110
189 gi|126 36352 36523
190 gi|126 36878 36986
191 gi|127 2358 2406
192 gi|127 16163 16441
193 gi|127 33390 33514
194 gi|128 604 800
195 gi|128 8820 9000
196 gi|128 9209 9885
197 gi|128 30694 30790
198 gi|128 35135 35324
199 gi|129 1082 1293
200 gi|129 1211 1403
201 gi|129 23249 23310
202 gi|129 30884 31478
203 gi|129 32428 32952
204 gi|13 2484 2715
205 gi|13 10915 10972
206 gi|13 12086 12356
207 gi|13 12368 12490
208 gi|13 12828 12929
209 gi|13 12962 13068
210 gi|13 13056 13172
211 gi|130 7118 7234
212 gi|130 7371 7476
213 gi|130 18943 19830
214 gi|130 20260 21776
215 gi|130 23705 24232
216 gi|130 31589 31778
217 gi|130 36888 37179
218 gi|131 10359 10467
219 gi|131 20096 20238
220 gi|131 22857 23034
221 gi|131 32081 32222
222 gi|131 39731 39873
223 gi|132 4375 4802
224 gi|133 27749 27826
225 gi|133 28267 28333
226 gi|133 28535 28611
227 gi|133 37337 39090
228 gi|133 39160 39526
229 gi|134 13323 13383
230 gi|134 34801 35326
231 gi|135 2821 3018
232 gi|135 19946 20345
233 gi|135 34505 34646
234 gi|135 34598 34730
235 gi|135 38711 38833
236 gi|136 4728 4847
237 gi|136 6968 7328
238 gi|136 11826 11987
239 gi|136 25740 26249
240 gi|136 32113 32227
241 gi|137 3915 3973
242 gi|137 18230 18454
243 gi|138 11174 11350
244 gi|138 15519 15988
245 gi|138 24052 24160
246 gi|138 27822 27873
247 gi|138 27911 28413
248 gi|138 28531 28624
249 gi|139 2021 2179
250 gi|139 15531 16104
251 gi|139 35007 35219
252 gi|14 16820 17551
253 gi|14 28689 29242
254 gi|14 29995 30226
255 gi|14 30454 30639
256 gi|14 31206 31353
257 gi|14 31806 32963
258 gi|14 33483 33848
259 gi|14 33820 33905
260 gi|14 34079 34305
261 gi|14 36279 36802
262 gi|14 36926 37387
263 gi|14 37507 38286
264 gi|14 39193 39640
265 gi|140 34572 35125
266 gi|140 35252 36098
267 gi|140 36636 36695
268 gi|140 37008 37400
269 gi|140 37696 39176
270 gi|141 10707 10952
271 gi|141 27257 27417
272 gi|141 27847 28093
273 gi|141 36978 37358
274 gi|142 15108 15220
275 gi|142 35419 35688
276 gi|142 36406 36512
277 gi|142 36490 36618
278 gi|142 36888 37168
279 gi|142 39206 39426
280 gi|143 3141 3322
281 gi|143 3531 3776
282 gi|143 11057 11214
283 gi|143 11711 11849
284 gi|143 14741 14866
285 gi|143 30766 30944
286 gi|144 1929 2188
287 gi|144 2803 3135
288 gi|144 4543 6430
289 gi|144 6883 7299
290 gi|144 7433 7855
291 gi|144 9493 9698
292 gi|144 10169 10318
293 gi|144 19506 26350
294 gi|145 8819 9020
295 gi|145 10275 10838
296 gi|145 12202 12336
297 gi|145 24393 24628
298 gi|145 24677 25326
299 gi|145 25283 25831
300 gi|145 25816 26047
301 gi|145 30217 30359
302 gi|145 31732 32243
303 gi|145 32996 33573
304 gi|145 33994 34330
305 gi|145 34446 34489
306 gi|146 4554 5038
307 gi|146 39497 39982
308 gi|147 3202 3253
309 gi|147 3354 3904
310 gi|147 4060 4153
311 gi|147 5472 5595
312 gi|147 30874 32053
313 gi|147 32556 32794
314 gi|147 33234 33719
315 gi|147 33973 34208
316 gi|147 34322 34389
317 gi|147 36032 36145
318 gi|148 13579 14258
319 gi|149 2539 2671
320 gi|149 3089 3216
321 gi|149 3275 3346
322 gi|149 3345 3460
323 gi|149 3448 3562
324 gi|149 3564 3649
325 gi|149 4344 4644
326 gi|149 6132 6220
327 gi|149 11351 11892
328 gi|149 13033 13155
329 gi|149 13752 13849
330 gi|149 16811 16995
331 gi|149 20863 21064
332 gi|149 23066 23174
333 gi|149 25321 25440
334 gi|149 27144 27241
335 gi|149 39724 40325
336 gi|15 4932 5005
337 gi|15 28598 28652
338 gi|150 2261 2368
339 gi|150 2429 2862
340 gi|150 11804 12170
341 gi|150 16567 17269
342 gi|150 17697 18496
343 gi|150 19437 19537
344 gi|150 20838 21441
345 gi|151 3950 4083
346 gi|151 6329 6643
347 gi|151 8222 8318
348 gi|151 9385 9440
349 gi|151 15638 15777
350 gi|152 5440 5556
351 gi|152 6199 6263
352 gi|152 32588 32679
353 gi|152 38230 38687
354 gi|152 39475 40065
355 gi|153 21948 22084
356 gi|153 22784 25870
357 gi|153 25869 26013
358 gi|153 39012 40325
359 gi|154 17468 17589
360 gi|154 19591 19763
361 gi|154 20278 20479
362 gi|154 21495 21817
363 gi|154 22681 22821
364 gi|154 22810 22935
365 gi|154 22937 23039
366 gi|154 23342 23426
367 gi|154 25463 25558
368 gi|155 17858 17903
369 gi|155 21238 21316
370 gi|155 29452 29944
371 gi|155 30008 30480
372 gi|155 30542 31306
373 gi|156 5188 5507
374 gi|156 14089 14690
375 gi|157 8129 8270
376 gi|157 12835 12977
377 gi|157 27925 28772
378 gi|157 30573 30710
379 gi|157 36404 36587
380 gi|158 15424 15503
381 gi|158 23868 23991
382 gi|158 30771 30860
383 gi|158 35139 35582
384 gi|158 38039 38214
385 gi|159 7121 7614
386 gi|159 7892 8142
387 gi|159 8244 8899
388 gi|159 9892 10319
389 gi|159 10404 10548
390 gi|159 30100 30159
391 gi|159 30401 30707
392 gi|159 31150 31255
393 gi|159 31251 31380
394 gi|16 9415 9518
395 gi|16 11401 11565
396 gi|16 13737 14196
397 gi|16 14684 14792
398 gi|16 19495 19552
399 gi|16 20902 21004
400 gi|16 35616 35736
401 gi|160 19665 19740
402 gi|160 25596 25703
403 gi|160 29661 29816
404 gi|161 14304 14388
405 gi|161 14432 14690
406 gi|162 11219 11336
407 gi|163 653 767
408 gi|163 1332 1457
409 gi|163 6345 7683
410 gi|163 8850 8914
411 gi|163 15903 16082
412 gi|163 17006 17050
413 gi|163 17281 17746
414 gi|163 17766 18310
415 gi|163 18339 18382
416 gi|163 18404 18645
417 gi|163 19543 19799
418 gi|163 20308 22079
419 gi|163 27925 28017
420 gi|163 33301 33351
421 gi|164 6140 6277
422 gi|164 11345 11491
423 gi|164 29219 29414
424 gi|164 29563 29748
425 gi|164 30786 31451
426 gi|164 31470 31566
427 gi|165 9955 10341
428 gi|165 37296 37491
429 gi|166 4054 4306
430 gi|166 4214 6086
431 gi|166 6349 6885
432 gi|166 6849 7055
433 gi|166 10600 11330
434 gi|166 24159 24280
435 gi|167 37374 37419
436 gi|168 13394 13516
437 gi|168 38957 39331
438 gi|169 1067 1242
439 gi|169 1394 1540
440 gi|169 1524 1731
441 gi|169 3787 3885
442 gi|169 4198 4393
443 gi|169 5797 5873
444 gi|169 18933 19007
445 gi|169 19364 20259
446 gi|17 1 1216
447 gi|17 9982 10351
448 gi|17 10376 10738
449 gi|17 12602 15224
450 gi|17 15239 15310
451 gi|17 15770 16003
452 gi|17 16569 16674
453 gi|17 27337 27461
454 gi|17 38093 38180
455 gi|17 39273 39511
456 gi|170 1 1251
457 gi|170 1252 4109
458 gi|170 4135 4243
459 gi|170 18262 19045
460 gi|170 19413 19848
461 gi|170 33364 34177
462 gi|170 34182 34743
463 gi|170 39302 39584
464 gi|171 5410 5647
465 gi|171 5894 5979
466 gi|171 13620 14136
467 gi|171 14887 14982
468 gi|171 22355 24296
469 gi|172 8639 8711
470 gi|172 9112 9364
471 gi|172 26333 26751
472 gi|172 30285 30515
473 gi|172 31838 31957
474 gi|173 1 1653
475 gi|173 7100 7432
476 gi|173 14047 14468
477 gi|173 17505 17938
478 gi|173 17925 18288
479 gi|173 18287 18587
480 gi|173 18573 19476
481 gi|173 19477 20013
482 gi|173 20570 21147
483 gi|173 21071 21374
484 gi|173 21360 21819
485 gi|173 21790 24312
486 gi|173 24266 24852
487 gi|173 24950 25340
488 gi|173 25333 29477
489 gi|173 29464 29981
490 gi|173 29968 33040
491 gi|173 33028 35368
492 gi|173 35332 36037
493 gi|173 35872 36274
494 gi|173 36273 36541
495 gi|173 36524 37453
496 gi|173 37445 38087
497 gi|173 38046 38431
498 gi|173 38418 40221
499 gi|173 40220 40388
500 gi|173 40387 40512
501 gi|174 7580 8073
502 gi|174 21794 21841
503 gi|174 23149 23230
504 gi|174 23935 24589
505 gi|174 36576 36955
506 gi|175 15100 16290
507 gi|175 16246 16359
508 gi|175 26545 26612
509 gi|175 26627 27055
510 gi|175 28362 28454
511 gi|175 28549 28785
512 gi|175 28758 30570
513 gi|175 30540 31097
514 gi|175 31084 32211
515 gi|175 32194 33486
516 gi|175 33472 33621
517 gi|175 33756 33838
518 gi|175 33823 34099
519 gi|175 34076 34611
520 gi|175 34638 34884
521 gi|175 34882 35409
522 gi|175 35409 35903
523 gi|175 35898 36098
524 gi|175 36082 36634
525 gi|175 36578 38572
526 gi|175 38577 39490
527 gi|175 39490 39577
528 gi|175 39567 40089
529 gi|175 40081 40170
530 gi|176 13245 15133
531 gi|176 28281 28380
532 gi|176 30543 30700
533 gi|176 30713 30775
534 gi|176 31119 31199
535 gi|176 34278 34655
536 gi|176 34877 35005
537 gi|176 38426 39075
538 gi|176 39139 39343
539 gi|176 39340 39451
540 gi|176 39409 39626
541 gi|176 39608 39838
542 gi|176 39857 39929
543 gi|176 39960 40044
544 gi|177 3842 4042
545 gi|177 6740 6889
546 gi|177 6854 6982
547 gi|177 12533 12622
548 gi|177 25160 25209
549 gi|177 26842 27921
550 gi|177 32868 34075
551 gi|177 35031 35167
552 gi|177 38064 38280
553 gi|177 39387 39700
554 gi|178 330 532
555 gi|178 11862 11941
556 gi|178 14561 14657
557 gi|178 14774 14892
558 gi|178 14948 16497
559 gi|178 16793 16886
560 gi|178 18635 18676
561 gi|178 18690 18976
562 gi|178 36685 37464
563 gi|179 19547 20292
564 gi|179 20589 21464
565 gi|179 24343 24612
566 gi|18 3946 4091
567 gi|18 10022 10290
568 gi|18 10248 10387
569 gi|18 10618 10827
570 gi|18 22814 22920
571 gi|18 23017 23217
572 gi|18 23194 23974
573 gi|18 24153 24517
574 gi|18 24722 26234
575 gi|180 8684 8916
576 gi|180 12909 13000
577 gi|180 33728 33809
578 gi|181 9105 9276
579 gi|181 10720 10763
580 gi|181 11183 11343
581 gi|181 16401 16762
582 gi|181 25019 26407
583 gi|181 36260 36833
584 gi|182 9364 9467
585 gi|182 13719 13865
586 gi|182 13923 14014
587 gi|182 14302 14516
588 gi|182 14677 14793
589 gi|182 15288 15335
590 gi|182 16019 16096
591 gi|182 22832 23338
592 gi|183 10104 10209
593 gi|183 10191 10512
594 gi|183 10513 10674
595 gi|183 32850 34564
596 gi|183 34606 34806
597 gi|184 7295 7423
598 gi|184 15339 15470
599 gi|184 32463 32583
600 gi|185 15345 15453
601 gi|185 17569 18015
602 gi|185 18323 18482
603 gi|185 29241 29411
604 gi|186 8 253
605 gi|186 383 498
606 gi|186 3086 3536
607 gi|186 8169 9225
608 gi|186 9917 10002
609 gi|186 10382 10504
610 gi|186 15024 15146
611 gi|186 38904 39003
612 gi|187 16520 16617
613 gi|188 4253 4517
614 gi|188 12216 12361
615 gi|188 12525 15634
616 gi|188 17561 17680
617 gi|188 24897 25092
618 gi|188 30479 30603
619 gi|188 36627 37050
620 gi|188 40062 40376
621 gi|189 3281 3396
622 gi|19 16487 16702
623 gi|19 16707 16975
624 gi|19 17100 17198
625 gi|19 17208 17333
626 gi|19 24315 24417
627 gi|19 24476 24616
628 gi|190 6867 8493
629 gi|190 17309 17436
630 gi|190 17673 17857
631 gi|190 17879 18296
632 gi|191 5208 5466
633 gi|191 5680 5836
634 gi|192 19798 19870
635 gi|192 22669 22739
636 gi|192 28123 28309
637 gi|192 33098 33736
638 gi|193 25673 25853
639 gi|193 27091 27203
640 gi|193 33581 33770
641 gi|193 33835 33925
642 gi|193 34406 34459
643 gi|193 34967 35058
644 gi|194 20197 20455
645 gi|194 20466 20603
646 gi|194 21141 21420
647 gi|194 38733 39055
648 gi|195 14686 14742
649 gi|195 18352 18547
650 gi|195 23350 23510
651 gi|195 33005 33211
652 gi|195 34769 34927
653 gi|196 1737 1964
654 gi|196 1964 4869
655 gi|196 27337 27462
656 gi|197 13415 13636
657 gi|197 14316 17198
658 gi|197 26115 26588
659 gi|198 17251 17558
660 gi|198 29705 29817
661 gi|198 33732 33844
662 gi|199 3397 5155
663 gi|199 13645 13738
664 gi|199 15227 15376
665 gi|199 15609 15716
666 gi|199 15725 15815
667 gi|199 17003 17369
668 gi|199 20292 20538
669 gi|199 27321 27387
670 gi|199 27928 28131
671 gi|20 16928 17083
672 gi|20 31774 31922
673 gi|20 38605 38759
674 gi|200 8229 8341
675 gi|200 10009 10267
676 gi|200 10649 12416
677 gi|200 12421 12634
678 gi|200 13193 13312
679 gi|200 13772 13956
680 gi|200 15486 15628
681 gi|200 15629 15768
682 gi|200 15914 18541
683 gi|200 18970 19147
684 gi|200 19863 20089
685 gi|200 20500 20645
686 gi|200 20790 21666
687 gi|200 22785 22847
688 gi|200 23163 23280
689 gi|200 23407 23523
690 gi|200 23995 24242
691 gi|200 25726 25877
692 gi|200 27173 27508
693 gi|200 27725 27920
694 gi|200 28110 28401
695 gi|200 28517 28616
696 gi|200 35434 35714
697 gi|201 4075 4199
698 gi|201 6930 7030
699 gi|201 14460 14535
700 gi|201 16820 17081
701 gi|201 22971 23162
702 gi|201 29162 29301
703 gi|202 1 218
704 gi|202 662 2094
705 gi|202 18494 19924
706 gi|202 31958 32114
707 gi|202 32091 32213
708 gi|202 33144 33262
709 gi|203 5689 6376
710 gi|203 6904 7677
711 gi|203 10685 10847
712 gi|203 20923 21044
713 gi|203 22298 22834
714 gi|204 3052 3167
715 gi|204 8170 8287
716 gi|204 9264 9380
717 gi|205 2906 3374
718 gi|205 5124 5201
719 gi|205 10738 10842
720 gi|205 11547 11860
721 gi|205 11811 12165
722 gi|205 12166 12490
723 gi|205 12553 12639
724 gi|205 18620 18827
725 gi|205 31290 31434
726 gi|206 12259 12491
727 gi|206 14576 14908
728 gi|206 15142 15317
729 gi|206 15698 16417
730 gi|206 16728 17390
731 gi|206 19395 19472
732 gi|206 20268 20351
733 gi|206 20412 20589
734 gi|206 20643 20808
735 gi|206 24609 24681
736 gi|206 24713 24812
737 gi|206 28946 28986
738 gi|206 30701 30852
739 gi|206 37139 37469
740 gi|207 8853 9084
741 gi|207 9659 9834
742 gi|207 9852 10023
743 gi|207 36076 36387
744 gi|207 36479 36559
745 gi|208 369 454
746 gi|208 2396 2900
747 gi|209 10231 10468
748 gi|209 12496 13194
749 gi|209 14117 14222
750 gi|21 20489 20598
751 gi|21 20776 21625
752 gi|21 35785 35899
753 gi|21 37473 37992
754 gi|210 21315 21609
755 gi|210 37029 37107
756 gi|211 6821 7211
757 gi|211 10489 10585
758 gi|211 13007 13137
759 gi|211 19393 19514
760 gi|211 28993 29211
761 gi|211 36298 36521
762 gi|211 36912 39066
763 gi|212 1464 1617
764 gi|212 1666 1817
765 gi|212 1968 2129
766 gi|212 2119 2936
767 gi|212 3877 3906
768 gi|212 13053 13547
769 gi|212 14151 14294
770 gi|212 20416 20536
771 gi|212 28281 28398
772 gi|212 31362 31524
773 gi|213 15896 15966
774 gi|213 16647 16732
775 gi|213 17103 17308
776 gi|213 18664 18788
777 gi|214 26726 26817
778 gi|214 32805 33012
779 gi|214 38101 38412
780 gi|215 5867 5994
781 gi|215 7550 7699
782 gi|215 15887 15957
783 gi|215 16208 17066
784 gi|215 26138 26213
785 gi|215 29025 35893
786 gi|216 3873 4001
787 gi|216 17192 17499
788 gi|216 37839 37915
789 gi|216 37915 38235
790 gi|217 426 582
791 gi|217 689 818
792 gi|217 1023 1711
793 gi|217 1699 1762
794 gi|217 1758 1987
795 gi|217 20390 20577
796 gi|218 17437 17705
797 gi|218 17840 17937
798 gi|218 21950 22268
799 gi|218 23109 23266
800 gi|219 2769 2812
801 gi|219 5221 5275
802 gi|219 12649 13257
803 gi|22 13978 14114
804 gi|22 27652 28092
805 gi|22 29200 29266
806 gi|22 29347 29521
807 gi|220 31138 31287
808 gi|221 1 497
809 gi|221 24622 24765
810 gi|222 1001 1440
811 gi|222 4169 4207
812 gi|222 6964 7104
813 gi|222 10130 10249
814 gi|222 11247 11616
815 gi|222 20633 20740
816 gi|222 20960 21051
817 gi|222 27388 27453
818 gi|222 27561 27793
819 gi|222 27809 27926
820 gi|222 27927 28065
821 gi|222 29525 29903
822 gi|224 32166 32269
823 gi|225 14190 17774
824 gi|225 21939 22034
825 gi|225 25565 25756
826 gi|225 26293 26464
827 gi|225 29069 29253
828 gi|226 3059 3122
829 gi|226 3170 3230
830 gi|226 3246 3305
831 gi|226 3348 3508
832 gi|226 17966 18039
833 gi|226 21092 21495
834 gi|226 22065 22226
835 gi|226 24971 25432
836 gi|226 33237 33309
837 gi|226 36926 37011
838 gi|226 37018 37168
839 gi|226 37293 37440
840 gi|226 39148 39343
841 gi|226 39607 39782
842 gi|226 39771 39970
843 gi|227 622 948
844 gi|227 2848 3463
845 gi|227 5467 5582
846 gi|227 7803 10515
847 gi|227 10526 10808
848 gi|227 10812 10880
849 gi|227 15698 16067
850 gi|227 17278 17576
851 gi|227 17919 18359
852 gi|227 19101 19367
853 gi|227 19662 21174
854 gi|227 25042 25148
855 gi|227 25216 25326
856 gi|227 31427 32572
857 gi|227 32926 33038
858 gi|227 33043 33168
859 gi|227 33362 33481
860 gi|227 33890 34906
861 gi|228 31228 31632
862 gi|23 15401 15686
863 gi|23 26964 27072
864 gi|24 7826 8022
865 gi|24 8217 8350
866 gi|25 4608 4698
867 gi|25 10217 10415
868 gi|25 10703 10773
869 gi|25 11409 11564
870 gi|25 14897 15197
871 gi|25 17781 17969
872 gi|25 32485 32698
873 gi|25 32655 32799
874 gi|25 34266 35768
875 gi|25 36202 37098
876 gi|26 34498 35120
877 gi|26 35627 35708
878 gi|26 36950 37004
879 gi|27 626 1248
880 gi|27 31288 32064
881 gi|28 16329 16745
882 gi|28 18192 18473
883 gi|28 38052 38315
884 gi|29 4088 4147
885 gi|29 6937 7104
886 gi|29 7289 7375
887 gi|29 7602 7703
888 gi|29 8020 8184
889 gi|29 12063 12506
890 gi|29 15488 15565
891 gi|29 29073 29141
892 gi|3 18039 18297
893 gi|3 18622 19030
894 gi|3 19635 19722
895 gi|3 19830 20186
896 gi|30 5746 7349
897 gi|30 7697 8688
898 gi|30 9122 9380
899 gi|30 10484 11230
900 gi|30 11373 11837
901 gi|30 12611 13777
902 gi|30 13951 14179
903 gi|31 36171 36305
904 gi|31 39622 39934
905 gi|32 23620 23759
906 gi|33 8634 8826
907 gi|33 8734 9092
908 gi|33 9975 10217
909 gi|33 20016 20573
910 gi|33 20662 21035
911 gi|33 21089 21316
912 gi|33 31679 32208
913 gi|33 35156 35215
914 gi|34 2023 2133
915 gi|34 17516 17681
916 gi|34 17971 18418
917 gi|34 18750 18910
918 gi|34 26639 26765
919 gi|34 27028 27399
920 gi|34 27548 27708
921 gi|34 32130 33759
922 gi|35 4092 4140
923 gi|35 6391 10009
924 gi|35 11919 12379
925 gi|35 12313 12493
926 gi|35 12563 12985
927 gi|35 15303 15468
928 gi|35 25410 25477
929 gi|35 25601 25714
930 gi|35 25713 26121
931 gi|35 26190 26710
932 gi|35 27008 27257
933 gi|35 27400 28054
934 gi|35 28863 34016
935 gi|35 32182 37182
936 gi|35 37191 37473
937 gi|35 37463 37864
938 gi|35 37852 38530
939 gi|36 3534 3848
940 gi|36 4042 4441
941 gi|37 6784 6927
942 gi|37 28538 28710
943 gi|38 1 409
944 gi|38 12411 12534
945 gi|38 16731 16943
946 gi|38 17216 17293
947 gi|38 18483 18656
948 gi|38 26886 27014
949 gi|38 33584 33716
950 gi|39 1 166
951 gi|39 585 701
952 gi|39 684 901
953 gi|39 919 1035
954 gi|39 993 1373
955 gi|39 1417 1651
956 gi|39 1651 5688
957 gi|39 5679 5756
958 gi|39 6972 7353
959 gi|39 7340 7490
960 gi|39 7565 7637
961 gi|39 8030 8801
962 gi|39 8802 9735
963 gi|39 9998 10268
964 gi|39 10815 12142
965 gi|39 12431 14681
966 gi|39 14677 18720
967 gi|39 18858 20228
968 gi|39 20250 21145
969 gi|39 21119 21470
970 gi|39 21418 23211
971 gi|39 23193 25684
972 gi|39 25685 26128
973 gi|39 26035 26314
974 gi|4 6868 7498
975 gi|4 10601 10704
976 gi|4 13960 14332
977 gi|4 20999 21175
978 gi|4 30223 30470
979 gi|40 18400 18531
980 gi|41 282 419
981 gi|41 480 692
982 gi|41 12011 12134
983 gi|41 19617 19720
984 gi|41 27430 27573
985 gi|41 27978 28689
986 gi|41 29301 29406
987 gi|42 3196 3274
988 gi|42 3970 4042
989 gi|42 4654 4903
990 gi|42 6226 6357
991 gi|42 21826 21966
992 gi|42 24746 25002
993 gi|42 25109 25529
994 gi|43 3462 3968
995 gi|43 4263 4697
996 gi|43 15688 15940
997 gi|43 25546 25841
998 gi|43 27011 27186
999 gi|43 34986 35144
1000 gi|44 2486 2592
1001 gi|44 8190 8420
1002 gi|44 8391 8451
1003 gi|44 19461 19586
1004 gi|45 1 164
1005 gi|45 2037 2466
1006 gi|45 3124 3241
1007 gi|45 3663 3847
1008 gi|45 5602 5751
1009 gi|45 8809 8898
1010 gi|45 10142 10462
1011 gi|45 28738 28874
1012 gi|46 4382 4789
1013 gi|46 5761 6026
1014 gi|46 11604 11724
1015 gi|46 13091 13243
1016 gi|47 20424 20669
1017 gi|47 35969 36121
1018 gi|47 36425 38072
1019 gi|48 9491 9570
1020 gi|48 28300 28654
1021 gi|49 370 514
1022 gi|49 510 632
1023 gi|49 1505 1633
1024 gi|49 1847 1935
1025 gi|49 4021 4394
1026 gi|49 7564 7653
1027 gi|49 21914 22366
1028 gi|49 22648 22756
1029 gi|49 22912 23223
1030 gi|49 23223 23442
1031 gi|49 23374 23565
1032 gi|49 23561 24075
1033 gi|49 24100 24258
1034 gi|49 24473 24701
1035 gi|49 26901 26963
1036 gi|49 29379 29678
1037 gi|49 32099 32169
1038 gi|49 34957 35203
1039 gi|49 35429 35646
1040 gi|49 35803 36022
1041 gi|5 9598 9708
1042 gi|5 17338 17434
1043 gi|5 30962 31107
1044 gi|50 36177 36322
1045 gi|51 2648 2775
1046 gi|51 22943 24806
1047 gi|51 29830 29984
1048 gi|52 5984 6135
1049 gi|52 6216 6408
1050 gi|52 8299 8494
1051 gi|52 8723 8905
1052 gi|52 8914 9535
1053 gi|52 12084 12204
1054 gi|52 12327 12593
1055 gi|52 18166 18238
1056 gi|52 19110 20673
1057 gi|52 20867 21218
1058 gi|53 2675 2788
1059 gi|53 9491 9699
1060 gi|53 9803 10029
1061 gi|53 10033 10094
1062 gi|53 10471 10788
1063 gi|53 10666 11067
1064 gi|53 13121 13234
1065 gi|53 13442 13491
1066 gi|53 13611 15246
1067 gi|53 17504 17622
1068 gi|53 17627 18161
1069 gi|53 18341 18438
1070 gi|53 19712 20051
1071 gi|53 30196 30365
1072 gi|53 35745 35893
1073 gi|54 6026 6201
1074 gi|54 7280 7501
1075 gi|54 38221 38339
1076 gi|55 1481 1588
1077 gi|55 1595 1759
1078 gi|55 8913 9912
1079 gi|55 10713 10888
1080 gi|55 13297 13405
1081 gi|55 19179 19340
1082 gi|55 39014 39134
1083 gi|56 4755 4993
1084 gi|56 5118 5332
1085 gi|56 5408 5628
1086 gi|56 12311 12492
1087 gi|56 13981 14040
1088 gi|56 14092 14560
1089 gi|56 17747 17823
1090 gi|56 19308 19990
1091 gi|56 20514 20707
1092 gi|56 21224 21882
1093 gi|56 22178 22358
1094 gi|56 23933 24047
1095 gi|56 29291 29377
1096 gi|56 33933 34730
1097 gi|56 35694 35959
1098 gi|56 36072 36230
1099 gi|56 38442 38656
1100 gi|57 6648 6826
1101 gi|58 6352 6465
1102 gi|58 6709 6806
1103 gi|58 14833 15641
1104 gi|58 23313 23451
1105 gi|58 27802 27974
1106 gi|58 28375 28650
1107 gi|58 35006 35190
1108 gi|58 36974 37134
1109 gi|59 35485 35908
1110 gi|6 16504 16966
1111 gi|6 24906 25159
1112 gi|6 27447 27579
1113 gi|60 16972 17100
1114 gi|60 24149 24277
1115 gi|60 30386 30506
1116 gi|61 14932 14979
1117 gi|61 18404 18464
1118 gi|62 6408 6581
1119 gi|62 8383 9742
1120 gi|62 27628 28956
1121 gi|62 29874 29943
1122 gi|62 31012 31850
1123 gi|62 32086 32159
1124 gi|63 17335 17448
1125 gi|63 29366 29439
1126 gi|63 36832 36969
1127 gi|64 26185 26551
1128 gi|64 26952 27226
1129 gi|64 27324 27368
1130 gi|64 28353 28826
1131 gi|64 28922 29459
1132 gi|65 26043 26282
1133 gi|65 34244 34426
1134 gi|66 98 1485
1135 gi|66 1437 5488
1136 gi|66 5480 5541
1137 gi|66 5540 5689
1138 gi|66 7497 8044
1139 gi|66 8040 10088
1140 gi|66 10083 10730
1141 gi|66 10721 10967
1142 gi|66 11040 11362
1143 gi|66 11348 11556
1144 gi|66 16230 16316
1145 gi|66 16512 17093
1146 gi|66 18444 18820
1147 gi|66 19633 20035
1148 gi|66 20033 20214
1149 gi|66 24023 25736
1150 gi|66 25854 26204
1151 gi|66 32190 32463
1152 gi|66 32845 33626
1153 gi|67 3626 6047
1154 gi|67 6048 6087
1155 gi|67 8388 8766
1156 gi|67 15693 15826
1157 gi|67 17083 17169
1158 gi|67 19611 19718
1159 gi|67 20053 20233
1160 gi|67 29237 29321
1161 gi|67 29311 29529
1162 gi|67 29462 32972
1163 gi|67 37212 37346
1164 gi|68 2612 2760
1165 gi|68 3215 3347
1166 gi|68 5336 5423
1167 gi|68 22719 23174
1168 gi|68 23656 23753
1169 gi|68 23772 24000
1170 gi|68 39164 39244
1171 gi|68 39461 39661
1172 gi|69 1 83
1173 gi|7 2233 2306
1174 gi|7 6149 6507
1175 gi|7 6519 8255
1176 gi|7 13937 14330
1177 gi|7 24641 24740
1178 gi|7 39448 39878
1179 gi|7 39879 39957
1180 gi|70 35696 35898
1181 gi|71 29487 29672
1182 gi|72 1 6658
1183 gi|72 6631 12341
1184 gi|72 11956 17569
1185 gi|72 17563 21550
1186 gi|72 21511 22270
1187 gi|72 22211 22545
1188 gi|72 22426 23427
1189 gi|72 23316 23928
1190 gi|72 23926 23993
1191 gi|72 23986 24537
1192 gi|72 24640 25164
1193 gi|73 122 367
1194 gi|73 341 902
1195 gi|73 988 2581
1196 gi|73 2576 4066
1197 gi|73 4035 8665
1198 gi|73 8657 13801
1199 gi|73 13803 13989
1200 gi|73 14752 15040
1201 gi|73 21725 21829
1202 gi|73 23251 23567
1203 gi|73 24024 24434
1204 gi|73 24564 24769
1205 gi|73 27247 27642
1206 gi|73 32678 32716
1207 gi|73 33611 33786
1208 gi|73 33783 33875
1209 gi|73 34071 34213
1210 gi|73 34292 34437
1211 gi|73 36772 37636
1212 gi|73 37614 38666
1213 gi|74 9562 9754
1214 gi|74 16596 16862
1215 gi|75 456 1130
1216 gi|75 1429 1553
1217 gi|75 2114 2283
1218 gi|75 3134 3247
1219 gi|75 3358 3473
1220 gi|75 3936 4161
1221 gi|75 4380 4826
1222 gi|75 5676 5734
1223 gi|75 6119 6236
1224 gi|75 6344 6457
1225 gi|75 7060 7159
1226 gi|75 7459 7575
1227 gi|75 9303 9416
1228 gi|75 11339 13097
1229 gi|75 18574 18835
1230 gi|75 22219 22360
1231 gi|75 22383 22770
1232 gi|75 24444 24938
1233 gi|75 25128 25692
1234 gi|75 27819 27936
1235 gi|75 28633 28808
1236 gi|75 28804 28918
1237 gi|75 28910 31568
1238 gi|75 31647 31895
1239 gi|75 31973 32020
1240 gi|75 32069 33474
1241 gi|75 33407 36015
1242 gi|75 36007 37452
1243 gi|75 37003 38676
1244 gi|75 38680 39434
1245 gi|75 39462 40171
1246 gi|76 20823 22374
1247 gi|77 2630 2718
1248 gi|77 9285 9508
1249 gi|77 10298 12452
1250 gi|77 18440 18870
1251 gi|77 22778 22864
1252 gi|77 29991 30134
1253 gi|77 30713 31159
1254 gi|77 37156 37284
1255 gi|77 37887 38132
1256 gi|78 8313 8414
1257 gi|78 14196 14333
1258 gi|78 28964 29548
1259 gi|79 36292 36444
1260 gi|79 36787 36888
1261 gi|79 37279 37457
1262 gi|8 151 248
1263 gi|8 5033 5344
1264 gi|8 10691 10814
1265 gi|8 11130 11326
1266 gi|8 11296 11564
1267 gi|8 17060 17450
1268 gi|8 18985 19246
1269 gi|8 19746 19811
1270 gi|8 19917 22564
1271 gi|8 22594 22950
1272 gi|8 22932 23252
1273 gi|8 23164 25392
1274 gi|8 26086 28408
1275 gi|8 29007 29822
1276 gi|8 29961 31044
1277 gi|8 31011 31088
1278 gi|8 31235 31441
1279 gi|8 31473 32067
1280 gi|8 32068 32127
1281 gi|8 32313 32521
1282 gi|8 32517 32827
1283 gi|8 32821 32941
1284 gi|8 33389 33666
1285 gi|8 34326 35792
1286 gi|8 35792 36573
1287 gi|80 9310 10158
1288 gi|80 14978 15070
1289 gi|80 15253 15307
1290 gi|81 2610 2740
1291 gi|81 3178 3305
1292 gi|81 17859 18209
1293 gi|81 18639 18822
1294 gi|81 18896 19176
1295 gi|81 23371 24787
1296 gi|81 37402 37645
1297 gi|81 37783 38105
1298 gi|81 38265 38425
1299 gi|82 5264 5395
1300 gi|82 16943 17030
1301 gi|82 19569 19695
1302 gi|82 19649 19774
1303 gi|82 21708 22494
1304 gi|82 22844 23257
1305 gi|82 28141 28305
1306 gi|82 33429 33478
1307 gi|83 30471 30941
1308 gi|83 30937 31445
1309 gi|83 31504 31642
1310 gi|83 33168 33310
1311 gi|83 35995 36132
1312 gi|83 36405 36607
1313 gi|83 36589 37269
1314 gi|83 37406 37613
1315 gi|84 307 428
1316 gi|84 12335 12459
1317 gi|85 10066 10132
1318 gi|85 10213 10376
1319 gi|85 22785 23321
1320 gi|85 25454 25569
1321 gi|86 23902 24029
1322 gi|86 26157 26325
1323 gi|86 34764 34878
1324 gi|86 35052 35188
1325 gi|87 6688 6763
1326 gi|87 24221 24295
1327 gi|87 24387 24605
1328 gi|87 31494 32028
1329 gi|87 33055 33273
1330 gi|87 39837 39963
1331 gi|88 3922 4051
1332 gi|88 4363 4490
1333 gi|88 11086 11182
1334 gi|88 11415 11534
1335 gi|88 17893 17950
1336 gi|88 23978 26406
1337 gi|88 26475 26590
1338 gi|88 27197 27399
1339 gi|88 28756 28826
1340 gi|89 5858 5894
1341 gi|89 6138 6340
1342 gi|89 6294 6468
1343 gi|89 8233 8303
1344 gi|89 9412 9759
1345 gi|89 11323 13194
1346 gi|9 2935 3093
1347 gi|9 3439 3529
1348 gi|9 5119 5244
1349 gi|9 6463 6557
1350 gi|9 6981 7088
1351 gi|9 12028 12592
1352 gi|9 12776 12849
1353 gi|9 24671 24869
1354 gi|9 25873 26243
1355 gi|90 13143 13240
1356 gi|90 28631 28741
1357 gi|90 29183 29499
1358 gi|91 9343 9701
1359 gi|91 23282 23550
1360 gi|92 5520 5623
1361 gi|92 20832 20917
1362 gi|92 24653 24807
1363 gi|92 34537 34811
1364 gi|93 1626 2018
1365 gi|93 9864 10586
1366 gi|93 12254 12350
1367 gi|93 12358 12583
1368 gi|93 16287 16370
1369 gi|93 30735 30841
1370 gi|93 30872 31134
1371 gi|93 31096 31346
1372 gi|93 31346 31407
1373 gi|94 13267 13372
1374 gi|94 16475 16611
1375 gi|94 16553 16864
1376 gi|94 17141 17498
1377 gi|94 37792 37940
1378 gi|95 2559 2664
1379 gi|95 32031 32071
1380 gi|96 335 771
1381 gi|96 952 2164
1382 gi|96 2034 2598
1383 gi|96 13265 13443
1384 gi|96 23066 23258
1385 gi|96 24478 24531
1386 gi|97 745 897
1387 gi|97 19040 19165
1388 gi|97 26284 26360
1389 gi|97 26595 27783
1390 gi|97 30132 30496
1391 gi|97 31933 32159
1392 gi|97 32606 32700
1393 gi|97 33863 34292
1394 gi|97 36934 38354
1395 gi|97 38744 39999
1396 gi|98 8450 8499
1397 gi|98 8558 10261
1398 gi|98 15133 15252
1399 gi|98 15931 16222
1400 gi|98 29914 30274
1401 gi|98 30533 30811
1402 gi|98 30875 31361
1403 gi|99 6565 6710
1404 gi|99 16771 17185
1405 gi|99 17208 17355
1406 gi|99 18043 18175
1407 gi|99 22699 22743
1408 gi|99 32108 33156
1409 gi|99 33152 33414
1410 gi|99 35433 35585
