#  fam    ele   dir  sequence    start     end
     1      1  1       gi|1    13272    13363 
     1     31 -1      gi|17     1321     1416 
     2      2  1       gi|1    25083    25146 
     2    191 -1      gi|61     9674     9737 
     3      3  1       gi|1    34016    34457 
     3    112 -1      gi|39    31076    31532 
     4      4  1      gi|10     1932     2128 
     4     22 -1      gi|13    31408    31880 
     4    220  1       gi|7    20120    20266 
     4    222  1       gi|7    20515    20671 
     4    224  1       gi|7    21212    21404 
     5      6  1      gi|10    25154    25316 
     5     55  1      gi|25    19397    19558 
     6      7  1      gi|10    25375    25666 
     6     56  1      gi|25    19863    20105 
     6    140 -1      gi|49     8966     9101 
     7      8  1      gi|10    25674    25829 
     7    103  1      gi|38    18765    19204 
     7    231 -1      gi|72    14045    14475 
     8      9  1      gi|11     1827     1959 
     8     45 -1      gi|23    25869    26001 
     9     10  1      gi|11     2131     5240 
     9     44 -1      gi|23    22784    25870 
    10     11  1      gi|11    18121    18477 
    10    108 -1      gi|39    23987    24285 
    10    261  1      gi|75     5855     6350 
    10     42  1      gi|22    25409    25527 
    10    201 -1      gi|67    20439    20792 
    10    283 -1      gi|76    10512    10590 
    11     12  1      gi|11    18472    18742 
    11    200 -1      gi|67    19853    20445 
    11    159  1      gi|53     1337     1849 
    11    164 -1      gi|53    24619    24934 
    12     13  1      gi|11    18920    19047 
    12     80 -1      gi|32    13742    13862 
    13     14  1      gi|12     1524     1731 
    13     23 -1      gi|14     8190     8420 
    13     94 -1      gi|35    39850    39978 
    14     15  1      gi|13    12358    12497 
    14    119 -1      gi|40    25546    25675 
    15     16  1      gi|13    16287    16370 
    15    107  1      gi|39    10783    10866 
    16     17  1      gi|13    29912    30199 
    16     52 -1      gi|25     1273     1560 
    17     18  1      gi|13    30139    30637 
    17     51 -1      gi|25      714     1202 
    18     19  1      gi|13    30723    30943 
    18     53 -1      gi|25     4137     4368 
    18    170 -1       gi|6     3068     3216 
    19     20  1      gi|13    30897    31092 
    19    230  1      gi|72     7164     7354 
    20     21  1      gi|13    31170    31343 
    20    165 -1      gi|55    26477    26648 
    20    294 -1      gi|51    31591    31764 
    20    295 -1      gi|76    10104    10195 
    20    195 -1      gi|62    33144    33259 
    21     24  1      gi|14    19460    19583 
    21     95 -1      gi|36     5876     6000 
    22     25  1      gi|15    10022    10290 
    22    226  1      gi|71    16571    16839 
    23     26  1      gi|15    10653    10827 
    23    227  1      gi|71    17256    17430 
    24     27  1      gi|15    21613    24983 
    24     66 -1      gi|30     8810     8864 
    24    125  1      gi|44    37915    38234 
    24    210  1      gi|67    36934    40325 
    25     28  1      gi|15    25926    27486 
    25    206  1      gi|67    33307    34868 
    26     29  1      gi|15    27488    27707 
    26    207  1      gi|67    35083    35301 
    27     30  1      gi|15    27703    29078 
    27    209  1      gi|67    35604    36945 
    28     32  1      gi|17     8241     8505 
    28     74  1      gi|32      265      653 
    28    150  1      gi|50    10239    10515 
    29     33  1      gi|17    11268    11386 
    29    181  1       gi|6    15574    15691 
    30     34  1      gi|17    18711    18772 
    30    113 -1      gi|39    31517    31581 
    31     35  1      gi|17    32552    33370 
    31    260 -1      gi|74    34035    34816 
    32     36  1      gi|17    33544    34027 
    32    259 -1      gi|74    33328    33810 
    32    285 -1       gi|9     6334     6807 
    33     37  1      gi|19    20121    20349 
    33    127 -1      gi|45    22929    23146 
    34     38  1      gi|19    26150    26239 
    34    149  1      gi|50     4191     4261 
    34    152 -1      gi|50    23036    23125 
    35     39  1       gi|2     2974     3140 
    35     89 -1      gi|33    14167    14330 
    36     40  1       gi|2     3352     3440 
    36     88 -1      gi|33    13948    14036 
    37     41  1       gi|2    18215    18503 
    37    288  1       gi|9    28446    28724 
    38     43  1      gi|22    26457    26568 
    38     97 -1      gi|36    28280    28394 
    39     46  1      gi|23    39012    40324 
    39    229 -1      gi|72      404     1637 
    39    257 -1      gi|74    26182    26308 
    39    258 -1      gi|74    26376    26543 
    40     47  1      gi|24    31674    31801 
    40    115  1       gi|4    21433    21556 
    41     48  1      gi|24    31879    31982 
    41    116  1       gi|4    21703    21806 
    42     49  1      gi|24    32661    34868 
    42    167 -1      gi|57     4994     7185 
    43     50  1      gi|25       24      131 
    43    118  1      gi|40    14022    14129 
    44     54  1      gi|25     4757     4852 
    44    194  1      gi|62    32114    32209 
    45     57  1      gi|25    32030    32350 
    45    142  1      gi|49    28772    29064 
    46     58  1      gi|25    39070    39287 
    46    154  1      gi|51    31147    31374 
    47     59  1      gi|29     1987     2183 
    47    106 -1      gi|39     4629     4827 
    48     60  1      gi|29     2894     2948 
    48    105 -1      gi|39     3739     3793 
    49     61  1      gi|29    20555    20813 
    49     84  1      gi|32    24480    24800 
    50     62  1      gi|29    30241    30303 
    50    192 -1      gi|61    10488    10550 
    51     63  1       gi|3     1964     4872 
    51    274 -1      gi|75    26724    29609 
    52     64  1       gi|3    27337    27462 
    52    129  1      gi|46    19921    20065 
    52    131 -1      gi|46    20860    21010 
    52    252  1      gi|72    40385    40537 
    53     65  1      gi|30     3322     3493 
    53    185 -1       gi|6    27138    27292 
    54     67  1      gi|30    16472    16621 
    54    189 -1      gi|60    31497    31695 
    54     91  1      gi|35    13409    13514 
    55     68  1      gi|30    33030    33136 
    55    289 -1       gi|9    36734    36840 
    56     69  1      gi|30    36176    36217 
    56    254  1      gi|73    15501    16068 
    56     71  1      gi|30    36557    36643 
    56    128 -1      gi|46     1507     2072 
    56    161  1      gi|53    14631    14717 
    56    183  1       gi|6    20864    21068 
    57     70  1      gi|30    36316    36582 
    57    162  1      gi|53    14852    15088 
    58     72  1      gi|30    38088    38180 
    58    225  1       gi|7    22937    23039 
    58    268 -1      gi|75    21919    21996 
    59     73  1      gi|31    24149    24548 
    59    263  1      gi|75    14622    15021 
    59    272 -1      gi|75    23957    24295 
    59    175 -1       gi|6    11202    11354 
    60     76  1      gi|32     8804     9314 
    60    180 -1       gi|6    13165    13676 
    61     77  1      gi|32     9530     9705 
    61    178 -1       gi|6    12650    12834 
    62     78  1      gi|32     9685     9763 
    62    176 -1       gi|6    12045    12127 
    63     81  1      gi|32    13946    14091 
    63    218 -1       gi|7    17484    17556 
    64     82  1      gi|32    17958    19315 
    64    109  1      gi|39    26292    27651 
    65     83  1      gi|32    22035    22105 
    65    110  1      gi|39    27639    27781 
    66     85  1      gi|32    34780    34820 
    66    134  1      gi|48    11807    11845 
    67     86  1      gi|32    35822    35949 
    67    174  1       gi|6     6149     6276 
    68     87  1      gi|32    39006    39115 
    68    187  1      gi|60    19242    19362 
    69     90  1      gi|33    24641    24723 
    69    114 -1      gi|39    31787    31859 
    69    202  1      gi|67    20821    20895 
    69    217  1      gi|69    24745    24821 
    70     92  1      gi|35    25395    25483 
    70    117 -1       gi|4    35335    35420 
    71     93  1      gi|35    39542    39780 
    71    132  1      gi|48     2949     3186 
    72     96  1      gi|36    18058    18132 
    72    198 -1      gi|65    21029    21107 
    73     98  1      gi|37     6856     6967 
    73    138  1      gi|48    17734    17821 
    73    173  1       gi|6     5954     6071 
    74     99  1      gi|37    22694    22879 
    74    148 -1       gi|5    39710    39882 
    75    100  1      gi|38     3207     3402 
    75    123 -1      gi|41    27949    28144 
    76    101  1      gi|38     4180     4410 
    76    122 -1      gi|41    26937    27183 
    77    102  1      gi|38    17765    18038 
    77    136  1      gi|48    14061    14314 
    77    160 -1      gi|53     8479     8753 
    77    104  1      gi|38    19483    19733 
    77    137  1      gi|48    14217    14562 
    78    111  1      gi|39    31025    31109 
    78    168 -1      gi|58    21939    22023 
    79    120  1      gi|40    28702    29158 
    79    135 -1      gi|48    12105    12552 
    80    121  1      gi|40    29634    29820 
    80    133 -1      gi|48    11411    11597 
    81    124  1      gi|42     6923     7034 
    81    247  1      gi|72    36276    36463 
    81    304 -1      gi|75    38894    39882 
    81    241  1      gi|72    26919    28031 
    81    248  1      gi|72    37493    37848 
    81    312 -1      gi|72    34433    35368 
    81    277  1      gi|75    30581    31679 
    82    126  1      gi|45    21615    21708 
    82    255  1      gi|74     6685     6770 
    83    130  1      gi|46    20725    20778 
    83    253  1      gi|72    40654    40703 
    84    139  1      gi|48    19308    19990 
    84    286  1       gi|9    14901    15641 
    85    141  1      gi|49     9153     9283 
    85    266 -1      gi|75    21514    21621 
    86    143  1       gi|5    20148    20431 
    86    158 -1      gi|52    31038    31326 
    87    144  1       gi|5    21079    21742 
    87    157 -1      gi|52    29811    30456 
    88    145  1       gi|5    24092    24257 
    88    172 -1       gi|6     3448     3561 
    88    221 -1       gi|7    20305    20466 
    89    146  1       gi|5    24633    24711 
    89    197 -1      gi|63     3800     3878 
    90    147  1       gi|5    39399    39570 
    90    186 -1       gi|6    37834    38012 
    91    151  1      gi|50    21307    21747 
    91    211  1      gi|68     4602     5010 
    91    214 -1      gi|68    39498    39934 
    92    153  1      gi|50    32703    32809 
    92    156  1      gi|52    29200    29296 
    92    188 -1      gi|60    24219    24288 
    93    163  1      gi|53    24079    24360 
    93    262 -1      gi|75     6612     6882 
    94    166  1      gi|55    27015    27169 
    94    179  1       gi|6    13028    13186 
    95    169  1      gi|58    25572    25743 
    95    171 -1       gi|6     3275     3346 
    95    205 -1      gi|67    32087    32232 
    96    177  1       gi|6    12124    12665 
    96    223  1       gi|7    20672    21212 
    97    184  1       gi|6    23066    23174 
    97    215 -1      gi|69    23831    23939 
    98    190  1      gi|61     7080     7211 
    98    199  1      gi|66    35775    35906 
    99    193  1      gi|62    31958    32114 
    99    219  1       gi|7    19591    19763 
   100    196  1      gi|63     1989     2129 
   100    216 -1      gi|69    24546    24674 
   101    203  1      gi|67    25742    25822 
   101    212  1      gi|68    32475    32560 
   102    204  1      gi|67    25970    26037 
   102    213  1      gi|68    32690    32761 
   103    228  1      gi|72      118      229 
   103    256  1      gi|74    25545    25654 
   104    233  1      gi|72    18288    18583 
   104    307 -1      gi|75    24352    24642 
   104    238 -1      gi|72    21071    21361 
   104    308  1      gi|72    38077    38418 
   104    267 -1      gi|75    21667    21742 
   105    234  1      gi|72    18581    19476 
   105    310 -1      gi|75    35493    37512 
   105    239 -1      gi|72    21800    24312 
   105    309 -1      gi|75    34945    35492 
   106    235  1      gi|72    19489    19854 
   106    276 -1      gi|75    29922    30285 
   107    236  1      gi|72    19813    20013 
   107    275 -1      gi|75    29611    29811 
   108    237  1      gi|72    20571    20905 
   108    279  1      gi|75    33273    33631 
   108    240 -1      gi|72    24933    25293 
   108    251  1      gi|72    40221    40388 
   109    242  1      gi|72    28245    29475 
   109    303 -1      gi|75    37382    38889 
   109    278  1      gi|75    31947    33217 
   109    311 -1      gi|72    33028    34433 
   109    244  1      gi|72    29969    30029 
   109    250  1      gi|72    38413    39685 
   110    243  1      gi|72    29478    29967 
   111    246  1      gi|72    35337    35824 
   112    264  1      gi|75    21387    21471 
   112    297 -1      gi|32     2384     2482 
   112    298 -1      gi|72    17517    17599 
   112    302 -1      gi|32    13425    13509 
   112    299  1      gi|75    23047    23124 
   113    265  1      gi|75    21473    21521 
   113    301 -1      gi|32    13042    13425 
   113    300  1      gi|75    23132    23527 
   113    296 -1      gi|32     2221     2384 
   114    269  1      gi|75    22625    22910 
   114    291  1      gi|10     3611     3855 
   114    292  1      gi|67    35300    35579 
   114    293  1      gi|75    23702    23955 
   115    284  1       gi|8    35972    36114 
   115    290  1       gi|9    36983    37134 
   115    305 -1       gi|6    16828    16983 
   115    306 -1       gi|9    27816    27974 
