1 gi|1 13272 13363
2 gi|1 25083 25146
3 gi|1 34016 34457
4 gi|10 1931 2128
5 gi|10 3598 3860
6 gi|10 25154 25316
7 gi|10 25375 25666
8 gi|10 25674 25829
9 gi|11 1827 1959
10 gi|11 2131 5240
11 gi|11 18121 18477
12 gi|11 18472 18742
13 gi|11 18920 19047
14 gi|12 1524 1731
15 gi|13 12358 12497
16 gi|13 16287 16370
17 gi|13 29912 30199
18 gi|13 30139 30637
19 gi|13 30723 30943
20 gi|13 30897 31092
21 gi|13 31169 31346
22 gi|13 31408 31880
23 gi|14 8190 8420
24 gi|14 19460 19583
25 gi|15 10022 10290
26 gi|15 10653 10827
27 gi|15 21612 24983
28 gi|15 25926 27486
29 gi|15 27488 27707
30 gi|15 27703 29078
31 gi|17 1321 1416
32 gi|17 8241 8508
33 gi|17 11268 11386
34 gi|17 18711 18772
35 gi|17 32552 33370
36 gi|17 33544 34027
37 gi|19 20121 20349
38 gi|19 26149 26239
39 gi|2 2974 3140
40 gi|2 3352 3440
41 gi|2 18215 18503
42 gi|22 25409 25533
43 gi|22 26457 26568
44 gi|23 22784 25870
45 gi|23 25869 26001
46 gi|23 39012 40324
47 gi|24 31674 31801
48 gi|24 31879 31982
49 gi|24 32661 34868
50 gi|25 24 131
51 gi|25 714 1202
52 gi|25 1273 1560
53 gi|25 4137 4368
54 gi|25 4757 4852
55 gi|25 19397 19558
56 gi|25 19863 20105
57 gi|25 32030 32350
58 gi|25 39070 39287
59 gi|29 1987 2183
60 gi|29 2894 2948
61 gi|29 20555 20813
62 gi|29 30241 30303
63 gi|3 1964 4872
64 gi|3 27337 27462
65 gi|30 3322 3493
66 gi|30 8810 8864
67 gi|30 16472 16622
68 gi|30 33030 33136
69 gi|30 36176 36217
70 gi|30 36316 36582
71 gi|30 36557 36643
72 gi|30 38081 38180
73 gi|31 24149 24548
74 gi|32 265 653
75 gi|32 2221 2483
76 gi|32 8804 9314
77 gi|32 9530 9705
78 gi|32 9685 9763
79 gi|32 13042 13510
80 gi|32 13742 13862
81 gi|32 13946 14091
82 gi|32 17958 19315
83 gi|32 22035 22105
84 gi|32 24480 24800
85 gi|32 34780 34820
86 gi|32 35822 35949
87 gi|32 39006 39115
88 gi|33 13948 14036
89 gi|33 14167 14330
90 gi|33 24641 24723
91 gi|35 13409 13514
92 gi|35 25395 25483
93 gi|35 39542 39780
94 gi|35 39850 39983
95 gi|36 5876 6000
96 gi|36 18058 18132
97 gi|36 28280 28394
98 gi|37 6856 6969
99 gi|37 22694 22879
100 gi|38 3207 3402
101 gi|38 4180 4410
102 gi|38 17765 18043
103 gi|38 18765 19208
104 gi|38 19483 19733
105 gi|39 3739 3793
106 gi|39 4629 4827
107 gi|39 10783 10866
108 gi|39 23987 24285
109 gi|39 26292 27651
110 gi|39 27639 27781
111 gi|39 31025 31109
112 gi|39 31076 31532
113 gi|39 31517 31581
114 gi|39 31784 31864
115 gi|4 21433 21556
116 gi|4 21703 21806
117 gi|4 35335 35420
118 gi|40 14022 14129
119 gi|40 25546 25675
120 gi|40 28702 29158
121 gi|40 29634 29820
122 gi|41 26937 27183
123 gi|41 27949 28144
124 gi|42 6923 7034
125 gi|44 37915 38234
126 gi|45 21615 21708
127 gi|45 22929 23146
128 gi|46 1507 2072
129 gi|46 19919 20065
130 gi|46 20725 20778
131 gi|46 20860 21011
132 gi|48 2949 3186
133 gi|48 11411 11597
134 gi|48 11807 11845
135 gi|48 12105 12552
136 gi|48 14061 14314
137 gi|48 14217 14562
138 gi|48 17732 17821
139 gi|48 19308 19990
140 gi|49 8966 9101
141 gi|49 9153 9283
142 gi|49 28772 29064
143 gi|5 20148 20431
144 gi|5 21079 21742
145 gi|5 24092 24257
146 gi|5 24633 24711
147 gi|5 39399 39570
148 gi|5 39710 39882
149 gi|50 4191 4261
150 gi|50 10239 10515
151 gi|50 21307 21747
152 gi|50 23036 23125
153 gi|50 32701 32809
154 gi|51 31147 31374
155 gi|51 31590 31778
156 gi|52 29200 29296
157 gi|52 29811 30456
158 gi|52 31038 31326
159 gi|53 1337 1849
160 gi|53 8475 8753
161 gi|53 14631 14717
162 gi|53 14852 15088
163 gi|53 24079 24360
164 gi|53 24619 24934
165 gi|55 26476 26650
166 gi|55 27015 27169
167 gi|57 4994 7185
168 gi|58 21939 22023
169 gi|58 25572 25747
170 gi|6 3068 3216
171 gi|6 3275 3346
172 gi|6 3448 3562
173 gi|6 5954 6076
174 gi|6 6149 6276
175 gi|6 11202 11356
176 gi|6 12045 12127
177 gi|6 12124 12665
178 gi|6 12650 12834
179 gi|6 13028 13186
180 gi|6 13165 13676
181 gi|6 15574 15691
182 gi|6 16811 16988
183 gi|6 20863 21072
184 gi|6 23066 23174
185 gi|6 27138 27292
186 gi|6 37834 38012
187 gi|60 19242 19362
188 gi|60 24217 24291
189 gi|60 31497 31695
190 gi|61 7080 7211
191 gi|61 9674 9737
192 gi|61 10488 10550
193 gi|62 31958 32114
194 gi|62 32114 32209
195 gi|62 33144 33261
196 gi|63 1989 2129
197 gi|63 3800 3878
198 gi|65 21029 21107
199 gi|66 35775 35906
200 gi|67 19853 20447
201 gi|67 20439 20794
202 gi|67 20820 20895
203 gi|67 25742 25822
204 gi|67 25970 26037
205 gi|67 32087 32232
206 gi|67 33307 34868
207 gi|67 35083 35301
208 gi|67 35270 35579
209 gi|67 35604 36945
210 gi|67 36934 40325
211 gi|68 4602 5010
212 gi|68 32475 32560
213 gi|68 32690 32761
214 gi|68 39498 39934
215 gi|69 23831 23939
216 gi|69 24546 24674
217 gi|69 24740 24823
218 gi|7 17484 17556
219 gi|7 19591 19763
220 gi|7 20120 20269
221 gi|7 20305 20466
222 gi|7 20512 20671
223 gi|7 20672 21212
224 gi|7 21212 21407
225 gi|7 22937 23039
226 gi|71 16571 16839
227 gi|71 17256 17430
228 gi|72 118 229
229 gi|72 404 1637
230 gi|72 7164 7354
231 gi|72 14043 14475
232 gi|72 17510 17624
233 gi|72 18287 18584
234 gi|72 18581 19476
235 gi|72 19489 19854
236 gi|72 19813 20013
237 gi|72 20571 20905
238 gi|72 21071 21361
239 gi|72 21800 24312
240 gi|72 24933 25293
241 gi|72 26919 28031
242 gi|72 28241 29477
243 gi|72 29477 29967
244 gi|72 29969 30029
245 gi|72 33028 35368
246 gi|72 35337 35832
247 gi|72 36276 36463
248 gi|72 37493 37848
249 gi|72 38046 38424
250 gi|72 38413 39685
251 gi|72 40221 40388
252 gi|72 40383 40537
253 gi|72 40654 40703
254 gi|73 15501 16068
255 gi|74 6685 6770
256 gi|74 25545 25654
257 gi|74 26182 26308
258 gi|74 26376 26543
259 gi|74 33328 33810
260 gi|74 34035 34816
261 gi|75 5855 6350
262 gi|75 6612 6882
263 gi|75 14622 15024
264 gi|75 21386 21477
265 gi|75 21473 21521
266 gi|75 21514 21621
267 gi|75 21667 21742
268 gi|75 21919 21996
269 gi|75 22621 22910
270 gi|75 23022 23527
271 gi|75 23673 23957
272 gi|75 23956 24295
273 gi|75 24346 24674
274 gi|75 26724 29609
275 gi|75 29611 29811
276 gi|75 29922 30285
277 gi|75 30581 31679
278 gi|75 31942 33217
279 gi|75 33271 33631
280 gi|75 34945 37512
281 gi|75 37382 39882
282 gi|76 10104 10209
283 gi|76 10511 10591
284 gi|8 35969 36121
285 gi|9 6334 6807
286 gi|9 14901 15641
287 gi|9 27802 27974
288 gi|9 28446 28724
289 gi|9 36734 36840
290 gi|9 36974 37134
