#  fam    ele   dir  sequence    start     end
     1      1  1       gi|1     7370     7538 
     1    327  1     gi|145     6812     6901 
     1    671  1     gi|201    20795    20900 
     1   1340  1      gi|96     1498     1670 
     1    363 -1     gi|148     8168     8279 
     2      2  1       gi|1    10612    10816 
     2    696  1     gi|204    25923    26078 
     2   1277 -1      gi|91     8663     8840 
     2    543 -1     gi|181    11441    11564 
     3      3  1       gi|1    35645    35807 
     3    127 -1     gi|119     7127     7276 
     4      4  1      gi|10    25906    26442 
     4    113  1     gi|116    38638    39162 
     4   1051 -1      gi|57    29473    29531 
     4   1160 -1      gi|75    22530    22667 
     5      5  1      gi|10    33415    33734 
     5   1139  1      gi|74    35413    35734 
     6      6  1      gi|10    33791    34035 
     6   1140  1      gi|74    35932    36176 
     7      7  1     gi|100     8179     8340 
     7    617  1     gi|194     1104     1262 
     7    621 -1     gi|194    16418    16532 
     7    622  1     gi|194    17153    17281 
     7    627  1     gi|194    32428    32536 
     7    705  1     gi|206      957     1072 
     8      8  1     gi|100     9264     9380 
     8    569 -1     gi|187      442      552 
     9      9  1     gi|101    10794    11112 
     9    253 -1     gi|132    31363    31674 
    10     10  1     gi|101    11718    11822 
    10   1100 -1      gi|67      891     1104 
    10   1030 -1      gi|53    37399    37550 
    10   1097 -1      gi|66      482      576 
    11     11  1     gi|101    13189    13631 
    11   1295  1      gi|92    25661    26124 
    11    987  1      gi|46    17807    18179 
    12     13  1     gi|101    15114    15195 
    12    340  1     gi|146    15386    15459 
    13     14  1     gi|101    16042    16271 
    13    982 -1      gi|46    14581    15729 
    13   1290 -1      gi|92    22193    23513 
    14     15  1     gi|101    17797    19304 
    14   1221 -1      gi|84    18951    20461 
    15     16  1     gi|102    13916    14005 
    15    938  1      gi|40    26850    26942 
    16     17  1     gi|102    28408    28571 
    16    153  1     gi|121    38272    38427 
    17     18  1     gi|103    18039    18842 
    17    366 -1     gi|149    13923    14236 
    17    631 -1     gi|195     4213     5022 
    17    634  1     gi|195    26995    27150 
    18     19  1     gi|103    32689    32751 
    18    863 -1      gi|30     2328     2386 
    19     20  1     gi|104     5208     5466 
    19    677 -1     gi|201    37025    37400 
    19   1274 -1      gi|90    25740    26111 
    20     21  1     gi|104     5694     5783 
    20    323 -1     gi|143    23675    23755 
    20   1367  1     gi|131    38641    38736 
    20   1368  1     gi|223     8160     8252 
    21     22  1     gi|104    29976    30045 
    21     77  1     gi|112     9803    10029 
    21    605  1     gi|192    38456    38661 
    22     23  1     gi|105    18790    18971 
    22    142 -1      gi|12    20238    20428 
    23     24  1     gi|105    19264    19450 
    23    141 -1      gi|12    19680    19921 
    24     25  1     gi|105    20006    20458 
    24    140 -1      gi|12    18755    19177 
    25     26  1     gi|105    20878    21176 
    25    139 -1      gi|12    18039    18339 
    26     27  1     gi|105    22156    22220 
    26    138 -1      gi|12    15750    15812 
    27     28  1     gi|105    22647    23318 
    27    137 -1      gi|12    14474    15187 
    28     29  1     gi|105    23347    23751 
    28    136 -1      gi|12    13955    14327 
    29     30  1     gi|105    24262    24341 
    29   1263 -1      gi|89    24749    25137 
    29   1370  1      gi|93    17217    17301 
    29   1369  1      gi|93    16910    17217 
    30     31  1     gi|105    24811    24908 
    30   1126 -1      gi|74    14721    14824 
    31     32  1     gi|105    30471    30996 
    31    818 -1     gi|226     4584     5111 
    32     33  1     gi|105    35348    35640 
    32    739 -1     gi|211    14791    15041 
    33     34  1     gi|106      609      878 
    33    115  1     gi|117    12412    12679 
    34     35  1     gi|106     1463     1520 
    34    214  1     gi|128    15168    15225 
    35     36  1     gi|106     2861     2908 
    35    353 -1     gi|147    25628    25675 
    36     37  1     gi|106    20763    20851 
    36   1123 -1      gi|73    39545    39920 
    36     39  1     gi|106    23353    23731 
    37     38  1     gi|106    21312    21480 
    37    371  1      gi|15    22598    22759 
    38     40  1     gi|106    32747    32943 
    38    759  1     gi|215    30713    30893 
    39     41  1     gi|106    34442    34520 
    39   1371  1      gi|91     8138     8287 
    39    156 -1     gi|122    35220    35579 
    39    542  1     gi|181    10703    10773 
    39    352  1     gi|147    24571    24636 
    39    698 -1     gi|204    26652    26709 
    39    707  1     gi|206    12288    12567 
    39   1068  1      gi|60     4967     5158 
    39   1372  1      gi|91     8288     8329 
    39   1474  1      gi|53    14398    14496 
    39   1473  1      gi|53    14152    14396 
    40     42  1     gi|106    35011    35143 
    40   1361  1      gi|99    34505    34730 
    40    697 -1     gi|204    26033    26176 
    41     44  1     gi|107     6339     6407 
    41    495  1     gi|173    36408    36473 
    42     45  1     gi|107     9443     9535 
    42    862 -1       gi|3    38419    38528 
    43     46  1     gi|107    29932    30036 
    43   1098  1      gi|66    25374    25487 
    44     47  1     gi|108    17500    17687 
    44    544 -1     gi|181    14914    14997 
    44   1379 -1     gi|170    35696    35888 
    44    695 -1     gi|204     6981     7089 
    44   1381 -1      gi|64    19525    19635 
    45     48  1     gi|108    21950    22268 
    45   1272 -1      gi|90     6968     7328 
    46     49  1     gi|109      507      628 
    46    613 -1     gi|193     8714     8835 
    47     50  1     gi|109      778     1711 
    47   1074 -1      gi|61    14120    14976 
    48     51  1     gi|109     7519     7622 
    48    256  1     gi|133     2723     2828 
    48    257 -1     gi|133    26373    26478 
    48    681  1     gi|202    30800    30904 
    48     53  1     gi|109    17885    17990 
    48     54 -1     gi|109    20308    20411 
    49     52  1     gi|109     9043     9490 
    49    748 -1     gi|212    36260    36832 
    49   1355 -1      gi|97    37099    37671 
    49   1334 -1      gi|94    26952    27226 
    50     55  1     gi|109    21200    21899 
    50   1248 -1      gi|86    18202    18583 
    51     56  1     gi|109    21966    22118 
    51   1245 -1      gi|86    17374    17542 
    52     57  1     gi|109    22068    22230 
    52   1207  1      gi|82     6877     7031 
    53     58  1     gi|109    22204    22423 
    53    345 -1     gi|146    31304    31523 
    54     59  1     gi|109    25758    26091 
    54    225  1      gi|13     7107     7219 
    54   1028  1      gi|53    26351    28933 
    54   1239  1      gi|86    14368    14464 
    54     70  1     gi|110    22805    25425 
    54    224 -1      gi|13     5754     6980 
    54    347 -1     gi|146    33577    35890 
    54    343 -1     gi|146    29003    29363 
    54   1040  1      gi|55     1024     1987 
    54    572 -1     gi|187     7853     7921 
    55     61  1      gi|11    15341    15451 
    55   1034  1      gi|54    21837    21940 
    56     62  1      gi|11    25729    25883 
    56    877 -1      gi|31    20305    20458 
    57     63  1      gi|11    26071    26229 
    57    876 -1      gi|31    19989    20143 
    58     64  1      gi|11    26377    26423 
    58    875 -1      gi|31    19895    19940 
    59     65  1      gi|11    27308    27670 
    59    874 -1      gi|31    18599    18958 
    60     66  1      gi|11    28286    28419 
    60    873 -1      gi|31    17830    17963 
    61     67  1      gi|11    29033    29241 
    61    872 -1      gi|31    16985    17193 
    62     68  1     gi|110    13860    13925 
    62    702 -1     gi|205    35977    36042 
    63     69  1     gi|110    14556    14659 
    63    701 -1     gi|205    35373    35473 
    64     71  1     gi|111    22779    22991 
    64    145 -1     gi|120    22186    22393 
    65     72  1     gi|111    23282    23550 
    65    282  1     gi|138     7649     7911 
    65    910  1      gi|36    14097    14199 
    66     73  1     gi|111    38376    38417 
    66    415  1     gi|158    10764    10806 
    67     74  1     gi|112     2675     2958 
    67    288 -1     gi|139    25596    25703 
    67    511 -1     gi|176    30072    30318 
    68     75  1     gi|112     7299     7379 
    68    933  1      gi|40     4463     4536 
    69     76  1     gi|112     9531     9653 
    69    477 -1     gi|169    37156    37284 
    70     78  1     gi|112    10033    10094 
    70    610  1     gi|192    39980    40043 
    71     79  1     gi|112    10471    10788 
    71   1082  1      gi|62    16707    16975 
    71    349  1     gi|147    10309    10429 
    72     80  1     gi|112    10686    11067 
    73     81  1     gi|112    13427    13509 
    73    796 -1     gi|221    26965    29170 
    73    114  1     gi|117     8449    10620 
    73    149  1     gi|121    20489    20598 
    73   1259 -1      gi|87    21550    21590 
    73   1385 -1      gi|87    20657    21460 
    73    150  1     gi|121    20809    21625 
    73   1257 -1      gi|87    19547    20290 
    73    387  1     gi|152    33540    33654 
    74     82  1     gi|112    13611    15246 
    75     83  1     gi|112    17508    17823 
    75    240  1     gi|130    14170    14200 
    75    241 -1     gi|130    15024    15192 
    75    787  1     gi|220    25492    25713 
    75   1181  1      gi|78    14761    15078 
    75    994 -1      gi|46    27810    27921 
    76     84  1     gi|112    18014    18180 
    76    788  1     gi|220    25705    25871 
    77     85  1     gi|112    18439    18597 
    77    410 -1     gi|156     9415     9592 
    78     86  1     gi|112    19465    20013 
    78    409 -1     gi|156     8826     9344 
    78   1050 -1      gi|57    29391    29479 
    79     87  1     gi|112    30190    30361 
    79    866  1      gi|30    32303    32482 
    79   1387  1     gi|139    29668    29806 
    79     88  1     gi|112    35748    35890 
    79   1389 -1      gi|86     4954     5078 
    79    867 -1      gi|30    32903    33025 
    79   1388  1     gi|223    12849    12977 
    79    637  1     gi|195    34817    34927 
    80     89  1     gi|113    11326    11651 
    80    850  1      gi|28    18862    19187 
    80    999  1      gi|47    36601    36759 
    81     90  1     gi|113    11582    11749 
    81   1000  1      gi|47    36873    37041 
    82     91  1     gi|113    14166    14225 
    82    694  1     gi|203    26319    26379 
    83     92  1     gi|113    17263    17633 
    83    800  1     gi|222    10729    11354 
    83    370  1      gi|15    13771    14403 
    84     93  1     gi|115    26354    26466 
    84   1208  1      gi|82    18400    18511 
    85     94  1     gi|115    26726    26817 
    85    904  1      gi|34     8809     8898 
    86     95  1     gi|115    29470    29759 
    86     99 -1     gi|116     7995     8325 
    86    111  1     gi|116    38020    38191 
    86    227 -1      gi|13     9690     9817 
    87     96  1     gi|115    32805    33012 
    87    880  1      gi|31    23762    23852 
    87   1142 -1      gi|75     2134     2283 
    88     97  1     gi|115    38101    38412 
    88   1080 -1      gi|61    40062    40376 
    89     98  1     gi|116     5724     5792 
    89    749 -1     gi|213    10270    10338 
    90    100  1     gi|116     8297     8480 
    90    228  1      gi|13     9794     9979 
    91    101  1     gi|116     8466     8549 
    91    230  1      gi|13    10509    10592 
    92    102  1     gi|116     9137     9255 
    92    571 -1     gi|187     4133     4240 
    92   1376 -1      gi|93     9117     9228 
    92    177  1     gi|125    27280    27381 
    92    798  1     gi|222     7759     7873 
    92    711  1     gi|207     7720     7811 
    92   1374 -1     gi|107     3960     4059 
    92   1377  1      gi|71    19577    19684 
    92   1378  1      gi|86    12351    12459 
    92    630  1     gi|195      602      690 
    93    103  1     gi|116    11053    11267 
    93    635  1     gi|195    31710    31933 
    94    104  1     gi|116    11271    11405 
    94    636  1     gi|195    32586    32720 
    95    105  1     gi|116    20348    20836 
    95    664 -1      gi|20    37835    38293 
    95    665 -1      gi|20    38396    38698 
    96    106  1     gi|116    28728    28800 
    96    469 -1     gi|168      115      187 
    97    107  1     gi|116    35002    35328 
    97    166  1     gi|124      418      621 
    97    171 -1     gi|124    10397    10787 
    97   1174  1      gi|77    32726    33150 
    97    168  1     gi|124     4461     4626 
    97   1303  1      gi|92    35030    35173 
    98    108  1     gi|116    35325    35431 
    99    109  1     gi|116    35450    35599 
    99    235 -1      gi|13    24107    24318 
    99    437 -1     gi|160    14307    14516 
   100    110  1     gi|116    36221    37899 
   100    894 -1      gi|32    14771    16510 
   100   1197 -1      gi|80     5141     5282 
   100   1066  1       gi|6    39044    39186 
   101    112  1     gi|116    38340    38436 
   101   1072  1      gi|61    12227    12320 
   102    116  1     gi|117    14692    14844 
   102   1001 -1      gi|48    13560    13715 
   103    117  1     gi|117    15133    15252 
   103    650  1     gi|197    32868    34075 
   103    118  1     gi|117    15931    16222 
   103    119  1     gi|117    29914    30274 
   104    120  1     gi|117    30533    30811 
   104    747  1     gi|212    25019    26560 
   104    121  1     gi|117    30876    31361 
   104    578  1     gi|189    17012    18825 
   104    651  1     gi|197    33748    34426 
   105    122  1     gi|117    36707    36963 
   105   1111  1      gi|70    37716    37993 
   106    123  1     gi|118    18899    19061 
   106    173 -1     gi|124    15039    15160 
   106   1350 -1      gi|97     1289     1457 
   107    124  1     gi|118    29843    30022 
   107    258  1     gi|133    33226    33376 
   107    443  1     gi|161    19163    19258 
   108    126  1     gi|119     3537     3632 
   108   1166  1      gi|75    31642    31740 
   109    128  1     gi|119    22111    22327 
   109   1395 -1     gi|150    14663    15096 
   109    752  1     gi|214     6056     6102 
   109   1182  1      gi|78    15077    15508 
   109   1241 -1      gi|86    14845    15317 
   109   1396 -1      gi|93    37102    37308 
   109   1183  1      gi|78    15344    15807 
   110    129  1     gi|119    22716    23242 
   110    965 -1      gi|43    27651    28193 
   110   1043  1      gi|57     2889     3081 
   111    130  1     gi|119    23259    23454 
   111    960 -1      gi|43    19555    19744 
   112    131  1     gi|119    23445    24206 
   112    959 -1      gi|43    18249    19009 
   113    132  1     gi|119    24244    24312 
   113    958 -1      gi|43    17905    17982 
   113    966  1      gi|43    28724    28801 
   114    133  1     gi|119    24353    24401 
   114    319 -1     gi|141    34446    34505 
   114    531 -1      gi|18    18339    18382 
   115    134  1     gi|119    34119    34253 
   115   1087  1      gi|64    15143    15277 
   116    135  1     gi|119    34603    34719 
   116   1088  1      gi|64    15630    15746 
   117    143  1     gi|120     4537     4792 
   117    567 -1     gi|186    21861    22127 
   118    144  1     gi|120    21988    22149 
   118    281 -1     gi|138     7502     7663 
   119    146  1     gi|120    37459    38027 
   120    147  1     gi|120    37842    38278 
   120   1349 -1      gi|96    36291    37042 
   121    148  1     gi|121     9218     9372 
   121    710  1     gi|206    38169    38317 
   122    151  1     gi|121    35823    35899 
   122    601 -1     gi|192    31125    31197 
   122    912  1      gi|37    23255    23306 
   123    152  1     gi|121    37584    37950 
   123    936 -1      gi|40    20706    21071 
   124    154  1     gi|122    31223    31294 
   124    663  1      gi|20    29094    29168 
   125    155  1     gi|122    34242    34328 
   125    661  1      gi|20    22076    22137 
   126    157  1     gi|122    35520    35733 
   127    158  1     gi|123     2610     2740 
   127    956  1      gi|43     3922     4051 
   128    159  1     gi|123     3178     3305 
   128    957  1      gi|43     4363     4490 
   129    160  1     gi|123    19029    19179 
   129    416 -1     gi|158    12089    12307 
   129    923 -1      gi|39    22351    22561 
   130    161  1     gi|123    23371    24769 
   130    856 -1       gi|3     6721     8155 
   131    162  1     gi|123    29933    31727 
   131    213 -1     gi|127    35971    37738 
   132    163  1     gi|123    32185    34228 
   132    579 -1     gi|189    27978    29963 
   133    164  1     gi|123    37402    37645 
   133   1356  1      gi|98     5410     5647 
   134    165  1     gi|123    37771    37997 
   134    786  1     gi|220    20606    20832 
   135    167  1     gi|124      635      937 
   135    237  1      gi|13    32893    33087 
   135    318  1     gi|141    33994    34305 
   135   1122  1      gi|73    30107    30393 
   135   1287  1      gi|92    11817    12230 
   135   1398 -1     gi|207    34605    34821 
   135    408  1     gi|156     3140     3399 
   135   1399 -1      gi|27    32235    32473 
   135    278 -1     gi|137    36682    36754 
   135    638 -1     gi|196      463      509 
   135   1172  1      gi|77    23128    23185 
   136    169  1     gi|124     6574     6630 
   136   1084  1      gi|63    15052    15112 
   137    170  1     gi|124     9758    10386 
   137    751  1     gi|214     5312     5799 
   137   1351  1      gi|97     1783     2416 
   137    379 -1     gi|150    15272    15531 
   137   1252  1      gi|86    20821    20981 
   137   1352  1      gi|97     2201     2673 
   138    172  1     gi|124    14681    14856 
   138   1018 -1      gi|52    30102    30496 
   138    568 -1     gi|186    38957    39330 
   138   1223 -1      gi|84    37652    37774 
   138    623  1     gi|194    21559    21795 
   138    474  1     gi|168    36479    36559 
   138    688 -1     gi|203     5390     5595 
   138    633 -1     gi|195     5504     5557 
   139    174  1     gi|124    22929    23013 
   139    434 -1      gi|16    13477    13562 
   140    175  1     gi|124    23037    23296 
   140    433 -1      gi|16    13263    13508 
   141    176  1     gi|124    23496    23674 
   141    432 -1      gi|16    12942    13120 
   142    178  1     gi|125    34921    35501 
   142    341  1     gi|146    20131    20681 
   143    179  1     gi|125    37056    38446 
   143    269  1     gi|135    37754    39238 
   143    181  1     gi|125    39765    39972 
   144    180  1     gi|125    38599    39141 
   144    270  1     gi|135    39234    39797 
   145    182  1     gi|126     6877     6921 
   145   1323 -1      gi|93    20616    20787 
   145    886 -1      gi|31    28705    28870 
   145   1401 -1       gi|3    37462    37595 
   145   1331 -1      gi|93    37388    37523 
   145   1332 -1      gi|93    37829    37962 
   145   1480 -1      gi|93    36425    36557 
   146    183  1     gi|126    10649    12416 
   146    390 -1     gi|153     5956     9742 
   146    942  1      gi|41     3397     7316 
   147    184  1     gi|126    13193    13312 
   147    901  1      gi|34     3124     3241 
   148    185  1     gi|126    13380    13976 
   148    717 -1     gi|208     2269     2876 
   148    902  1      gi|34     3663     3847 
   149    186  1     gi|126    14420    15399 
   149    716 -1     gi|208     1382     2289 
   150    187  1     gi|126    15486    15628 
   150    428  1     gi|159    34071    34213 
   151    188  1     gi|126    15629    15768 
   151    429  1     gi|159    34292    34437 
   152    189  1     gi|126    15914    18541 
   152   1164 -1      gi|75    28910    31568 
   152    523 -1      gi|18     1332     1457 
   152    522 -1      gi|18      653      767 
   153    190  1     gi|126    18895    18985 
   153    458  1     gi|162    31125    31210 
   154    191  1     gi|126    18970    19147 
   154    505 -1     gi|175     8606     8777 
   155    192  1     gi|126    19863    20089 
   155    830 -1      gi|24    29995    30226 
   156    193  1     gi|126    20500    20664 
   156    457  1     gi|162    30820    30948 
   156   1159 -1      gi|75    22219    22360 
   157    195  1     gi|126    22785    22847 
   157   1147  1      gi|75     5676     5734 
   158    196  1     gi|126    23163    23278 
   158   1143  1      gi|75     3134     3247 
   158   1148  1      gi|75     6119     6236 
   158   1162 -1      gi|75    27819    27936 
   159    197  1     gi|126    23408    23523 
   159   1144  1      gi|75     3358     3473 
   159   1149  1      gi|75     6344     6457 
   160    198  1     gi|126    23995    24238 
   160   1145  1      gi|75     3936     4161 
   160   1150  1      gi|75     7060     7159 
   161    199  1     gi|126    24985    25154 
   161   1101  1      gi|67     1853     2015 
   162    200  1     gi|126    26931    27508 
   162    394  1     gi|153    16616    17486 
   162    201  1     gi|126    27722    27798 
   162   1161  1      gi|75    24002    24786 
   163    202  1     gi|126    35048    35158 
   163    590  1     gi|190    15997    16107 
   164    203  1     gi|126    35381    35645 
   164    725  1     gi|209    17037    17644 
   164    591  1     gi|190    16166    16658 
   165    204  1     gi|127    12997    13530 
   165    672  1     gi|201    22068    22587 
   166    205  1     gi|127    14143    14211 
   166    673  1     gi|201    23209    23277 
   167    206  1     gi|127    28121    29018 
   167    685 -1     gi|202    36309    37214 
   168    207  1     gi|127    29766    29993 
   168    684 -1     gi|202    35796    36038 
   169    208  1     gi|127    30276    30451 
   169    496 -1     gi|173    36702    36887 
   170    209  1     gi|127    30794    30861 
   170    790 -1     gi|220    26190    26257 
   171    210  1     gi|127    32449    32689 
   171    468 -1     gi|167    37296    37491 
   171    743  1     gi|212    11183    11343 
   172    211  1     gi|127    33175    33268 
   172    868 -1      gi|31     1015     1105 
   173    212  1     gi|127    34629    34708 
   173    922 -1      gi|39    19183    19485 
   173   1178  1      gi|78     4785     5098 
   174    215  1     gi|128    31710    32437 
   174    855  1       gi|3      163      371 
   174   1315  1      gi|93    13224    14178 
   174    400  1     gi|153    39603    40141 
   175    216  1     gi|128    32700    32923 
   175   1316  1      gi|93    14093    14334 
   176    217  1     gi|128    33038    33920 
   176   1317  1      gi|93    14361    15220 
   177    218  1     gi|128    37865    38438 
   177    328  1     gi|145     9842    10404 
   177    396  1     gi|153    26455    26544 
   178    219  1     gi|128    38466    38812 
   178    329  1     gi|145    10380    10725 
   179    220  1     gi|128    38995    39145 
   179    330  1     gi|145    10860    11019 
   180    221  1     gi|129     3534     3848 
   180    961  1      gi|43    25824    26140 
   181    222  1     gi|129    18389    18473 
   181   1085 -1      gi|64     7254     7341 
   182    223  1     gi|129    38703    38792 
   182    580 -1      gi|19    21458    21541 
   183    226  1      gi|13     7813     8019 
   183    508 -1     gi|175    32796    32992 
   184    229  1      gi|13     9957    10540 
   184    492  1     gi|173    34550    35092 
   184   1115  1      gi|71    24638    25217 
   185    231  1      gi|13    10629    10683 
   185   1307 -1      gi|92    38781    38838 
   186    232  1      gi|13    10694    10792 
   186    641 -1     gi|196    23686    23788 
   187    233  1      gi|13    18866    19007 
   187    924  1      gi|39    22558    22703 
   187    911 -1      gi|37     1100     1297 
   187    599  1     gi|192    30564    30698 
   187    419  1     gi|158    12920    13056 
   187   1175  1      gi|77    35432    35572 
   187    794 -1     gi|221    21349    21459 
   188    234  1      gi|13    23213    23791 
   188   1260 -1      gi|88     1064     1661 
   189    236  1      gi|13    26247    26484 
   189    297 -1      gi|14     3967     4211 
   189    494 -1     gi|173    36070    36307 
   190    238  1      gi|13    33102    33240 
   190   1039 -1      gi|55      689      818 
   191    239  1      gi|13    33941    34730 
   191    897 -1      gi|32    36685    37464 
   192    242  1     gi|130    20587    21216 
   192    950 -1      gi|41    18340    19017 
   193    243  1     gi|130    21195    22904 
   193    745  1     gi|212    15527    16771 
   193    746  1     gi|212    16818    16967 
   193    948 -1      gi|41    16506    17938 
   193    949 -1      gi|41    18014    18301 
   194    245  1     gi|130    37120    38555 
   194   1057  1      gi|59     5907     6051 
   195    246  1     gi|130    38512    38742 
   195   1279 -1      gi|91    16646    18374 
   195   1058  1      gi|59     6122     7780 
   196    247  1     gi|131    16935    17066 
   196   1086  1      gi|64    12848    12976 
   197    249  1     gi|132     8639     8711 
   197   1031  1      gi|54     3970     4042 
   198    250  1     gi|132     9112     9364 
   198   1032  1      gi|54     4654     4903 
   199    252  1     gi|132    30285    30515 
   199    972 -1      gi|44    36900    37080 
   199   1431 -1     gi|173    35433    35688 
   199   1432 -1     gi|211     8698     8916 
   199   1442  1      gi|31    38315    38354 
   199    891  1      gi|31    38796    38881 
   200    254  1     gi|132    31838    31957 
   200    979 -1      gi|46    10130    10249 
   201    255  1     gi|133      636      869 
   201    682  1     gi|202    32373    32599 
   202    259  1     gi|133    33494    33634 
   202   1391  1     gi|138    36539    36888 
   202   1393  1     gi|133    34159    34501 
   203    260  1     gi|133    33696    33822 
   203   1390  1     gi|118    30307    30429 
   203    444  1     gi|161    19648    19733 
   203    810 -1     gi|224    31126    31252 
   203   1394  1     gi|133    34514    34635 
   203   1392  1     gi|138    36896    36959 
   204    262  1     gi|134     6681     6763 
   204    668 -1     gi|201     1577     1657 
   205    263  1     gi|134    21141    21420 
   205    653 -1     gi|197    39387    39666 
   206    265  1     gi|135     6901     7050 
   206   1053 -1      gi|57    38362    38487 
   207    266  1     gi|135    11612    11829 
   207   1342  1      gi|96     6183     6396 
   208    267  1     gi|135    15715    15761 
   208    509  1     gi|176      165      214 
   209    268  1     gi|135    35754    35848 
   209    785 -1      gi|22    40591    40680 
   210    271  1     gi|135    40552    40598 
   210    566 -1     gi|186     8333     8380 
   211    272  1     gi|136     4790     5124 
   211    842 -1      gi|25    12195    12516 
   212    273  1     gi|136     5563     5923 
   212    841 -1      gi|25    11506    11863 
   212    667 -1     gi|200     7319     7407 
   213    274  1     gi|136    34498    35120 
   213    285 -1     gi|138    23935    24589 
   213    490 -1     gi|172    23844    24011 
   214    275  1     gi|136    35627    35708 
   214    284 -1     gi|138    23149    23230 
   215    276  1     gi|136    36950    37004 
   215    283 -1     gi|138    21794    21841 
   216    277  1     gi|137    30730    31623 
   216    658 -1       gi|2    12372    13237 
   217    279  1     gi|138     2226     2611 
   217   1092  1      gi|65     8601     8980 
   218    280  1     gi|138     2611     3631 
   218   1094  1      gi|65     9049    10089 
   219    287  1     gi|139    21016    21133 
   219    974  1      gi|45     8238     8355 
   220    290  1     gi|139    38037    38106 
   220    726  1     gi|209    19782    19851 
   221    291  1     gi|139    38259    38293 
   221    727  1     gi|209    19852    19886 
   222    292  1     gi|139    38415    38956 
   222    728  1     gi|209    19879    20315 
   223    293  1     gi|139    39021    39052 
   223    729  1     gi|209    20316    20347 
   224    294  1      gi|14     2663     2694 
   224    331  1     gi|145    14688    14719 
   225    295  1      gi|14     2846     3448 
   225    691  1     gi|203    19437    20033 
   226    296  1      gi|14     3462     3965 
   226   1435  1     gi|145    15670    16176 
   226   1437  1     gi|203    20029    20458 
   227    298  1      gi|14     4264     4697 
   227   1436  1     gi|145    16176    16644 
   227   1438  1     gi|203    20462    20832 
   228    299  1      gi|14     7065     7127 
   228    907 -1      gi|34    29223    29288 
   229    300  1      gi|14     7201     7422 
   229    906 -1      gi|34    29021    29223 
   230    301  1      gi|14     7513     7695 
   230    693  1     gi|203    20928    21113 
   231    302  1      gi|14    15672    15784 
   231   1262  1      gi|89    15207    15328 
   232    303  1      gi|14    18968    19159 
   232    812 -1     gi|225     9573     9756 
   233    304  1      gi|14    25546    25833 
   233    823  1      gi|23    16329    16635 
   234    305  1      gi|14    26339    26643 
   234    917 -1      gi|38      827     1337 
   234    824  1      gi|23    17468    17948 
   235    306  1      gi|14    26715    27186 
   235   1439 -1      gi|38      471      924 
   235    760 -1     gi|216     7621     7891 
   235    825  1      gi|23    18178    18445 
   236    307  1      gi|14    31502    31589 
   236   1059 -1      gi|59    24532    24619 
   237    308  1      gi|14    34986    35144 
   237   1273 -1      gi|90    11826    11987 
   238    309  1     gi|140     9987    10122 
   238   1114  1      gi|71    23958    24099 
   239    310  1     gi|140    13960    14332 
   239   1079  1      gi|61    36627    37050 
   240    311  1     gi|140    21001    21175 
   240   1002 -1      gi|49    13673    13850 
   240   1011 -1      gi|50    24554    24703 
   241    312  1     gi|141    10240    10837 
   241    388  1     gi|152    35302    35766 
   241   1010  1      gi|50     4548     5126 
   241   1440  1      gi|15    10426    11012 
   241    783 -1      gi|22    23926    24108 
   242    313  1     gi|141    11005    11163 
   242    389  1     gi|152    35935    36090 
   243    314  1     gi|141    18778    18961 
   243    521 -1     gi|179    11643    11825 
   244    315  1     gi|141    25350    25602 
   244    497 -1     gi|173    36902    37161 
   245    316  1     gi|141    31732    32243 
   245   1269  1       gi|9    38230    38687 
   246    317  1     gi|141    32996    33573 
   246   1270  1       gi|9    39475    40065 
   247    320  1     gi|142     9900     9969 
   247    967  1      gi|44    28766    28835 
   248    321  1     gi|142    36185    36305 
   248    836  1      gi|24    37925    38082 
   248    564  1     gi|185    13091    13243 
   249    322  1     gi|142    39622    39934 
   250    324  1     gi|143    39253    39443 
   250   1344  1      gi|96    26144    26671 
   250    929  1       gi|4    21891    22417 
   251    325  1     gi|145      274      409 
   251    461 -1     gi|163    40592    40727 
   252    326  1     gi|145      568     1566 
   252    460 -1     gi|163    39536    40551 
   253    332  1     gi|145    14813    15425 
   253    690  1     gi|203    18831    19436 
   253    840 -1      gi|25    10328    10388 
   254    333  1     gi|145    15383    15667 
   254    934 -1      gi|40    11054    11509 
   254    465 -1     gi|166    28980    29462 
   254    436  1     gi|160    13922    14014 
   254    453 -1     gi|162    24703    25086 
   254   1048 -1      gi|57    26659    26774 
   254   1441  1       gi|6    30115    30516 
   254   1443  1      gi|31    38355    38779 
   254    395  1     gi|153    26407    26454 
   254   1124  1      gi|74     8983     9366 
   254   1146  1      gi|75     4385     4825 
   254    781  1      gi|22    18209    18475 
   254    908 -1      gi|34    29301    29365 
   255    335  1     gi|145    28906    28984 
   255    939  1      gi|40    29585    29663 
   256    336  1     gi|145    33424    33552 
   256   1041 -1      gi|56    15031    15191 
   257    337  1     gi|145    38883    38987 
   257    552 -1     gi|182    30879    30982 
   257    553 -1     gi|182    31040    31138 
   258    338  1     gi|146     5868     5994 
   258   1078 -1      gi|61    30479    30603 
   258   1212  1      gi|83    10066    10132 
   259    342  1     gi|146    26138    26213 
   259    893 -1      gi|32    11862    11941 
   260    346  1     gi|146    31891    31987 
   260    851 -1      gi|28    20158    20260 
   261    348  1     gi|147     1664     1843 
   261    506  1     gi|175    24440    24553 
   261    507  1     gi|175    26110    26195 
   261    706  1     gi|206     8379     8509 
   262    350  1     gi|147    19030    19076 
   262    464  1     gi|166    17048    17097 
   263    351  1     gi|147    24139    24300 
   263   1275  1      gi|91     7826     8016 
   263    898  1      gi|33    25921    25980 
   264    354  1     gi|147    26619    26884 
   264   1008 -1      gi|50      542      811 
   265    355  1     gi|147    27679    27909 
   265   1052  1      gi|57    33962    34187 
   266    356  1     gi|147    35032    35147 
   266   1313 -1      gi|93     3819     3935 
   267    357  1     gi|148     4088     4147 
   267   1265  1       gi|9     6199     6263 
   268    358  1     gi|148     6937     7104 
   268   1251 -1      gi|86    20643    20808 
   269    359  1     gi|148     7123     7307 
   269   1309 -1      gi|92    39102    39285 
   270    360  1     gi|148     7259     7376 
   270   1308 -1      gi|92    38918    39066 
   270   1249 -1      gi|86    19364    19490 
   271    362  1     gi|148     8020     8184 
   271    518 -1     gi|177    24552    24720 
   272    364  1     gi|148     9985    10221 
   272   1026  1      gi|53    23817    24058 
   273    365  1     gi|148    10470    10537 
   273   1027  1      gi|53    24312    24379 
   274    367  1     gi|149    24909    25139 
   274    603  1     gi|192    34531    34756 
   275    368  1     gi|149    25538    25781 
   275    814 -1     gi|225    32200    32482 
   275    953 -1      gi|42    17251    17558 
   275    732  1      gi|21     2043     2459 
   275   1194 -1       gi|8    34772    34917 
   276    372  1      gi|15    32376    32458 
   276   1306 -1      gi|92    36520    36594 
   277    373  1      gi|15    32577    32799 
   277    941 -1      gi|40    39787    40000 
   278    374  1     gi|150     3909     3982 
   278   1236 -1      gi|86     2560     2633 
   279    375  1     gi|150    13285    13553 
   279    471 -1     gi|168     9659    10031 
   279   1083 -1      gi|62    17188    17329 
   280    376  1     gi|150    14002    14127 
   280    754 -1     gi|214     6660     6787 
   280    978 -1      gi|46     6969     7103 
   281    377  1     gi|150    14384    14427 
   281    753 -1     gi|214     6351     6394 
   282    380  1     gi|150    31161    31256 
   282    777 -1      gi|22    13197    13280 
   282    819  1     gi|226     9256     9329 
   283    381  1     gi|151    10422    10492 
   283    498 -1     gi|173    38793    39476 
   283   1397 -1     gi|207    34151    34603 
   284    382  1     gi|151    27269    27512 
   284   1169  1      gi|77    18224    18477 
   285    383  1     gi|152     6027     6103 
   285    559  1     gi|183    25284    25361 
   286    384  1     gi|152    18800    18982 
   286    517  1     gi|177    19165    19343 
   287    385  1     gi|152    28067    28161 
   287    398 -1     gi|153    31896    31990 
   288    386  1     gi|152    29020    29237 
   288    397 -1     gi|153    30967    31187 
   289    391  1     gi|153    11512    11819 
   289   1322 -1      gi|93    19664    20020 
   290    392  1     gi|153    11901    11975 
   290   1321 -1      gi|93    19568    19642 
   291    393  1     gi|153    12571    12713 
   291   1320 -1      gi|93    18975    19115 
   292    399  1     gi|153    38750    39541 
   292    421 -1     gi|159      343      977 
   292    556 -1     gi|183     1894     2684 
   293    401  1     gi|154    39968    40159 
   293   1341  1      gi|96     2619     2813 
   294    402  1     gi|155      323      933 
   294   1141 -1      gi|75      456     1027 
   295    403  1     gi|155     1538     1587 
   295   1449 -1      gi|73    16338    16386 
   295   1450  1     gi|155    16520    16565 
   295   1477  1      gi|50    29351    29384 
   296    404  1     gi|155     9982    10351 
   296   1073 -1      gi|61    13036    13386 
   297    406  1     gi|155    15762    15964 
   297   1189 -1      gi|78    21247    21454 
   298    411  1     gi|156    18010    18232 
   298    593 -1     gi|190    18608    18822 
   299    412  1     gi|156    18955    19042 
   299    981 -1      gi|46    12419    12506 
   300    413  1     gi|156    29115    29212 
   300   1457 -1     gi|190    24505    24664 
   300    659  1       gi|2    24142    24271 
   300   1255  1      gi|86    37267    37433 
   300   1456 -1     gi|160    14677    14788 
   301    414  1     gi|158     2484     2715 
   301   1071  1      gi|61     4253     4517 
   302    417  1     gi|158    12372    12556 
   302   1304  1      gi|92    35417    35621 
   302   1459  1     gi|194    16077    16206 
   303    418  1     gi|158    12774    12939 
   303   1460  1      gi|92    35624    35791 
   304    420  1     gi|158    13065    13170 
   304   1009  1      gi|50     1750     2126 
   304    554 -1     gi|182    31229    31630 
   304    995  1      gi|46    29530    29901 
   304    776  1     gi|219    24108    24155 
   304    655 -1     gi|199    20838    20917 
   304    775  1     gi|219    24016    24115 
   305    422  1     gi|159    13803    13989 
   305    809  1     gi|223    36404    36587 
   306    423  1     gi|159    23251    23567 
   306    550  1     gi|181    36321    36636 
   307    424  1     gi|159    24580    24788 
   307   1091  1      gi|65     8230     8498 
   307   1047 -1      gi|57    13565    13752 
   308    425  1     gi|159    25136    25408 
   308   1093  1      gi|65     8857     9125 
   309    426  1     gi|159    31914    32716 
   309    976  1      gi|46     4169     4691 
   309   1324  1      gi|93    20922    21740 
   310    427  1     gi|159    33076    33524 
   310   1318 -1      gi|93    16356    16772 
   311    430  1     gi|159    34996    35200 
   311   1225  1      gi|84    39292    39499 
   312    435  1     gi|160     9364     9467 
   312    700 -1     gi|205    32166    32269 
   313    439  1     gi|160    15296    15335 
   313    647 -1     gi|197    25169    25209 
   314    440  1     gi|160    19139    19204 
   314   1138  1      gi|74    28460    28518 
   315    441  1     gi|160    22832    23338 
   315   1339 -1      gi|95     2396     2900 
   316    442  1     gi|161    10944    11024 
   316    734  1     gi|211      506      575 
   317    445  1     gi|161    31559    31756 
   317    903  1      gi|34     5605     5752 
   317   1014  1      gi|52      745      946 
   318    446  1     gi|162    11770    11823 
   318    558  1     gi|183    24478    24531 
   319    447  1     gi|162    12245    12611 
   319    555  1     gi|183      346      717 
   319   1186  1      gi|78    17433    17511 
   320    448  1     gi|162    16285    16375 
   320   1042  1      gi|56    16520    16617 
   321    449  1     gi|162    16373    16454 
   322    451  1     gi|162    22135    22841 
   322   1157 -1      gi|75    15837    16534 
   323    452  1     gi|162    23350    24611 
   323   1156 -1      gi|75    14582    15829 
   324    454  1     gi|162    26934    27629 
   324   1155 -1      gi|75    13899    14606 
   325    455  1     gi|162    27886    28004 
   325   1154 -1      gi|75    13785    13905 
   326    456  1     gi|162    28068    28243 
   326   1234  1      gi|85    18728    20521 
   326    768  1     gi|217    16678    18496 
   327    459  1     gi|163    28663    29145 
   327   1096  1      gi|66        1      498 
   327   1283 -1      gi|92     3424     3571 
   327   1029 -1      gi|53    37137    37428 
   328    462  1     gi|164     5641     5993 
   328    914 -1      gi|37    32436    32952 
   328    817 -1     gi|225    32720    32972 
   328   1005  1       gi|5    17780    17931 
   328   1004  1       gi|5    16909    17779 
   328   1109  1      gi|70     4725     4876 
   328   1173  1      gi|77    32107    32877 
   328   1353  1      gi|97     2615     3232 
   328    473  1     gi|168    36078    36379 
   328    925 -1      gi|39    31558    31668 
   329    463  1     gi|164    34362    34466 
   329   1105  1       gi|7     2634     2738 
   330    467  1     gi|167     6246     7677 
   330    709 -1     gi|206    28513    30001 
   331    470  1     gi|168     8853     9267 
   331    585  1     gi|190     9657    10148 
   331    609  1     gi|192    39341    39612 
   332    472  1     gi|168    10012    10088 
   332    935  1      gi|40    11494    11575 
   332    779  1      gi|22    17767    17861 
   333    475  1     gi|169    19700    19881 
   333   1013  1      gi|51    30307    30492 
   334    476  1     gi|169    22778    22864 
   334   1268 -1       gi|9    32588    32679 
   335    480  1     gi|170    36109    36204 
   335   1090  1      gi|64    19804    19905 
   336    481  1     gi|172      322      465 
   336   1267 -1       gi|9     9855    11473 
   336    482  1     gi|172      567     2052 
   336    486 -1     gi|172    17719    18339 
   336    487 -1     gi|172    18464    19473 
   337    483  1     gi|172     2044     2125 
   337   1266 -1       gi|9     9700     9788 
   337    485 -1     gi|172    17644    17741 
   338    484  1     gi|172    16095    16162 
   338    811  1     gi|225     3217     3275 
   339    488  1     gi|172    20066    20144 
   339   1033 -1      gi|54     9490     9564 
   340    489  1     gi|172    21134    21225 
   340   1310 -1      gi|93        4       92 
   341    491  1     gi|173    15108    15220 
   341   1362  1      gi|99    38711    38833 
   342    499  1     gi|174    28941    29231 
   342    797 -1     gi|221    30452    30755 
   343    500  1     gi|174    29366    29439 
   343    854  1      gi|29    35470    35545 
   344    501  1     gi|174    32247    32801 
   344   1106 -1       gi|7    30621    31165 
   345    502  1     gi|174    37916    38023 
   345   1163  1      gi|75    28811    28913 
   345    503 -1     gi|174    39669    39742 
   346    504  1     gi|175     8279     8526 
   346   1462 -1     gi|162    19716    19971 
   346   1465  1      gi|75    18579    18837 
   346    614 -1     gi|193     8865     9003 
   346    857  1       gi|3    25411    25474 
   346    859  1       gi|3    25601    25714 
   347    510  1     gi|176     4261     5162 
   347    577 -1     gi|189     7358     8190 
   348    512  1     gi|176    33733    33820 
   348    616 -1     gi|193    13232    13319 
   349    513  1     gi|176    36220    36461 
   349   1461  1     gi|162    16453    19703 
   349    514  1     gi|176    36556    36652 
   349   1466 -1      gi|75    18839    22101 
   350    515  1     gi|176    38786    38853 
   350   1222 -1      gi|84    27280    27352 
   351    516  1     gi|177     2816     2962 
   351    755  1     gi|214    15896    16022 
   351   1121  1      gi|73    28473    28624 
   352    519  1     gi|178     2356     2392 
   352   1070 -1      gi|60    35878    35913 
   353    520  1     gi|178    16164    16441 
   353    758  1     gi|215    24906    25159 
   353   1253  1      gi|86    24713    24812 
   354    524  1      gi|18     6337     7683 
   354    723  1     gi|208     6375     7704 
   355    525  1      gi|18    15758    15928 
   355   1185  1      gi|78    16301    17004 
   355    527  1      gi|18    16285    16999 
   356    526  1      gi|18    15903    16082 
   356   1250 -1      gi|86    20412    20589 
   357    528  1      gi|18    17006    17050 
   357   1335  1      gi|94    27324    27368 
   358    529  1      gi|18    17281    17746 
   358   1336  1      gi|94    28353    28826 
   359    530  1      gi|18    17766    18310 
   359   1337  1      gi|94    28922    29459 
   360    532  1      gi|18    19346    19417 
   360   1404  1     gi|159    35707    36775 
   360    719 -1     gi|208     3868     5794 
   360   1405  1     gi|159    36776    37613 
   360   1180 -1      gi|78    14521    14763 
   361    534  1      gi|18    20308    22079 
   361   1152 -1      gi|75    11339    13097 
   362    535  1      gi|18    22577    22667 
   362   1065  1       gi|6    37932    38026 
   363    536  1      gi|18    24358    24636 
   363    968  1      gi|44    31578    31828 
   364    537  1      gi|18    27315    27401 
   364    721  1     gi|208     5983     6069 
   365    538  1      gi|18    27522    27620 
   365    722  1     gi|208     6070     6169 
   366    539  1      gi|18    27927    28016 
   366   1412  1     gi|169    37908    38120 
   366   1418 -1      gi|54    25128    25525 
   366   1414 -1     gi|193     9956    10183 
   366   1417  1      gi|46    11253    11615 
   366   1419 -1      gi|93    22251    22565 
   366   1421  1     gi|132    26351    26749 
   366   1423 -1     gi|146     7569     7692 
   366   1424 -1      gi|18    19546    19792 
   366   1426 -1     gi|190    24670    25005 
   366   1428 -1      gi|22    17901    18237 
   366   1228  1      gi|85     1380     1691 
   366   1413 -1     gi|193     9874     9948 
   366   1420  1      gi|74    16810    16915 
   366   1430  1     gi|206      799      895 
   366   1133  1      gi|74    16937    17251 
   366    971 -1      gi|44    36604    36843 
   367    540  1     gi|180    18223    18425 
   367   1261  1      gi|88     3471     3688 
   368    541  1     gi|181    10207    10346 
   368   1067  1      gi|60     4598     4800 
   369    545  1     gi|181    17824    17930 
   369   1038 -1      gi|55      464      574 
   370    546  1     gi|181    20891    20946 
   370   1196 -1       gi|8    37052    37107 
   371    547  1     gi|181    21149    21250 
   371   1195 -1       gi|8    36855    36955 
   372    548  1     gi|181    26320    26698 
   372    612 -1     gi|193     8309     8708 
   372    629 -1     gi|195      363      602 
   372   1063 -1       gi|6    16161    16302 
   373    549  1     gi|181    32519    32805 
   373    852 -1      gi|28    20302    20396 
   373   1003 -1       gi|5    14839    14978 
   373   1061 -1       gi|6    11472    11759 
   374    551  1     gi|182     7110     7228 
   374    865  1      gi|30    27338    27447 
   375    557  1     gi|183    13265    13443 
   375    741 -1     gi|212     9105     9276 
   376    560  1     gi|184     3448     3687 
   376   1206  1      gi|81    28224    28448 
   377    561  1     gi|184     9310    10158 
   377    808 -1     gi|223    27925    28772 
   378    562  1     gi|184    15247    15307 
   378    926  1      gi|39    31847    32125 
   378    763 -1     gi|217    11648    11802 
   378   1035 -1      gi|54    24734    25002 
   378   1103 -1      gi|69    15401    15689 
   378   1278 -1      gi|91    12054    12214 
   378   1107  1       gi|7    31309    31505 
   379    563  1     gi|185    11604    11724 
   379    835  1      gi|24    36279    36391 
   380    565  1     gi|186     8274     8315 
   380    712  1     gi|207    28229    28269 
   381    570  1     gi|187      867     1239 
   381   1333  1      gi|94    26185    26551 
   382    573  1     gi|187    33364    34177 
   382    675 -1     gi|201    35252    36098 
   383    574  1     gi|187    34182    34743 
   383    674 -1     gi|201    34572    35125 
   384    575  1     gi|187    39302    39431 
   384    657 -1     gi|199    34537    34650 
   385    576  1     gi|187    39463    39576 
   385    656  1     gi|199    24674    24802 
   386    581  1      gi|19    32053    32281 
   386    773 -1     gi|219     6669     6900 
   387    582  1      gi|19    34058    34246 
   387   1193  1      gi|79    29226    29411 
   388    583  1     gi|190     1464     1933 
   388    782  1      gi|22    20165    20687 
   389    584  1     gi|190     9164     9355 
   389    620 -1     gi|194    16224    16369 
   389    774  1     gi|219    18052    18250 
   390    586  1     gi|190    10264    10673 
   390   1226  1      gi|84    39538    39674 
   391    587  1     gi|190    13317    13676 
   391    724  1     gi|209    14720    15076 
   391   1216 -1      gi|83    25466    25599 
   392    588  1     gi|190    15751    15829 
   392   1256 -1      gi|87    19337    19412 
   393    589  1     gi|190    15947    16031 
   393   1215 -1      gi|83    23453    23537 
   394    592  1     gi|190    18478    18664 
   395    596  1     gi|191    31138    31287 
   395   1213 -1      gi|83    10213    10376 
   396    597  1     gi|192     2077     2245 
   396   1108 -1       gi|7    31746    31900 
   397    598  1     gi|192    30129    30550 
   397    680  1     gi|202     8207     8628 
   398    600  1     gi|192    30713    30773 
   398   1446 -1     gi|148     7605     7700 
   398   1447 -1      gi|74    13926    14080 
   398    679 -1     gi|202     7206     7365 
   399    604  1     gi|192    34877    35005 
   399    731  1      gi|21     1841     1965 
   400    606  1     gi|192    38566    38791 
   400   1081  1      gi|62    16487    16699 
   401    607  1     gi|192    38982    39141 
   401    626 -1     gi|194    24292    24448 
   402    608  1     gi|192    39139    39287 
   402    624 -1     gi|194    23065    23213 
   403    611  1     gi|193     8173     8428 
   404    618  1     gi|194    10551    10637 
   404    813  1     gi|225    27418    27505 
   405    625  1     gi|194    23298    23348 
   405    676  1     gi|201    36636    36687 
   406    628  1     gi|194    37462    37645 
   406    940 -1      gi|40    36396    36554 
   407    632  1     gi|195     5392     5526 
   407    744 -1     gi|212    11324    11450 
   408    639  1     gi|196    23373    23495 
   408   1286 -1      gi|92     5051     5176 
   409    640  1     gi|196    23495    23602 
   409    736 -1     gi|211     7891     8001 
   410    642  1     gi|196    23895    24366 
   410   1285 -1      gi|92     4540     5015 
   411    643  1     gi|196    24364    24898 
   411   1284 -1      gi|92     3728     4277 
   412    644  1     gi|197     3842     4042 
   412   1358  1      gi|99     2821     3018 
   413    645  1     gi|197     6741     6889 
   413    952  1      gi|41    27928    28088 
   414    646  1     gi|197    12533    12619 
   414    738 -1     gi|211    12856    13016 
   414   1343  1      gi|96    16043    16186 
   415    648  1     gi|197    26852    27365 
   415    833  1      gi|24    31906    32398 
   416    649  1     gi|197    27364    27921 
   416    834  1      gi|24    32463    32963 
   417    652  1     gi|197    38064    38270 
   418    654  1     gi|199     5520     5623 
   418   1357 -1      gi|98    14887    14982 
   419    660  1      gi|20     2346     2397 
   419    858  1       gi|3    25535    25585 
   420    662  1      gi|20    23490    23562 
   420    757  1     gi|215    18571    18644 
   421    666  1     gi|200     5615     5840 
   421   1433 -1     gi|134    38793    39053 
   421   1434  1      gi|23    38050    38296 
   421    881  1      gi|31    23886    23978 
   422    669  1     gi|201     4175     4397 
   422   1045  1      gi|57     8372     8597 
   423    670  1     gi|201     5148     5672 
   423   1046  1      gi|57     9647    10222 
   424    678  1     gi|201    37696    39176 
   424   1384  1     gi|109    26159    27854 
   424   1445  1     gi|146    29579    31270 
   424   1243  1      gi|86    15700    16417 
   424   1244  1      gi|86    16727    17390 
   425    683  1     gi|202    32664    33350 
   425    770  1     gi|217    20838    21441 
   425   1232  1      gi|85     7751     8495 
   426    686  1     gi|202    37516    37683 
   426    764 -1     gi|217    11796    12324 
   426   1201  1      gi|80    25123    25674 
   427    687  1     gi|203     2366     2676 
   427   1153 -1      gi|75    12952    13263 
   428    689  1     gi|203     8856     9078 
   428    945  1      gi|41    13332    13554 
   429    699  1     gi|205    23335    24251 
   429   1116 -1      gi|71    29796    30652 
   430    703  1     gi|206      565      796 
   431    708  1     gi|206    13519    13783 
   431   1025  1      gi|53    14861    15088 
   432    713  1     gi|207    31615    31662 
   432    765  1     gi|217    13046    13093 
   433    714  1     gi|207    32413    33059 
   433    766  1     gi|217    13404    14027 
   434    720  1     gi|208     5796     5988 
   434    900  1      gi|34     2136     2326 
   435    733  1     gi|210    28472    28673 
   435    992  1      gi|46    27068    27260 
   436    735  1     gi|211     7677     7751 
   436   1231  1      gi|85     6905     7020 
   436    778  1      gi|22    17550    17662 
   437    740  1     gi|212     4317     4434 
   437    807  1     gi|223    15459    15575 
   438    742  1     gi|212    10720    10763 
   438   1171  1      gi|77    22699    22743 
   439    750  1     gi|213    21526    21597 
   439    791  1     gi|220    32007    32081 
   440    756  1     gi|215    16527    16653 
   440   1095  1      gi|65    36476    36604 
   441    761  1     gi|216    28265    28654 
   441   1359 -1      gi|99    19991    20345 
   442    762  1     gi|216    39825    39913 
   442   1099  1      gi|66    38718    38806 
   443    767  1     gi|217    14649    16650 
   443   1233  1      gi|85     8803    10818 
   444    769  1     gi|217    18804    19091 
   444   1235  1      gi|85    20829    21115 
   445    771  1     gi|218     5874     6071 
   445   1117  1      gi|71    31751    31933 
   446    772  1     gi|218     6544     7279 
   446   1118  1      gi|71    32353    33144 
   447    784  1      gi|22    33880    33956 
   447   1191 -1      gi|78    34241    34322 
   448    789  1     gi|220    25942    26083 
   448   1023 -1      gi|52    34406    34547 
   449    792  1     gi|221    13715    13823 
   449    955 -1      gi|43     1530     1638 
   450    793  1     gi|221    14357    14485 
   450    954 -1      gi|43      561      690 
   451    795  1     gi|221    21717    21830 
   451    920 -1      gi|39    16751    16862 
   452    801  1     gi|222    27806    27942 
   452    969  1      gi|44    33485    33618 
   453    802  1     gi|222    28546    28641 
   453    970  1      gi|44    35225    35365 
   454    803  1     gi|222    37768    38115 
   454    928 -1       gi|4    20614    20956 
   455    804  1     gi|222    38819    39062 
   455    927 -1       gi|4    20010    20258 
   456    815  1     gi|225    32487    32538 
   456    896 -1      gi|32    24363    24414 
   457    816  1     gi|225    32536    32693 
   457   1288  1      gi|92    15360    15495 
   457   1289  1      gi|92    15574    15602 
   458    820  1     gi|226    12723    12812 
   458    989 -1      gi|46    18966    19418 
   458   1299 -1      gi|92    27262    27706 
   459    822  1     gi|226    30910    31022 
   460    826  1      gi|23    36809    37161 
   460   1049 -1      gi|57    28862    29230 
   461    828  1      gi|24    16820    17061 
   461   1019  1      gi|52    31938    32259 
   461   1227  1      gi|85      978     1091 
   461   1230 -1      gi|85     2668     2961 
   462    829  1      gi|24    17389    17551 
   462   1022 -1      gi|52    34137    34292 
   463    831  1      gi|24    30554    30686 
   463   1188 -1      gi|78    21024    21137 
   464    832  1      gi|24    31206    31353 
   464    962  1      gi|43    26079    26223 
   464   1021  1      gi|52    32606    32700 
   465    837  1      gi|25     1716     1858 
   465    871 -1      gi|31     8988     9091 
   465   1198  1      gi|80     8782     8873 
   465    846 -1      gi|25    23799    23941 
   466    838  1      gi|25     2001     2088 
   466   1200  1      gi|80     9189     9294 
   466    845 -1      gi|25    23569    23656 
   467    839  1      gi|25     2079     2151 
   467    869 -1      gi|31     8521     8590 
   467    844 -1      gi|25    23529    23578 
   468    843  1      gi|25    13602    13704 
   468    975  1      gi|45    30300    30396 
   469    848  1      gi|28    17304    17624 
   469   1102  1      gi|68     9255    10706 
   469   1054 -1      gi|58    35100    36545 
   470    849  1      gi|28    18663    19010 
   470    998  1      gi|47    36267    36608 
   471    853  1      gi|29    33039    33099 
   471    951 -1      gi|41    27321    27387 
   472    860  1       gi|3    36976    37045 
   472   1328  1      gi|93    30953    31022 
   473    864  1      gi|30    26120    26344 
   473   1354 -1      gi|97     5756     5900 
   473   1448  1      gi|73    16109    16332 
   473   1451 -1     gi|155    16569    16724 
   473   1478 -1      gi|50    29401    29521 
   473    909 -1      gi|36     5879     5973 
   474    870  1      gi|31     8834     8895 
   474   1199 -1      gi|80     9042     9103 
   475    878  1      gi|31    22355    22417 
   475   1469  1      gi|21     1357     1421 
   475    888 -1      gi|31    37522    37584 
   475   1471  1     gi|192    34304    34367 
   476    879  1      gi|31    23148    23227 
   476   1137 -1      gi|74    20535    20609 
   476    887 -1      gi|31    36698    36777 
   477    882  1      gi|31    24028    24324 
   477   1128  1      gi|74    15238    15519 
   478    883  1      gi|31    24623    25366 
   478   1127  1      gi|74    15109    15216 
   478   1130  1      gi|74    15624    16333 
   479    884  1      gi|31    25293    25461 
   479   1131  1      gi|74    16619    16797 
   480    885  1      gi|31    25459    25603 
   480   1134  1      gi|74    17256    17390 
   481    889  1      gi|31    37745    37856 
   481   1475  1     gi|222     9094     9237 
   481   1077  1      gi|61    24910    25075 
   481   1476  1     gi|226    27692    27848 
   482    892  1      gi|31    39143    39290 
   482    963 -1      gi|43    26234    26376 
   483    895  1      gi|32    18635    18668 
   483   1187  1      gi|78    17590    17623 
   484    899  1      gi|33    26164    26347 
   485    905  1      gi|34    13343    13482 
   485   1205  1      gi|81     1615     1755 
   486    913  1      gi|37    30936    31478 
   486   1075 -1      gi|61    15008    15526 
   487    915  1      gi|37    36594    36796 
   487    973 -1      gi|45     3191     3385 
   488    918  1      gi|38     1763     2059 
   488   1017  1      gi|52    16419    16679 
   489    919  1      gi|39    13167    13579 
   489   1060  1      gi|59    29854    30193 
   489   1177  1      gi|78     1936     2348 
   490    921  1      gi|39    18912    18994 
   490   1179 -1      gi|78     5933     6015 
   491    930  1       gi|4    22617    22994 
   491   1345  1      gi|96    26928    27308 
   492    931  1       gi|4    22995    23125 
   492   1346  1      gi|96    27359    27489 
   493    932  1       gi|4    23430    23505 
   493   1347  1      gi|96    27766    27841 
   494    937  1      gi|40    23924    25779 
   494   1007  1       gi|5    28952    30806 
   495    943  1      gi|41     7680     7782 
   495   1452  1      gi|78    22076    24329 
   495   1455 -1     gi|155    13062    15250 
   496    944  1      gi|41    11996    12221 
   496   1453 -1      gi|78    24329    24849 
   496   1454  1     gi|155    12542    12996 
   497    946  1      gi|41    15609    15716 
   497    990  1      gi|46    20633    20740 
   498    947  1      gi|41    15725    15815 
   498    991  1      gi|46    20960    21051 
   499    964  1      gi|43    26486    26609 
   499   1044 -1      gi|57     3126     3254 
   500    977  1      gi|46     4692     5192 
   500   1327  1      gi|93    22572    23041 
   501    983  1      gi|46    15868    16019 
   501   1291  1      gi|92    23673    23824 
   502    984  1      gi|46    16085    16172 
   502   1292  1      gi|92    23991    24072 
   503    985  1      gi|46    16176    16441 
   503   1293  1      gi|92    24132    24394 
   504    986  1      gi|46    17078    17508 
   504   1294  1      gi|92    24914    25368 
   505    993  1      gi|46    27562    27789 
   505   1407 -1     gi|208     3867     4718 
   505   1402  1     gi|126    20793    21643 
   506    996  1      gi|46    30976    31142 
   506   1135  1      gi|74    18669    18835 
   507    997  1      gi|46    31561    31891 
   507   1136  1      gi|74    19133    19471 
   508   1006  1       gi|5    20581    20626 
   508   1254  1      gi|86    28946    28986 
   509   1015  1      gi|52     1755     1867 
   509   1312 -1      gi|93     2953     3067 
   510   1016  1      gi|52     2297     2567 
   510   1311 -1      gi|93     2043     2305 
   511   1020  1      gi|52    32489    32584 
   511   1229 -1      gi|85     2565     2660 
   512   1037  1      gi|54    29338    29443 
   512   1282 -1      gi|91    35482    35603 
   513   1055  1      gi|59     5445     5507 
   513   1409 -1      gi|91    18696    18782 
   513   1410  1     gi|130    36720    36806 
   514   1056  1      gi|59     5578     5699 
   514   1408 -1      gi|91    18573    18694 
   514   1411  1     gi|130    36807    36904 
   515   1062  1       gi|6    15017    15369 
   516   1069  1      gi|60    20380    20529 
   516   1348 -1      gi|96    30374    30523 
   517   1076  1      gi|61    17564    17678 
   517   1264 -1       gi|9     5441     5555 
   517   1467  1      gi|90     4734     4844 
   517   1468  1     gi|166    37116    37223 
   518   1104  1      gi|69    26964    27072 
   518   1192 -1      gi|79    15345    15453 
   519   1110  1      gi|70    19164    19239 
   519   1338 -1      gi|95      369      454 
   520   1112  1      gi|71     2654     2728 
   520   1170  1      gi|77    18706    18772 
   521   1120  1      gi|73    21180    22172 
   521   1217 -1      gi|84     7268     8321 
   521   1168  1      gi|77    10951    11108 
   522   1129  1      gi|74    15513    15629 
   523   1151  1      gi|75     7471     7575 
   524   1165  1      gi|75    31604    31660 
   524   1176 -1      gi|78      128      183 
   525   1167  1      gi|76    16076    16192 
   525   1247  1      gi|86    18064    18173 
   526   1184  1      gi|78    16032    16075 
   526   1240 -1      gi|86    14576    14618 
   527   1202  1      gi|80    31330    31568 
   527   1302 -1      gi|92    34338    34576 
   528   1203  1      gi|80    31793    32416 
   528   1301 -1      gi|92    33505    34143 
   529   1204  1      gi|80    32900    33245 
   529   1300 -1      gi|92    32718    33060 
   530   1209  1      gi|83     1194     2950 
   530   1218  1      gi|84    15378    17121 
   531   1210  1      gi|83     2992     3255 
   531   1219  1      gi|84    17275    17554 
   532   1211  1      gi|83     3541     3774 
   532   1220  1      gi|84    17838    18067 
   533   1214  1      gi|83    22704    23286 
   534   1224  1      gi|84    37806    37918 
   535   1242  1      gi|86    15305    15370 
   535   1383  1     gi|109    26092    26159 
   535   1444  1     gi|146    29513    29575 
   536   1246  1      gi|86    17846    18026 
   537   1280  1      gi|91    18312    18483 
   538   1296  1      gi|92    26225    26321 
   538   1363  1     gi|101    13749    13845 
   539   1297  1      gi|92    26377    26525 
   539   1364  1     gi|101    13845    14441 
   539   1365  1      gi|46    18315    18820 
   539   1298  1      gi|92    26793    27058 
   540   1325  1      gi|93    21702    22245 
   541   1360  1      gi|99    33850    34085 
   542   1380  1     gi|170    35895    36042 
   542   1382  1      gi|64    19635    19792 
   543   1400  1       gi|3    37386    37462 
   543   1479  1      gi|93    36348    36424 
   544   1403  1     gi|126    21645    22604 
   544   1406 -1     gi|208     2877     3867 
   545   1415  1     gi|193    10186    10226 
   545   1416 -1      gi|46    11203    11247 
   546   1422  1     gi|146     7504     7568 
   546   1427  1      gi|22    17847    17901 
   547   1425  1      gi|18    19794    19854 
   547   1429  1      gi|22    18253    18298 
   548   1463  1     gi|162    19979    22015 
   548   1464 -1      gi|75    16525    18575 
   549   1470  1      gi|21     1422     1552 
   549   1472  1     gi|192    34369    34498 
