1 gi|1 7370 7540
2 gi|1 10612 10816
3 gi|1 35645 35807
4 gi|10 25906 26447
5 gi|10 33415 33734
6 gi|10 33791 34035
7 gi|100 8173 8340
8 gi|100 9264 9380
9 gi|101 10794 11112
10 gi|101 11718 11822
11 gi|101 13189 13631
12 gi|101 13746 14441
13 gi|101 15114 15195
14 gi|101 16042 16271
15 gi|101 17797 19304
16 gi|102 13916 14005
17 gi|102 28408 28571
18 gi|103 18039 18842
19 gi|103 32689 32751
20 gi|104 5208 5466
21 gi|104 5694 5785
22 gi|104 29976 30045
23 gi|105 18790 18971
24 gi|105 19264 19450
25 gi|105 20006 20458
26 gi|105 20878 21176
27 gi|105 22156 22220
28 gi|105 22647 23318
29 gi|105 23347 23751
30 gi|105 24261 24342
31 gi|105 24811 24908
32 gi|105 30471 30996
33 gi|105 35348 35640
34 gi|106 609 878
35 gi|106 1463 1520
36 gi|106 2861 2908
37 gi|106 20763 20851
38 gi|106 21312 21480
39 gi|106 23353 23731
40 gi|106 32747 32943
41 gi|106 34442 34520
42 gi|106 35004 35143
43 gi|107 3914 4063
44 gi|107 6339 6407
45 gi|107 9443 9535
46 gi|107 29932 30036
47 gi|108 17496 17687
48 gi|108 21950 22268
49 gi|109 507 628
50 gi|109 778 1711
51 gi|109 7519 7623
52 gi|109 9043 9490
53 gi|109 17885 17993
54 gi|109 20307 20411
55 gi|109 21200 21899
56 gi|109 21966 22118
57 gi|109 22068 22230
58 gi|109 22204 22423
59 gi|109 25758 26091
60 gi|109 26089 27854
61 gi|11 15341 15451
62 gi|11 25729 25883
63 gi|11 26071 26229
64 gi|11 26377 26423
65 gi|11 27308 27670
66 gi|11 28286 28419
67 gi|11 29033 29241
68 gi|110 13860 13925
69 gi|110 14556 14659
70 gi|110 22805 25425
71 gi|111 22779 22991
72 gi|111 23282 23550
73 gi|111 38376 38417
74 gi|112 2675 2958
75 gi|112 7299 7379
76 gi|112 9531 9653
77 gi|112 9803 10029
78 gi|112 10033 10094
79 gi|112 10471 10788
80 gi|112 10686 11067
81 gi|112 13427 13509
82 gi|112 13611 15246
83 gi|112 17504 17823
84 gi|112 18014 18180
85 gi|112 18439 18597
86 gi|112 19465 20015
87 gi|112 30190 30365
88 gi|112 35748 35893
89 gi|113 11326 11651
90 gi|113 11582 11749
91 gi|113 14166 14225
92 gi|113 17263 17633
93 gi|115 26354 26466
94 gi|115 26726 26817
95 gi|115 29470 29759
96 gi|115 32805 33012
97 gi|115 38101 38412
98 gi|116 5724 5792
99 gi|116 7995 8325
100 gi|116 8297 8480
101 gi|116 8466 8549
102 gi|116 9135 9257
103 gi|116 11053 11267
104 gi|116 11271 11405
105 gi|116 20348 20836
106 gi|116 28728 28800
107 gi|116 35000 35330
108 gi|116 35325 35431
109 gi|116 35450 35599
110 gi|116 36221 37899
111 gi|116 38020 38191
112 gi|116 38340 38436
113 gi|116 38638 39168
114 gi|117 8449 10620
115 gi|117 12412 12679
116 gi|117 14692 14844
117 gi|117 15133 15252
118 gi|117 15931 16222
119 gi|117 29914 30274
120 gi|117 30533 30811
121 gi|117 30875 31361
122 gi|117 36707 36963
123 gi|118 18897 19061
124 gi|118 29843 30022
125 gi|118 30277 30436
126 gi|119 3537 3632
127 gi|119 7127 7276
128 gi|119 22111 22327
129 gi|119 22716 23242
130 gi|119 23259 23454
131 gi|119 23445 24206
132 gi|119 24244 24312
133 gi|119 24353 24401
134 gi|119 34119 34253
135 gi|119 34603 34719
136 gi|12 13955 14327
137 gi|12 14474 15187
138 gi|12 15750 15812
139 gi|12 18039 18339
140 gi|12 18755 19177
141 gi|12 19680 19921
142 gi|12 20238 20428
143 gi|120 4537 4792
144 gi|120 21988 22149
145 gi|120 22186 22393
146 gi|120 37459 38027
147 gi|120 37842 38278
148 gi|121 9218 9372
149 gi|121 20489 20599
150 gi|121 20809 21625
151 gi|121 35823 35899
152 gi|121 37584 37950
153 gi|121 38272 38427
154 gi|122 31223 31294
155 gi|122 34242 34328
156 gi|122 35212 35579
157 gi|122 35520 35733
158 gi|123 2610 2740
159 gi|123 3178 3305
160 gi|123 19029 19183
161 gi|123 23371 24769
162 gi|123 29933 31727
163 gi|123 32185 34228
164 gi|123 37402 37645
165 gi|123 37771 37997
166 gi|124 418 621
167 gi|124 632 945
168 gi|124 4461 4626
169 gi|124 6574 6630
170 gi|124 9758 10390
171 gi|124 10397 10787
172 gi|124 14676 14856
173 gi|124 15039 15160
174 gi|124 22929 23013
175 gi|124 23037 23296
176 gi|124 23496 23674
177 gi|125 27274 27392
178 gi|125 34921 35501
179 gi|125 37056 38446
180 gi|125 38599 39141
181 gi|125 39765 39972
182 gi|126 6877 6926
183 gi|126 10649 12416
184 gi|126 13193 13312
185 gi|126 13380 13976
186 gi|126 14420 15399
187 gi|126 15486 15628
188 gi|126 15629 15768
189 gi|126 15914 18541
190 gi|126 18895 18985
191 gi|126 18970 19147
192 gi|126 19863 20089
193 gi|126 20500 20664
194 gi|126 20777 22604
195 gi|126 22785 22847
196 gi|126 23163 23280
197 gi|126 23407 23523
198 gi|126 23995 24242
199 gi|126 24985 25154
200 gi|126 26931 27508
201 gi|126 27722 27798
202 gi|126 35048 35158
203 gi|126 35381 35645
204 gi|127 12997 13530
205 gi|127 14143 14211
206 gi|127 28121 29018
207 gi|127 29766 29993
208 gi|127 30276 30451
209 gi|127 30794 30861
210 gi|127 32449 32689
211 gi|127 33175 33268
212 gi|127 34629 34708
213 gi|127 35971 37738
214 gi|128 15168 15225
215 gi|128 31710 32437
216 gi|128 32700 32923
217 gi|128 33038 33920
218 gi|128 37861 38438
219 gi|128 38466 38812
220 gi|128 38995 39145
221 gi|129 3534 3848
222 gi|129 18389 18473
223 gi|129 38703 38792
224 gi|13 5754 6983
225 gi|13 7106 7220
226 gi|13 7813 8019
227 gi|13 9690 9817
228 gi|13 9794 9979
229 gi|13 9957 10540
230 gi|13 10509 10592
231 gi|13 10629 10683
232 gi|13 10694 10792
233 gi|13 18866 19013
234 gi|13 23213 23791
235 gi|13 24107 24318
236 gi|13 26247 26486
237 gi|13 32887 33087
238 gi|13 33102 33240
239 gi|13 33941 34730
240 gi|130 14170 14200
241 gi|130 15024 15193
242 gi|130 20587 21216
243 gi|130 21195 22904
244 gi|130 36720 36904
245 gi|130 37120 38555
246 gi|130 38512 38742
247 gi|131 16935 17072
248 gi|131 38605 38743
249 gi|132 8639 8711
250 gi|132 9112 9364
251 gi|132 26333 26772
252 gi|132 30285 30515
253 gi|132 31363 31674
254 gi|132 31838 31957
255 gi|133 636 869
256 gi|133 2723 2831
257 gi|133 26371 26478
258 gi|133 33226 33376
259 gi|133 33494 33634
260 gi|133 33694 33822
261 gi|133 34159 34635
262 gi|134 6681 6763
263 gi|134 21141 21420
264 gi|134 38780 39053
265 gi|135 6901 7050
266 gi|135 11612 11829
267 gi|135 15715 15761
268 gi|135 35754 35848
269 gi|135 37754 39238
270 gi|135 39234 39797
271 gi|135 40552 40598
272 gi|136 4790 5124
273 gi|136 5563 5923
274 gi|136 34498 35120
275 gi|136 35627 35708
276 gi|136 36950 37004
277 gi|137 30730 31623
278 gi|137 36682 36755
279 gi|138 2226 2611
280 gi|138 2611 3631
281 gi|138 7502 7663
282 gi|138 7649 7911
283 gi|138 21794 21841
284 gi|138 23149 23230
285 gi|138 23935 24589
286 gi|138 36539 36962
287 gi|139 21016 21133
288 gi|139 25596 25703
289 gi|139 29634 29816
290 gi|139 38037 38106
291 gi|139 38259 38293
292 gi|139 38415 38956
293 gi|139 39021 39052
294 gi|14 2663 2694
295 gi|14 2846 3448
296 gi|14 3462 3968
297 gi|14 3965 4211
298 gi|14 4263 4697
299 gi|14 7065 7127
300 gi|14 7201 7422
301 gi|14 7513 7695
302 gi|14 15672 15784
303 gi|14 18968 19159
304 gi|14 25546 25833
305 gi|14 26339 26643
306 gi|14 26715 27186
307 gi|14 31502 31589
308 gi|14 34986 35144
309 gi|140 9987 10122
310 gi|140 13960 14332
311 gi|140 21001 21176
312 gi|141 10240 10850
313 gi|141 11005 11163
314 gi|141 18778 18961
315 gi|141 25350 25602
316 gi|141 31732 32243
317 gi|141 32996 33573
318 gi|141 33994 34312
319 gi|141 34446 34505
320 gi|142 9900 9969
321 gi|142 36185 36305
322 gi|142 39622 39934
323 gi|143 23664 23759
324 gi|143 39253 39443
325 gi|145 274 409
326 gi|145 568 1566
327 gi|145 6812 6901
328 gi|145 9842 10404
329 gi|145 10380 10725
330 gi|145 10860 11019
331 gi|145 14688 14719
332 gi|145 14813 15425
333 gi|145 15383 15667
334 gi|145 15670 16644
335 gi|145 28906 28984
336 gi|145 33424 33552
337 gi|145 38879 38987
338 gi|146 5867 5994
339 gi|146 7504 7699
340 gi|146 15386 15459
341 gi|146 20131 20681
342 gi|146 26138 26213
343 gi|146 29003 29363
344 gi|146 29511 31270
345 gi|146 31304 31523
346 gi|146 31891 31987
347 gi|146 33577 35893
348 gi|147 1664 1843
349 gi|147 10309 10438
350 gi|147 19030 19076
351 gi|147 24139 24300
352 gi|147 24567 24636
353 gi|147 25628 25675
354 gi|147 26619 26884
355 gi|147 27679 27909
356 gi|147 35032 35147
357 gi|148 4088 4147
358 gi|148 6937 7104
359 gi|148 7123 7307
360 gi|148 7259 7376
361 gi|148 7580 7702
362 gi|148 8020 8184
363 gi|148 8168 8279
364 gi|148 9985 10221
365 gi|148 10470 10537
366 gi|149 13923 14236
367 gi|149 24909 25139
368 gi|149 25538 25781
369 gi|15 10421 11029
370 gi|15 13771 14403
371 gi|15 22598 22759
372 gi|15 32376 32458
373 gi|15 32577 32799
374 gi|150 3909 3982
375 gi|150 13282 13553
376 gi|150 14002 14128
377 gi|150 14384 14427
378 gi|150 14651 15096
379 gi|150 15272 15531
380 gi|150 31157 31256
381 gi|151 10422 10492
382 gi|151 27269 27512
383 gi|152 6027 6103
384 gi|152 18800 18982
385 gi|152 28067 28161
386 gi|152 29020 29237
387 gi|152 33540 33654
388 gi|152 35299 35773
389 gi|152 35935 36090
390 gi|153 5956 9742
391 gi|153 11512 11819
392 gi|153 11901 11975
393 gi|153 12571 12713
394 gi|153 16616 17486
395 gi|153 26407 26455
396 gi|153 26455 26544
397 gi|153 30967 31187
398 gi|153 31896 31990
399 gi|153 38750 39541
400 gi|153 39603 40141
401 gi|154 39968 40159
402 gi|155 323 933
403 gi|155 1537 1587
404 gi|155 9982 10351
405 gi|155 12542 15250
406 gi|155 15762 15964
407 gi|155 16513 16731
408 gi|156 3139 3400
409 gi|156 8826 9344
410 gi|156 9415 9592
411 gi|156 18010 18232
412 gi|156 18955 19042
413 gi|156 29115 29214
414 gi|158 2484 2715
415 gi|158 10764 10806
416 gi|158 12089 12307
417 gi|158 12364 12556
418 gi|158 12765 12940
419 gi|158 12920 13064
420 gi|158 13064 13176
421 gi|159 343 977
422 gi|159 13803 13989
423 gi|159 23251 23567
424 gi|159 24580 24788
425 gi|159 25136 25408
426 gi|159 31914 32716
427 gi|159 33076 33524
428 gi|159 34071 34213
429 gi|159 34292 34437
430 gi|159 34996 35200
431 gi|159 35707 37613
432 gi|16 12942 13120
433 gi|16 13263 13508
434 gi|16 13477 13562
435 gi|160 9364 9467
436 gi|160 13922 14014
437 gi|160 14307 14516
438 gi|160 14673 14808
439 gi|160 15296 15335
440 gi|160 19139 19204
441 gi|160 22832 23338
442 gi|161 10944 11024
443 gi|161 19163 19258
444 gi|161 19639 19733
445 gi|161 31556 31756
446 gi|162 11770 11823
447 gi|162 12245 12612
448 gi|162 16285 16375
449 gi|162 16373 16454
450 gi|162 16453 22015
451 gi|162 22135 22841
452 gi|162 23350 24611
453 gi|162 24703 25086
454 gi|162 26934 27629
455 gi|162 27886 28004
456 gi|162 28068 28243
457 gi|162 30820 30948
458 gi|162 31125 31210
459 gi|163 28663 29145
460 gi|163 39536 40551
461 gi|163 40592 40727
462 gi|164 5641 5993
463 gi|164 34362 34466
464 gi|166 17048 17097
465 gi|166 28980 29462
466 gi|166 37116 37248
467 gi|167 6246 7677
468 gi|167 37296 37491
469 gi|168 115 187
470 gi|168 8853 9267
471 gi|168 9659 10031
472 gi|168 10012 10088
473 gi|168 36078 36387
474 gi|168 36479 36559
475 gi|169 19700 19881
476 gi|169 22778 22864
477 gi|169 37156 37284
478 gi|169 37887 38140
479 gi|170 35696 36042
480 gi|170 36109 36204
481 gi|172 322 465
482 gi|172 567 2052
483 gi|172 2044 2125
484 gi|172 16095 16162
485 gi|172 17644 17741
486 gi|172 17719 18339
487 gi|172 18464 19473
488 gi|172 20066 20144
489 gi|172 21134 21225
490 gi|172 23844 24011
491 gi|173 15108 15220
492 gi|173 34550 35094
493 gi|173 35419 35688
494 gi|173 36070 36307
495 gi|173 36408 36473
496 gi|173 36702 36887
497 gi|173 36902 37161
498 gi|173 38793 39476
499 gi|174 28941 29231
500 gi|174 29366 29439
501 gi|174 32247 32801
502 gi|174 37916 38023
503 gi|174 39669 39742
504 gi|175 8272 8526
505 gi|175 8606 8777
506 gi|175 24440 24553
507 gi|175 26110 26195
508 gi|175 32796 32992
509 gi|176 165 214
510 gi|176 4261 5162
511 gi|176 30072 30318
512 gi|176 33733 33820
513 gi|176 36220 36461
514 gi|176 36556 36652
515 gi|176 38786 38853
516 gi|177 2816 2963
517 gi|177 19165 19343
518 gi|177 24552 24720
519 gi|178 2356 2392
520 gi|178 16163 16441
521 gi|179 11643 11825
522 gi|18 653 767
523 gi|18 1332 1457
524 gi|18 6337 7683
525 gi|18 15758 15928
526 gi|18 15903 16082
527 gi|18 16285 16999
528 gi|18 17006 17050
529 gi|18 17281 17746
530 gi|18 17766 18310
531 gi|18 18339 18382
532 gi|18 19346 19417
533 gi|18 19539 19854
534 gi|18 20308 22079
535 gi|18 22577 22667
536 gi|18 24358 24636
537 gi|18 27315 27401
538 gi|18 27522 27620
539 gi|18 27924 28017
540 gi|180 18223 18425
541 gi|181 10207 10346
542 gi|181 10703 10773
543 gi|181 11441 11564
544 gi|181 14911 15000
545 gi|181 17824 17930
546 gi|181 20891 20946
547 gi|181 21149 21250
548 gi|181 26320 26699
549 gi|181 32519 32810
550 gi|181 36321 36636
551 gi|182 7110 7228
552 gi|182 30879 30982
553 gi|182 31040 31138
554 gi|182 31225 31630
555 gi|183 346 717
556 gi|183 1894 2685
557 gi|183 13265 13443
558 gi|183 24478 24531
559 gi|183 25284 25361
560 gi|184 3448 3687
561 gi|184 9310 10158
562 gi|184 15247 15307
563 gi|185 11604 11724
564 gi|185 13091 13243
565 gi|186 8274 8315
566 gi|186 8333 8380
567 gi|186 21861 22127
568 gi|186 38957 39331
569 gi|187 442 552
570 gi|187 867 1239
571 gi|187 4127 4247
572 gi|187 7853 7921
573 gi|187 33364 34177
574 gi|187 34182 34743
575 gi|187 39302 39431
576 gi|187 39463 39576
577 gi|189 7358 8190
578 gi|189 17008 18825
579 gi|189 27978 29963
580 gi|19 21458 21541
581 gi|19 32053 32281
582 gi|19 34058 34246
583 gi|190 1464 1933
584 gi|190 9162 9355
585 gi|190 9657 10148
586 gi|190 10264 10673
587 gi|190 13317 13676
588 gi|190 15751 15829
589 gi|190 15947 16031
590 gi|190 15997 16107
591 gi|190 16166 16658
592 gi|190 18478 18664
593 gi|190 18608 18822
594 gi|190 24505 24681
595 gi|190 24670 25040
596 gi|191 31138 31287
597 gi|192 2077 2245
598 gi|192 30129 30550
599 gi|192 30556 30698
600 gi|192 30713 30775
601 gi|192 31125 31199
602 gi|192 34278 34498
603 gi|192 34531 34756
604 gi|192 34877 35005
605 gi|192 38456 38661
606 gi|192 38566 38791
607 gi|192 38982 39141
608 gi|192 39139 39287
609 gi|192 39341 39615
610 gi|192 39980 40043
611 gi|193 8170 8428
612 gi|193 8309 8708
613 gi|193 8714 8835
614 gi|193 8862 9003
615 gi|193 9869 10226
616 gi|193 13232 13319
617 gi|194 1104 1262
618 gi|194 10551 10637
619 gi|194 16023 16213
620 gi|194 16222 16369
621 gi|194 16418 16533
622 gi|194 17153 17281
623 gi|194 21553 21796
624 gi|194 23065 23213
625 gi|194 23298 23348
626 gi|194 24292 24448
627 gi|194 32427 32536
628 gi|194 37462 37645
629 gi|195 359 603
630 gi|195 602 696
631 gi|195 4213 5022
632 gi|195 5392 5526
633 gi|195 5504 5557
634 gi|195 26995 27150
635 gi|195 31710 31933
636 gi|195 32586 32720
637 gi|195 34817 34929
638 gi|196 463 510
639 gi|196 23373 23495
640 gi|196 23495 23602
641 gi|196 23686 23788
642 gi|196 23895 24366
643 gi|196 24364 24898
644 gi|197 3842 4042
645 gi|197 6741 6889
646 gi|197 12533 12622
647 gi|197 25169 25209
648 gi|197 26852 27365
649 gi|197 27364 27921
650 gi|197 32868 34075
651 gi|197 33748 34426
652 gi|197 38064 38270
653 gi|197 39387 39666
654 gi|199 5520 5623
655 gi|199 20838 20917
656 gi|199 24674 24802
657 gi|199 34537 34650
658 gi|2 12372 13237
659 gi|2 24137 24276
660 gi|20 2346 2397
661 gi|20 22076 22137
662 gi|20 23490 23562
663 gi|20 29094 29168
664 gi|20 37835 38293
665 gi|20 38396 38698
666 gi|200 5611 5845
667 gi|200 7319 7407
668 gi|201 1577 1657
669 gi|201 4175 4397
670 gi|201 5148 5672
671 gi|201 20795 20900
672 gi|201 22068 22587
673 gi|201 23209 23277
674 gi|201 34572 35125
675 gi|201 35252 36098
676 gi|201 36636 36687
677 gi|201 37022 37400
678 gi|201 37696 39176
679 gi|202 7206 7365
680 gi|202 8207 8628
681 gi|202 30800 30907
682 gi|202 32373 32599
683 gi|202 32664 33350
684 gi|202 35796 36038
685 gi|202 36309 37214
686 gi|202 37516 37684
687 gi|203 2366 2676
688 gi|203 5386 5596
689 gi|203 8856 9078
690 gi|203 18831 19436
691 gi|203 19437 20033
692 gi|203 20029 20836
693 gi|203 20928 21113
694 gi|203 26319 26379
695 gi|204 6981 7091
696 gi|204 25923 26083
697 gi|204 26033 26176
698 gi|204 26652 26709
699 gi|205 23335 24251
700 gi|205 32166 32269
701 gi|205 35373 35473
702 gi|205 35977 36042
703 gi|206 565 796
704 gi|206 799 907
705 gi|206 948 1078
706 gi|206 8379 8509
707 gi|206 12288 12569
708 gi|206 13519 13783
709 gi|206 28513 30001
710 gi|206 38169 38317
711 gi|207 7720 7813
712 gi|207 28229 28269
713 gi|207 31615 31662
714 gi|207 32413 33059
715 gi|207 34151 34832
716 gi|208 1382 2289
717 gi|208 2269 2876
718 gi|208 2877 4735
719 gi|208 3868 5794
720 gi|208 5796 5988
721 gi|208 5983 6069
722 gi|208 6070 6169
723 gi|208 6375 7704
724 gi|209 14720 15076
725 gi|209 17037 17644
726 gi|209 19782 19851
727 gi|209 19852 19886
728 gi|209 19879 20315
729 gi|209 20316 20347
730 gi|21 1331 1552
731 gi|21 1841 1965
732 gi|21 2043 2459
733 gi|210 28472 28673
734 gi|211 506 575
735 gi|211 7674 7751
736 gi|211 7891 8001
737 gi|211 8684 8916
738 gi|211 12856 13016
739 gi|211 14791 15041
740 gi|212 4317 4434
741 gi|212 9105 9276
742 gi|212 10720 10763
743 gi|212 11183 11343
744 gi|212 11324 11450
745 gi|212 15527 16771
746 gi|212 16818 16967
747 gi|212 25019 26560
748 gi|212 36260 36833
749 gi|213 10270 10338
750 gi|213 21526 21597
751 gi|214 5311 5804
752 gi|214 6056 6102
753 gi|214 6351 6394
754 gi|214 6659 6788
755 gi|214 15896 16022
756 gi|215 16527 16653
757 gi|215 18571 18644
758 gi|215 24906 25159
759 gi|215 30713 30893
760 gi|216 7619 7891
761 gi|216 28265 28654
762 gi|216 39825 39913
763 gi|217 11648 11802
764 gi|217 11796 12324
765 gi|217 13046 13093
766 gi|217 13404 14027
767 gi|217 14649 16650
768 gi|217 16678 18496
769 gi|217 18804 19091
770 gi|217 20838 21441
771 gi|218 5874 6071
772 gi|218 6544 7279
773 gi|219 6669 6900
774 gi|219 18052 18250
775 gi|219 24015 24115
776 gi|219 24108 24155
777 gi|22 13193 13284
778 gi|22 17549 17662
779 gi|22 17767 17861
780 gi|22 17847 18298
781 gi|22 18209 18476
782 gi|22 20165 20687
783 gi|22 23926 24108
784 gi|22 33880 33956
785 gi|22 40591 40680
786 gi|220 20606 20832
787 gi|220 25492 25713
788 gi|220 25705 25871
789 gi|220 25942 26083
790 gi|220 26190 26257
791 gi|220 32007 32081
792 gi|221 13715 13823
793 gi|221 14357 14485
794 gi|221 21345 21464
795 gi|221 21717 21830
796 gi|221 26965 29172
797 gi|221 30452 30755
798 gi|222 7750 7878
799 gi|222 9094 9252
800 gi|222 10729 11354
801 gi|222 27806 27942
802 gi|222 28546 28641
803 gi|222 37768 38115
804 gi|222 38819 39062
805 gi|223 8129 8270
806 gi|223 12835 12977
807 gi|223 15459 15575
808 gi|223 27925 28772
809 gi|223 36404 36587
810 gi|224 31126 31256
811 gi|225 3217 3275
812 gi|225 9573 9756
813 gi|225 27418 27505
814 gi|225 32200 32482
815 gi|225 32487 32538
816 gi|225 32536 32693
817 gi|225 32720 32974
818 gi|226 4584 5111
819 gi|226 9256 9334
820 gi|226 12723 12812
821 gi|226 27686 27861
822 gi|226 30910 31022
823 gi|23 16329 16635
824 gi|23 17468 17948
825 gi|23 18178 18445
826 gi|23 36809 37161
827 gi|23 38046 38315
828 gi|24 16820 17061
829 gi|24 17389 17551
830 gi|24 29995 30226
831 gi|24 30554 30686
832 gi|24 31206 31353
833 gi|24 31906 32398
834 gi|24 32463 32963
835 gi|24 36279 36391
836 gi|24 37925 38082
837 gi|25 1716 1858
838 gi|25 2001 2088
839 gi|25 2079 2151
840 gi|25 10328 10388
841 gi|25 11506 11863
842 gi|25 12195 12516
843 gi|25 13602 13704
844 gi|25 23529 23578
845 gi|25 23569 23656
846 gi|25 23799 23941
847 gi|27 32211 32477
848 gi|28 17304 17624
849 gi|28 18663 19010
850 gi|28 18862 19187
851 gi|28 20158 20260
852 gi|28 20302 20396
853 gi|29 33039 33099
854 gi|29 35470 35545
855 gi|3 163 371
856 gi|3 6721 8155
857 gi|3 25410 25477
858 gi|3 25535 25585
859 gi|3 25601 25714
860 gi|3 36976 37045
861 gi|3 37386 37595
862 gi|3 38419 38528
863 gi|30 2328 2386
864 gi|30 26120 26350
865 gi|30 27338 27447
866 gi|30 32303 32482
867 gi|30 32894 33025
868 gi|31 1015 1105
869 gi|31 8521 8590
870 gi|31 8834 8895
871 gi|31 8988 9091
872 gi|31 16985 17193
873 gi|31 17830 17963
874 gi|31 18599 18958
875 gi|31 19895 19940
876 gi|31 19989 20143
877 gi|31 20305 20458
878 gi|31 22355 22417
879 gi|31 23148 23227
880 gi|31 23762 23852
881 gi|31 23886 23978
882 gi|31 24028 24324
883 gi|31 24623 25366
884 gi|31 25293 25461
885 gi|31 25459 25603
886 gi|31 28705 28870
887 gi|31 36698 36777
888 gi|31 37522 37584
889 gi|31 37745 37859
890 gi|31 38314 38786
891 gi|31 38796 38885
892 gi|31 39143 39290
893 gi|32 11862 11941
894 gi|32 14771 16510
895 gi|32 18635 18668
896 gi|32 24363 24414
897 gi|32 36685 37464
898 gi|33 25921 25980
899 gi|33 26157 26347
900 gi|34 2136 2326
901 gi|34 3124 3241
902 gi|34 3663 3847
903 gi|34 5602 5754
904 gi|34 8809 8898
905 gi|34 13343 13482
906 gi|34 29021 29223
907 gi|34 29223 29288
908 gi|34 29298 29369
909 gi|36 5879 5973
910 gi|36 14097 14199
911 gi|37 1092 1297
912 gi|37 23254 23310
913 gi|37 30936 31478
914 gi|37 32436 32952
915 gi|37 36594 36796
916 gi|38 455 924
917 gi|38 827 1337
918 gi|38 1763 2059
919 gi|39 13167 13579
920 gi|39 16751 16862
921 gi|39 18912 18994
922 gi|39 19183 19485
923 gi|39 22347 22561
924 gi|39 22557 22709
925 gi|39 31558 31668
926 gi|39 31846 32126
927 gi|4 20010 20258
928 gi|4 20614 20956
929 gi|4 21891 22417
930 gi|4 22617 22994
931 gi|4 22995 23125
932 gi|4 23430 23505
933 gi|40 4463 4536
934 gi|40 11044 11513
935 gi|40 11490 11578
936 gi|40 20706 21071
937 gi|40 23924 25779
938 gi|40 26850 26942
939 gi|40 29585 29663
940 gi|40 36396 36554
941 gi|40 39787 40000
942 gi|41 3397 7316
943 gi|41 7680 7785
944 gi|41 11996 12223
945 gi|41 13332 13554
946 gi|41 15609 15716
947 gi|41 15725 15815
948 gi|41 16506 17938
949 gi|41 18014 18301
950 gi|41 18340 19017
951 gi|41 27321 27387
952 gi|41 27928 28088
953 gi|42 17251 17558
954 gi|43 561 690
955 gi|43 1530 1638
956 gi|43 3922 4051
957 gi|43 4363 4490
958 gi|43 17905 17982
959 gi|43 18249 19009
960 gi|43 19555 19744
961 gi|43 25824 26140
962 gi|43 26079 26223
963 gi|43 26234 26376
964 gi|43 26486 26609
965 gi|43 27651 28193
966 gi|43 28724 28801
967 gi|44 28766 28835
968 gi|44 31578 31828
969 gi|44 33485 33618
970 gi|44 35225 35365
971 gi|44 36604 36843
972 gi|44 36900 37080
973 gi|45 3191 3385
974 gi|45 8238 8355
975 gi|45 30300 30396
976 gi|46 4169 4691
977 gi|46 4692 5192
978 gi|46 6969 7103
979 gi|46 10130 10249
980 gi|46 11203 11633
981 gi|46 12419 12506
982 gi|46 14581 15729
983 gi|46 15868 16019
984 gi|46 16085 16172
985 gi|46 16176 16441
986 gi|46 17078 17508
987 gi|46 17807 18179
988 gi|46 18216 18823
989 gi|46 18966 19418
990 gi|46 20633 20740
991 gi|46 20960 21051
992 gi|46 27068 27260
993 gi|46 27561 27793
994 gi|46 27809 27926
995 gi|46 29525 29902
996 gi|46 30976 31142
997 gi|46 31561 31891
998 gi|47 36267 36608
999 gi|47 36601 36759
1000 gi|47 36873 37041
1001 gi|48 13560 13715
1002 gi|49 13671 13850
1003 gi|5 14839 14978
1004 gi|5 16909 17779
1005 gi|5 17780 17933
1006 gi|5 20581 20626
1007 gi|5 28952 30806
1008 gi|50 542 811
1009 gi|50 1750 2130
1010 gi|50 4548 5127
1011 gi|50 24551 24703
1012 gi|50 29344 29521
1013 gi|51 30307 30492
1014 gi|52 745 946
1015 gi|52 1755 1867
1016 gi|52 2297 2567
1017 gi|52 16419 16679
1018 gi|52 30102 30498
1019 gi|52 31933 32259
1020 gi|52 32489 32584
1021 gi|52 32606 32700
1022 gi|52 34137 34292
1023 gi|52 34406 34547
1024 gi|53 14139 14496
1025 gi|53 14861 15088
1026 gi|53 23817 24058
1027 gi|53 24312 24379
1028 gi|53 26350 28933
1029 gi|53 37133 37428
1030 gi|53 37399 37550
1031 gi|54 3970 4042
1032 gi|54 4654 4903
1033 gi|54 9490 9564
1034 gi|54 21837 21940
1035 gi|54 24734 25002
1036 gi|54 25109 25532
1037 gi|54 29338 29443
1038 gi|55 464 574
1039 gi|55 689 818
1040 gi|55 1023 1987
1041 gi|56 15031 15191
1042 gi|56 16520 16617
1043 gi|57 2889 3082
1044 gi|57 3126 3254
1045 gi|57 8372 8597
1046 gi|57 9647 10222
1047 gi|57 13565 13752
1048 gi|57 26659 26774
1049 gi|57 28862 29230
1050 gi|57 29391 29479
1051 gi|57 29473 29531
1052 gi|57 33962 34187
1053 gi|57 38362 38487
1054 gi|58 35100 36545
1055 gi|59 5445 5507
1056 gi|59 5578 5699
1057 gi|59 5907 6051
1058 gi|59 6122 7780
1059 gi|59 24532 24619
1060 gi|59 29854 30193
1061 gi|6 11472 11759
1062 gi|6 15017 15369
1063 gi|6 16161 16302
1064 gi|6 30091 30522
1065 gi|6 37932 38026
1066 gi|6 39044 39186
1067 gi|60 4596 4800
1068 gi|60 4967 5158
1069 gi|60 20380 20529
1070 gi|60 35878 35913
1071 gi|61 4253 4517
1072 gi|61 12227 12320
1073 gi|61 13036 13386
1074 gi|61 14120 14976
1075 gi|61 15008 15526
1076 gi|61 17561 17680
1077 gi|61 24904 25078
1078 gi|61 30479 30603
1079 gi|61 36627 37050
1080 gi|61 40062 40376
1081 gi|62 16487 16699
1082 gi|62 16707 16975
1083 gi|62 17188 17334
1084 gi|63 15052 15112
1085 gi|64 7254 7341
1086 gi|64 12848 12976
1087 gi|64 15143 15277
1088 gi|64 15630 15746
1089 gi|64 19521 19792
1090 gi|64 19804 19905
1091 gi|65 8230 8498
1092 gi|65 8601 8980
1093 gi|65 8857 9125
1094 gi|65 9049 10089
1095 gi|65 36476 36604
1096 gi|66 1 499
1097 gi|66 482 576
1098 gi|66 25374 25487
1099 gi|66 38718 38806
1100 gi|67 891 1104
1101 gi|67 1853 2015
1102 gi|68 9255 10706
1103 gi|69 15401 15690
1104 gi|69 26964 27072
1105 gi|7 2634 2738
1106 gi|7 30621 31165
1107 gi|7 31309 31505
1108 gi|7 31746 31900
1109 gi|70 4725 4881
1110 gi|70 19164 19239
1111 gi|70 37716 37993
1112 gi|71 2654 2728
1113 gi|71 19554 19717
1114 gi|71 23958 24099
1115 gi|71 24638 25217
1116 gi|71 29796 30652
1117 gi|71 31751 31933
1118 gi|71 32353 33144
1119 gi|73 16109 16388
1120 gi|73 21180 22172
1121 gi|73 28473 28624
1122 gi|73 30105 30394
1123 gi|73 39545 39920
1124 gi|74 8983 9366
1125 gi|74 13901 14080
1126 gi|74 14721 14824
1127 gi|74 15109 15216
1128 gi|74 15238 15519
1129 gi|74 15513 15629
1130 gi|74 15624 16333
1131 gi|74 16619 16797
1132 gi|74 16781 16918
1133 gi|74 16937 17253
1134 gi|74 17256 17390
1135 gi|74 18669 18835
1136 gi|74 19133 19471
1137 gi|74 20535 20609
1138 gi|74 28460 28518
1139 gi|74 35413 35734
1140 gi|74 35932 36176
1141 gi|75 456 1027
1142 gi|75 2134 2283
1143 gi|75 3134 3247
1144 gi|75 3358 3473
1145 gi|75 3936 4161
1146 gi|75 4377 4835
1147 gi|75 5676 5734
1148 gi|75 6119 6236
1149 gi|75 6344 6457
1150 gi|75 7060 7159
1151 gi|75 7470 7575
1152 gi|75 11339 13097
1153 gi|75 12952 13263
1154 gi|75 13785 13905
1155 gi|75 13899 14606
1156 gi|75 14582 15829
1157 gi|75 15837 16534
1158 gi|75 16525 22101
1159 gi|75 22219 22360
1160 gi|75 22530 22667
1161 gi|75 24002 24786
1162 gi|75 27819 27936
1163 gi|75 28810 28913
1164 gi|75 28910 31568
1165 gi|75 31604 31660
1166 gi|75 31642 31740
1167 gi|76 16076 16192
1168 gi|77 10951 11108
1169 gi|77 18224 18477
1170 gi|77 18706 18772
1171 gi|77 22699 22743
1172 gi|77 23128 23185
1173 gi|77 32107 32877
1174 gi|77 32726 33154
1175 gi|77 35432 35577
1176 gi|78 128 183
1177 gi|78 1936 2348
1178 gi|78 4785 5098
1179 gi|78 5933 6015
1180 gi|78 14521 14764
1181 gi|78 14761 15078
1182 gi|78 15077 15509
1183 gi|78 15344 15807
1184 gi|78 16032 16075
1185 gi|78 16301 17004
1186 gi|78 17433 17511
1187 gi|78 17590 17623
1188 gi|78 21024 21137
1189 gi|78 21247 21454
1190 gi|78 22076 24849
1191 gi|78 34241 34322
1192 gi|79 15345 15453
1193 gi|79 29226 29411
1194 gi|8 34772 34917
1195 gi|8 36855 36955
1196 gi|8 37052 37107
1197 gi|80 5141 5282
1198 gi|80 8782 8873
1199 gi|80 9042 9103
1200 gi|80 9189 9294
1201 gi|80 25123 25674
1202 gi|80 31330 31568
1203 gi|80 31793 32416
1204 gi|80 32900 33245
1205 gi|81 1615 1755
1206 gi|81 28224 28448
1207 gi|82 6877 7031
1208 gi|82 18400 18511
1209 gi|83 1194 2950
1210 gi|83 2992 3255
1211 gi|83 3541 3774
1212 gi|83 10066 10132
1213 gi|83 10213 10376
1214 gi|83 22704 23286
1215 gi|83 23453 23537
1216 gi|83 25466 25599
1217 gi|84 7268 8321
1218 gi|84 15378 17121
1219 gi|84 17275 17554
1220 gi|84 17838 18067
1221 gi|84 18951 20461
1222 gi|84 27280 27352
1223 gi|84 37652 37774
1224 gi|84 37806 37918
1225 gi|84 39292 39499
1226 gi|84 39538 39674
1227 gi|85 978 1091
1228 gi|85 1372 1701
1229 gi|85 2565 2660
1230 gi|85 2668 2961
1231 gi|85 6905 7020
1232 gi|85 7751 8495
1233 gi|85 8803 10818
1234 gi|85 18728 20521
1235 gi|85 20829 21115
1236 gi|86 2560 2633
1237 gi|86 4951 5111
1238 gi|86 12324 12491
1239 gi|86 14368 14464
1240 gi|86 14576 14618
1241 gi|86 14845 15317
1242 gi|86 15305 15372
1243 gi|86 15698 16417
1244 gi|86 16727 17390
1245 gi|86 17374 17542
1246 gi|86 17846 18026
1247 gi|86 18064 18173
1248 gi|86 18202 18583
1249 gi|86 19364 19490
1250 gi|86 20412 20589
1251 gi|86 20643 20808
1252 gi|86 20821 20981
1253 gi|86 24713 24812
1254 gi|86 28946 28986
1255 gi|86 37263 37433
1256 gi|87 19337 19412
1257 gi|87 19547 20292
1258 gi|87 20641 21464
1259 gi|87 21550 21590
1260 gi|88 1064 1661
1261 gi|88 3471 3688
1262 gi|89 15207 15328
1263 gi|89 24749 25137
1264 gi|9 5440 5556
1265 gi|9 6199 6263
1266 gi|9 9695 9789
1267 gi|9 9853 11474
1268 gi|9 32588 32679
1269 gi|9 38230 38687
1270 gi|9 39475 40065
1271 gi|90 4728 4870
1272 gi|90 6968 7328
1273 gi|90 11826 11987
1274 gi|90 25740 26111
1275 gi|91 7824 8016
1276 gi|91 8138 8329
1277 gi|91 8663 8845
1278 gi|91 12054 12214
1279 gi|91 16646 18374
1280 gi|91 18312 18483
1281 gi|91 18573 18782
1282 gi|91 35482 35603
1283 gi|92 3421 3571
1284 gi|92 3728 4277
1285 gi|92 4540 5015
1286 gi|92 5051 5176
1287 gi|92 11812 12230
1288 gi|92 15360 15495
1289 gi|92 15574 15602
1290 gi|92 22193 23513
1291 gi|92 23673 23824
1292 gi|92 23991 24072
1293 gi|92 24132 24394
1294 gi|92 24914 25368
1295 gi|92 25661 26124
1296 gi|92 26225 26323
1297 gi|92 26376 26530
1298 gi|92 26793 27060
1299 gi|92 27262 27706
1300 gi|92 32718 33060
1301 gi|92 33505 34143
1302 gi|92 34338 34576
1303 gi|92 35030 35173
1304 gi|92 35412 35621
1305 gi|92 35624 35820
1306 gi|92 36520 36594
1307 gi|92 38781 38838
1308 gi|92 38918 39066
1309 gi|92 39102 39285
1310 gi|93 4 92
1311 gi|93 2043 2305
1312 gi|93 2953 3067
1313 gi|93 3819 3935
1314 gi|93 9073 9250
1315 gi|93 13224 14178
1316 gi|93 14093 14334
1317 gi|93 14361 15220
1318 gi|93 16356 16772
1319 gi|93 16910 17301
1320 gi|93 18975 19115
1321 gi|93 19568 19642
1322 gi|93 19664 20020
1323 gi|93 20609 20787
1324 gi|93 20922 21740
1325 gi|93 21702 22245
1326 gi|93 22237 22585
1327 gi|93 22572 23041
1328 gi|93 30953 31022
1329 gi|93 36348 36557
1330 gi|93 37090 37308
1331 gi|93 37386 37523
1332 gi|93 37828 37962
1333 gi|94 26185 26551
1334 gi|94 26952 27226
1335 gi|94 27324 27368
1336 gi|94 28353 28826
1337 gi|94 28922 29459
1338 gi|95 369 454
1339 gi|95 2396 2900
1340 gi|96 1496 1670
1341 gi|96 2619 2813
1342 gi|96 6183 6396
1343 gi|96 16043 16186
1344 gi|96 26144 26671
1345 gi|96 26928 27308
1346 gi|96 27359 27489
1347 gi|96 27766 27841
1348 gi|96 30374 30523
1349 gi|96 36291 37042
1350 gi|97 1289 1457
1351 gi|97 1783 2416
1352 gi|97 2201 2673
1353 gi|97 2615 3233
1354 gi|97 5756 5902
1355 gi|97 37099 37672
1356 gi|98 5410 5647
1357 gi|98 14887 14982
1358 gi|99 2821 3018
1359 gi|99 19991 20345
1360 gi|99 33850 34085
1361 gi|99 34505 34730
1362 gi|99 38711 38833
