#  fam    ele   dir  sequence    start     end
     1      1  1      gi|10     4953     5111 
     1     94 -1     gi|116    34817    34929 
     1    537 -1      gi|35    29634    29804 
     1    540 -1      gi|37    24827    24979 
     2      2  1      gi|10    12324    12491 
     2     62  1      gi|11    19554    19717 
     2     69  1     gi|111    27278    27389 
     3      3  1      gi|10    14461    15007 
     3     21 -1     gi|100    22590    22727 
     3    941  1      gi|32     2691     3234 
     3    938 -1      gi|31    12792    13169 
     3    923 -1      gi|96     6659     6787 
     3    319  1     gi|158     1707     1762 
     4      4  1      gi|10    15009    15317 
     4    516  1      gi|32     7300     7737 
     4     20 -1     gi|100    22047    22327 
     5      5  1      gi|10    15355    15611 
     5    220 -1      gi|14    26247    26497 
     5      7  1      gi|10    16414    16654 
     6      6  1      gi|10    15698    16434 
     6    518 -1      gi|32    24153    25806 
     6    889  1       gi|9    37696    39176 
     6      8  1      gi|10    16728    17390 
     6    747 -1      gi|69     2620     3058 
     7      9  1      gi|10    17846    18200 
     7    371 -1     gi|168    22466    22820 
     7    521  1      gi|33    16076    16192 
     7     87 -1     gi|116      333      531 
     7    137  1     gi|129    18936    18998 
     8     11  1      gi|10    18622    19142 
     8     63  1      gi|11    24642    25203 
     8    498  1      gi|31    12122    12664 
     8    947  1      gi|14     9966    10506 
     8    948 -1      gi|40    31751    32000 
     8    950 -1       gi|9    36633    36890 
     8    949 -1       gi|9    36553    36633 
     8    818  1      gi|78    14650    14740 
     8    953 -1     gi|168    30145    30260 
     8    952 -1     gi|168    30065    30108 
     9     12  1      gi|10    19395    19472 
     9    148 -1     gi|130     7289     7375 
    10     13  1      gi|10    20643    20808 
    10    147 -1     gi|130     6937     7104 
    11     14  1      gi|10    20821    20981 
    11    922  1      gi|96     5249     5685 
    11    678 -1      gi|58    35642    36840 
    11    174  1     gi|137    19167    20226 
    11    130 -1     gi|127    35851    35976 
    11    175  1     gi|137    20264    20474 
    12     15  1      gi|10    24713    24812 
    12    572  1      gi|42    16166    16263 
    13     16  1      gi|10    35895    36624 
    13     59 -1     gi|109    23410    24163 
    14     17  1      gi|10    36620    37128 
    14     58 -1     gi|109    22474    22991 
    15     18  1      gi|10    37264    37459 
    15    311  1     gi|156    24137    24271 
    15    454 -1      gi|23    20278    20467 
    15    739 -1      gi|67    24481    24672 
    15    954 -1     gi|172    14677    14792 
    15     34  1     gi|102    24090    24278 
    15    491 -1      gi|31     3454     3562 
    16     19  1     gi|100     7127     7276 
    16    900 -1      gi|92    35645    35807 
    17     22  1     gi|100    23014    23217 
    17    110  1     gi|123     2889     3082 
    18     23  1     gi|100    24353    24401 
    18    249 -1     gi|145    34425    34503 
    18     80  1     gi|115    13485    13601 
    18    375 -1     gi|168    24499    24555 
    18    893 -1      gi|90    31159    31276 
    19     24  1     gi|101     3544     7316 
    19    910 -1      gi|94     5956     9742 
    20     25  1     gi|101    15610    15832 
    20    179  1     gi|137    31947    32123 
    20    750  1      gi|69    20979    21201 
    21     26  1     gi|101    17003    17369 
    21     45 -1     gi|106    16401    16762 
    22     27  1     gi|101    18169    18301 
    22     44 -1     gi|106    15532    15661 
    23     29  1     gi|102    14053    14156 
    23    927 -1      gi|98     3496     3592 
    23    390 -1     gi|172    13932    14029 
    23    830 -1      gi|79    35140    35222 
    24     31  1     gi|102    20025    20407 
    24    711 -1      gi|62    19323    19706 
    25     32  1     gi|102    20922    21034 
    25    710 -1      gi|62    19213    19323 
    26     33  1     gi|102    23404    23556 
    26    966  1      gi|18     6921     7068 
    26    239  1     gi|144    17554    17662 
    26    967  1      gi|13     7687     7751 
    27     35  1     gi|102    32360    32603 
    27    700  1      gi|61    12437    12679 
    28     37  1     gi|102    39710    39882 
    28    657 -1      gi|56    22694    22879 
    29     38  1     gi|103    10270    10338 
    29    616 -1      gi|50     5724     5792 
    30     39  1     gi|104    17251    17558 
    30    925 -1      gi|97     2043     2359 
    31     40  1     gi|105    26601    26666 
    31    811  1      gi|77    10927    10991 
    32     41  1     gi|106     9105     9276 
    32    359 -1     gi|166    13265    13443 
    33     42  1     gi|106    11210    11312 
    33    292  1     gi|152    32456    32556 
    34     43  1     gi|106    11324    11450 
    34     88 -1     gi|116     5395     5526 
    35     46  1     gi|106    25019    26407 
    35    280  1     gi|151      626     1248 
    35    706  1      gi|61    30533    30811 
    35    707  1      gi|61    30876    31361 
    36     47  1     gi|106    36495    36764 
    36    639  1      gi|53    26952    27226 
    37     48  1     gi|107     4540     5010 
    37    428 -1       gi|2    21159    21260 
    37    429 -1       gi|2    21485    21640 
    37    691  1       gi|6    21307    21747 
    37     51 -1     gi|107    39498    39996 
    38     49  1     gi|107    31987    32560 
    38    435  1      gi|20    25742    25822 
    38    850 -1      gi|81    17510    18089 
    39     50  1     gi|107    32690    32761 
    39    436  1      gi|20    25970    26037 
    40     52  1     gi|108      463      505 
    40    461  1      gi|24    14465    14717 
    40    248 -1     gi|145    33966    34337 
    40    433 -1      gi|20    20897    20950 
    40    664 -1      gi|58    13647    13991 
    40    665  1      gi|58    21213    21433 
    40    974  1      gi|77    34594    34820 
    40    975 -1      gi|24     7942     8171 
    40     84 -1     gi|115    34620    34670 
    41     53  1     gi|108     6490     6675 
    41     95  1     gi|117     7582     7758 
    42     54  1     gi|108    23495    23602 
    42    141 -1      gi|13     7891     8241 
    42    748 -1      gi|69     3101     3410 
    43     55  1     gi|108    23686    23788 
    43    217 -1      gi|14    10694    10792 
    44     56  1     gi|109        1       45 
    44    358  1     gi|166     3384     3428 
    45     57  1     gi|109    10902    10952 
    45    979  1     gi|116      237      288 
    46     60  1     gi|109    25919    26163 
    46    444 -1      gi|22     6797     7058 
    47     61  1     gi|109    26517    26940 
    47    443 -1      gi|22     6041     6419 
    48     64  1      gi|11    25337    25541 
    48    157 -1     gi|131    26278    26479 
    49     65  1      gi|11    26443    26841 
    49    891  1      gi|90    30135    30545 
    50     66  1      gi|11    26965    27674 
    50    892  1      gi|90    30501    31133 
    51     67  1     gi|110    37662    37863 
    51    659  1      gi|56    33350    33571 
    52     68  1     gi|110    39356    39520 
    52    930 -1      gi|99    13088    13244 
    53     70  1     gi|111    38440    38606 
    53     79 -1     gi|115     6438     6603 
    54     71  1     gi|112    23831    23939 
    54    504 -1      gi|31    23066    23174 
    55     72  1     gi|112    24545    24616 
    55    934  1      gi|99    29327    29388 
    56     73  1     gi|112    24605    24682 
    56    379 -1     gi|169    23646    23725 
    57     74  1     gi|112    24740    24829 
    57     78 -1     gi|113    31280    31385 
    57    977 -1      gi|74    26427    26476 
    58     75  1     gi|113    21445    21533 
    58    114 -1     gi|123    29247    29283 
    59     76  1     gi|113    25764    26186 
    59    341  1     gi|162    30111    30526 
    59    474 -1      gi|26    33715    33839 
    59    472 -1      gi|26    33270    33418 
    59    473 -1      gi|26    33607    33771 
    60     77  1     gi|113    27963    30339 
    60    552 -1      gi|39     3862     3925 
    60    753  1       gi|7      302     2946 
    60    438  1      gi|20    33310    33610 
    60    638  1      gi|53    26160    26551 
    60    250 -1     gi|146    17879    18296 
    60    726 -1      gi|66     9264     9380 
    61     81  1     gi|115    27252    27393 
    61    261 -1     gi|148    31944    32259 
    61    406 -1      gi|18      978     1091 
    61    409  1      gi|18     2668     2961 
    62     82  1     gi|115    31483    31721 
    62    291 -1     gi|152    30975    31214 
    62    548  1      gi|38    28247    28417 
    63     83  1     gi|115    34511    34572 
    63    589  1      gi|45    25902    25999 
    63    624 -1      gi|50    38340    38436 
    64     85  1     gi|115    34655    34753 
    64    627  1      gi|51     8939     9082 
    64    455  1      gi|23    21495    21801 
    64    267  1     gi|149    18896    19170 
    65     89  1     gi|116    26900    27069 
    65    465 -1      gi|25    10633    10802 
    66     90  1     gi|116    27034    27132 
    66    826 -1      gi|79    17832    17930 
    67     91  1     gi|116    30063    31410 
    67    210  1      gi|14     7809     9205 
    67    558 -1      gi|40    35632    35994 
    68     92  1     gi|116    31710    31933 
    68    619  1      gi|50    11053    11267 
    69     93  1     gi|116    32586    32720 
    69    620  1      gi|50    11271    11405 
    70     96  1     gi|117     7815     8055 
    70    598  1      gi|48     7200     7438 
    71     97  1     gi|117     8663     8845 
    71    599  1      gi|48     8211     8324 
    71    898 -1      gi|92    10632    10816 
    71    854  1      gi|83      846      888 
    72     98  1     gi|117    17524    17599 
    72    742  1      gi|67    32031    32102 
    73     99  1     gi|117    35482    35603 
    73    578 -1      gi|44    29338    29443 
    74    100  1     gi|119    13168    13446 
    74    573  1      gi|42    34151    34418 
    75    101  1      gi|12     8187     8408 
    75    335  1     gi|161    34043    34203 
    75    897 -1      gi|92     9632     9760 
    75    982 -1      gi|60    15520    15686 
    75    876  1      gi|88    31311    31505 
    75    984 -1      gi|44    24864    25002 
    76    102  1      gi|12     8391     8451 
    76    273  1      gi|15    15253    15307 
    77    103  1      gi|12    19461    19586 
    77    605 -1      gi|49    27337    27461 
    78    104  1     gi|120    37739    37902 
    78    632 -1      gi|52     1012     1185 
    79    105  1     gi|121     4731     4843 
    79    660 -1      gi|57     5443     5555 
    80    106  1     gi|121    11826    11987 
    80    907 -1      gi|93    34986    35144 
    81    109  1     gi|122    27339    27462 
    81    136  1     gi|129    18452    18600 
    81    420  1       gi|2     3722     3870 
    82    111  1     gi|123     8372     8597 
    82    880  1       gi|9     4175     4397 
    83    112  1     gi|123     9647    10222 
    83    881  1       gi|9     5148     5672 
    84    115  1     gi|123    29368    29430 
    84    629  1      gi|51    21095    21158 
    85    116  1     gi|123    29477    29531 
    85    360  1     gi|166    19960    20010 
    86    117  1     gi|123    29521    29941 
    86    373  1     gi|168    23489    23894 
    87    118  1     gi|123    32683    34655 
    87    381 -1     gi|169    27110    29017 
    88    119  1     gi|123    35203    35265 
    88    542 -1      gi|37    34799    34861 
    89    120  1     gi|124    14138    14638 
    89    342  1     gi|162    36408    36951 
    90    121  1     gi|124    14614    14731 
    90    871  1      gi|87    18314    18420 
    91    122  1     gi|125     6027     6103 
    91    361  1     gi|166    25284    25361 
    92    123  1     gi|125    18800    18982 
    92    253  1     gi|147    19165    19343 
    93    124  1     gi|125    20828    20976 
    93    251  1     gi|146    36111    36258 
    94    125  1     gi|125    28067    28161 
    94    919 -1      gi|94    31896    31990 
    95    126  1     gi|125    29020    29237 
    95    918 -1      gi|94    30967    31187 
    96    127  1     gi|125    35300    35768 
    96    229  1     gi|141    10428    11065 
    96    245  1     gi|145    10294    10846 
    96    863  1      gi|84    12629    13302 
    97    128  1     gi|126     9587     9714 
    97    133  1     gi|128    38003    38109 
    98    129  1     gi|126    13560    13715 
    98    701 -1      gi|61    14692    14844 
    99    131  1     gi|127    36160    36325 
    99    282 -1     gi|151    31164    31229 
    99    621 -1      gi|50    34994    35325 
    99    283 -1     gi|151    31301    32069 
    99    993  1     gi|153    17651    17843 
    99    676  1      gi|58    34366    35280 
    99    431 -1      gi|20    19901    20443 
    99    172 -1     gi|137     4024     4627 
    99    226  1     gi|140    10549    10742 
    99    281  1     gi|151    30697    30791 
    99    432 -1      gi|20    20433    20818 
    99    738 -1      gi|67    18469    18789 
    99    870  1      gi|87    15811    16089 
    99    992 -1      gi|63     6123     6456 
    99    677  1      gi|58    35115    35623 
    99    675  1      gi|58    30224    30369 
    99    597 -1      gi|47    34544    34735 
    99    802  1      gi|73     6090     6219 
   100    132  1     gi|127    36451    37260 
   100    333  1     gi|161    14178    14970 
   101    134  1     gi|129     7281     7466 
   101    294  1     gi|153      723      924 
   101    274 -1     gi|150      556      692 
   102    135  1     gi|129    18038    18169 
   102    300  1     gi|153    22974    23104 
   103    138  1     gi|129    24205    24367 
   103    354 -1     gi|165    28702    29158 
   103    642  1      gi|54    12105    12552 
   103    803 -1      gi|73     7320     7501 
   104    139  1      gi|13      506      575 
   104    799  1      gi|72    10944    11024 
   105    142  1      gi|13     8691     8879 
   105    600  1      gi|48    23719    23868 
   105    833  1       gi|8    19930    20141 
   106    143  1      gi|13     9024     9412 
   106    495 -1      gi|31    11202    11353 
   106    553 -1      gi|39     4046     4436 
   107    144  1      gi|13    12856    13016 
   107    337 -1     gi|162    16043    16186 
   107    385 -1     gi|170    12533    12619 
   108    145  1      gi|13    14142    14242 
   108    655 -1      gi|56     6862     6996 
   108    295  1     gi|153     4188     4297 
   108    494 -1      gi|31     5954     6071 
   108    683 -1      gi|59    35270    35410 
   108    237 -1     gi|143    35565    35654 
   108    645 -1      gi|54    17732    17821 
   109    146  1     gi|130     4088     4147 
   109    661  1      gi|57     6199     6263 
   110    149  1     gi|130     7604     7703 
   110    501 -1      gi|31    13752    13849 
   111    150  1     gi|130     8020     8184 
   111    254 -1     gi|147    24552    24720 
   112    151  1     gi|130     8168     8279 
   112    336 -1     gi|162     1498     1670 
   112    896 -1      gi|92     7370     7538 
   112    399 -1     gi|173     6812     6901 
   112    882 -1       gi|9    20795    20900 
   113    152  1     gi|130    12063    12506 
   113    569  1      gi|41    39448    39878 
   114    153  1     gi|130    15488    15565 
   114    570  1      gi|41    39879    39957 
   115    154  1     gi|131     1898     2545 
   115    223 -1      gi|14    33944    34562 
   116    155  1     gi|131    13178    13617 
   116    601 -1      gi|49     6260     6728 
   117    156  1     gi|131    17424    17623 
   117    340  1     gi|162    19524    19723 
   118    159  1     gi|132    12496    13194 
   118    325  1     gi|159    27978    28689 
   119    160  1     gi|132    14117    14222 
   119    326  1     gi|159    29301    29406 
   120    161  1     gi|133        1      211 
   120    259  1     gi|148    26595    27779 
   120    162  1     gi|133      662     2094 
   120    163  1     gi|133    18497    19924 
   120    264  1     gi|148    36934    38354 
   120    265  1     gi|148    38744    39999 
   120    258  1     gi|148    26284    26360 
   121    164  1     gi|133    31753    31898 
   121    840 -1      gi|80     5042     5178 
   122    165  1     gi|133    31958    32114 
   122    453  1      gi|23    19591    19763 
   123    166  1     gi|133    32091    32213 
   123    995  1      gi|14     6316     7248 
   123    996 -1      gi|32    19201    20171 
   123    318 -1     gi|158     1025     1704 
   123    994  1      gi|14     5754     6311 
   124    167  1     gi|133    33144    33259 
   124    424 -1       gi|2     6428     6605 
   124    816 -1      gi|78    13675    13850 
   124    828  1      gi|79    34444    34599 
   125    168  1     gi|134    28435    28531 
   125    527  1      gi|34     2419     2516 
   126    169  1     gi|135     3481     3629 
   126    353 -1     gi|165    26368    26504 
   127    170  1     gi|136    13329    13403 
   127    256  1     gi|148    12684    12764 
   128    171  1     gi|136    18494    19289 
   128    480  1      gi|27    37327    38030 
   128    689  1       gi|6    11638    11986 
   128    690  1       gi|6    12265    12328 
   129    173  1     gi|137    18974    19121 
   129    222  1      gi|14    33090    33240 
   129    317 -1     gi|158      677      818 
   130    176  1     gi|137    29652    30298 
   130    525  1      gi|34        8      209 
   131    178  1     gi|137    30968    31306 
   131    593 -1      gi|45    38922    39272 
   132    180  1     gi|137    36384    36528 
   132    845 -1      gi|80    31415    31558 
   133    181  1     gi|137    38193    38514 
   133    844 -1      gi|80    30471    30806 
   134    182  1     gi|137    39818    40316 
   134    843 -1      gi|80    28705    29206 
   135    183  1     gi|138     2448     2606 
   135    652 -1      gi|54    36072    36230 
   136    184  1     gi|138     2808     3077 
   136    651 -1      gi|54    35694    35959 
   137    185  1     gi|138     4053     4877 
   137    650 -1      gi|54    33933    34730 
   138    186  1     gi|138     7760     7910 
   138    692  1       gi|6    22177    22327 
   139    187  1     gi|138     8286     8571 
   140    188  1     gi|138    26111    26237 
   140    323 -1     gi|159    19626    19720 
   140    719  1      gi|64     8413     8473 
   141    189  1     gi|139     2606     2739 
   141    606 -1      gi|49    28220    28354 
   142    190  1     gi|139     8659     9438 
   142    610 -1       gi|5     4120     4903 
   143    191  1     gi|139     9540     9682 
   143    609 -1       gi|5     3932     4074 
   144    192  1     gi|139     9736    10070 
   144    608 -1       gi|5     3653     3933 
   145    194  1     gi|139    18309    18365 
   145    727 -1      gi|66    35013    35069 
   146    195  1     gi|139    36292    36709 
   146    737 -1      gi|67    16196    16602 
   147    196  1     gi|139    36865    36937 
   147    736 -1      gi|67    15968    16041 
   148    197  1     gi|139    38871    39012 
   148    735 -1      gi|67    13416    13558 
   149    199  1      gi|14     1054     1310 
   149    779  1      gi|71    13272    13513 
   149    788  1      gi|71    23467    23708 
   150    200  1      gi|14     1365     1855 
   150    787  1      gi|71    22486    23084 
   150   1011 -1      gi|71    10061    10630 
   150   1012  1      gi|71    12392    12886 
   150    206 -1      gi|14     5187     5749 
   150   1009  1      gi|14      175      708 
   150    208  1      gi|14     7238     7415 
   150   1014  1      gi|14     9306     9634 
   150    761 -1      gi|71     1849     1997 
   150    763  1      gi|71     2214     2327 
   151    201  1      gi|14     2090     2442 
   151    776  1      gi|71    10700    11051 
   151    783  1      gi|71    16371    16702 
   152    203  1      gi|14     3642     4200 
   152    782 -1      gi|71    15821    16379 
   153    205  1      gi|14     4932     5187 
   153    762  1      gi|71     2078     2215 
   153    792 -1      gi|71    25683    25938 
   154    209  1      gi|14     7348     7830 
   154    769 -1      gi|71     4462     4504 
   154    770 -1      gi|71     4490     4973 
   155    211  1      gi|14     9155     9302 
   155    768 -1      gi|71     4301     4422 
   156    214  1      gi|14     9794     9979 
   156    791  1      gi|71    24958    25440 
   156   1021  1     gi|168     5213     8513 
   156    741  1      gi|67    25066    25568 
   156   1023  1     gi|173     6921     9556 
   156   1026  1      gi|40    27114    30214 
   156   1030  1      gi|14     9690     9817 
   156   1032 -1     gi|173    16900    19731 
   156    216  1      gi|14    10509    10599 
   156   1022  1     gi|168     8514     9061 
   157    218  1      gi|14    18871    19012 
   157    625 -1      gi|51     8642     8783 
   157    452 -1      gi|23    17485    17563 
   158    219  1      gi|14    24107    24318 
   158    391  1     gi|172    14304    14584 
   158    622 -1      gi|50    35450    35599 
   158    633  1      gi|52     7388     7495 
   158    695 -1       gi|6    33344    33515 
   159    221  1      gi|14    32908    33163 
   159    457  1      gi|23    23342    23426 
   159    807 -1      gi|75    32158    32470 
   160    224  1      gi|14    36702    36772 
   160    549 -1      gi|38    28945    29013 
   161    227  1     gi|140    28600    28965 
   161    513  1      gi|32     5134     5507 
   162    228  1     gi|140    39367    39578 
   162    568 -1      gi|41    34512    34753 
   163    230  1     gi|141    32083    32220 
   163    234  1     gi|142    37337    39090 
   163    564 -1      gi|41     6519     8255 
   163    728  1      gi|67      360      549 
   164    231  1     gi|142    28061    28189 
   164   1043  1      gi|47    21154    21282 
   164    232  1     gi|142    28568    28696 
   164   1045  1     gi|142    28849    28977 
   165    235  1     gi|142    39160    39526 
   165    563 -1      gi|41     6149     6507 
   166    236  1     gi|143    35002    35156 
   166    339  1     gi|162    18964    19124 
   167    238  1     gi|144    13202    13275 
   167    648  1      gi|54    27415    27488 
   168    240  1     gi|144    17897    18198 
   168    717 -1      gi|64      799      907 
   168   1036  1     gi|140     9981    10298 
   168   1037 -1      gi|18     1410     1701 
   168   1038  1      gi|44    25128    25476 
   168   1041  1      gi|67    24670    24963 
   168   1040  1      gi|64      569      766 
   169    241  1     gi|144    20165    20687 
   169    729  1      gi|67     1464     1933 
   170    242  1     gi|144    30551    30633 
   170    279 -1     gi|150    35269    35350 
   171    243  1     gi|144    30962    31056 
   171    278 -1     gi|150    34554    34649 
   172    244  1     gi|145     8819     9020 
   172    415 -1      gi|19    21460    21658 
   173    246  1     gi|145    31732    32243 
   173    662  1      gi|57    38230    38687 
   173    797  1      gi|71    33694    33733 
   174    247  1     gi|145    32996    33573 
   174    663  1      gi|57    39475    40065 
   175    252  1     gi|147     2832     2961 
   175    924  1      gi|96    15896    16022 
   176    255  1     gi|148      746      946 
   176    801  1      gi|72    31556    31756 
   177    257  1     gi|148    16419    16679 
   177    810  1      gi|76     1763     2031 
   177    904 -1      gi|93    25587    25700 
   178    260  1     gi|148    30365    30487 
   178    437  1      gi|20    32244    32365 
   179    262  1     gi|148    32489    32584 
   179    408 -1      gi|18     2565     2660 
   180    263  1     gi|148    33863    34254 
   180    628 -1      gi|51    20659    21035 
   180    290  1     gi|152    30791    30868 
   181    266  1     gi|149     8568     8720 
   181    931  1      gi|99    28059    28210 
   182    268  1     gi|149    29933    31727 
   182    293 -1     gi|152    35971    37738 
   183    269  1     gi|149    37783    38105 
   183    878  1      gi|89    27028    27399 
   184    270  1     gi|149    38265    38425 
   184    879  1      gi|89    27548    27708 
   185    271  1      gi|15     3448     3687 
   185    442  1      gi|21    28224    28448 
   186    272  1      gi|15     9310    10158 
   186    682 -1      gi|59    27925    28772 
   187    275  1     gi|150    23900    24085 
   187    466  1      gi|25    29025    29232 
   188    276  1     gi|150    24085    24187 
   188    467  1      gi|25    29329    29431 
   189    277  1     gi|150    28136    28373 
   189    626 -1      gi|51     8713     8961 
   190    284  1     gi|152    12997    13530 
   190    883  1       gi|9    22068    22587 
   191    285  1     gi|152    14143    14211 
   191    884  1       gi|9    23209    23277 
   192    286  1     gi|152    27275    27363 
   192    658 -1      gi|56    24208    24293 
   193    287  1     gi|152    29035    29144 
   193    745  1      gi|69     1239     1359 
   194    288  1     gi|152    30227    30451 
   194    459  1      gi|24    10181    10407 
   195    289  1     gi|152    30522    30690 
   195    752 -1      gi|69    25312    25514 
   195    450  1      gi|22    32226    32359 
   195    451  1      gi|22    32825    32912 
   196    296  1     gi|153     6275     6367 
   196    836  1       gi|8    29865    29957 
   197    299  1     gi|153    21089    21178 
   197    694 -1       gi|6    32701    32807 
   197    679  1      gi|58    37679    37754 
   198    301  1     gi|153    25418    25573 
   198    348  1     gi|164    39062    39217 
   199    302  1     gi|153    25967    26336 
   199    349  1     gi|164    39628    40000 
   200    303  1     gi|153    26337    26638 
   200    868  1      gi|87        1      303 
   201    304  1     gi|153    26931    26997 
   201    869  1      gi|87      673      737 
   202    305  1     gi|154     5141     5282 
   202    623 -1      gi|50    36848    36981 
   202    929  1      gi|99      245      354 
   203    306  1     gi|154    25509    25624 
   203    486  1      gi|30    20902    21013 
   204    307  1     gi|155    28539    28627 
   204    595 -1      gi|47    12510    12595 
   205    308  1     gi|155    28688    28758 
   205   1046  1       gi|8    17974    18199 
   205    790 -1      gi|71    24478    24534 
   205   1047  1      gi|33    15833    16062 
   205   1048 -1      gi|71    24238    24468 
   205   1049 -1      gi|69     3612     3840 
   205    547 -1      gi|38    27719    27861 
   206    309  1     gi|155    39536    40551 
   206    396 -1     gi|173      568     1566 
   207    310  1     gi|155    40592    40727 
   207    395 -1     gi|173      274      409 
   208    312  1     gi|157     4256     4408 
   208    345  1     gi|163    22771    22917 
   209    313  1     gi|157     4382     4789 
   209    483 -1      gi|30    13737    14196 
   209    484 -1      gi|30    19495    19552 
   210    314  1     gi|157     5784     6015 
   210    831 -1      gi|79    35787    36018 
   210    935  1      gi|99    29424    29485 
   211    315  1     gi|157    13806    14040 
   211    550  1      gi|38    36973    37216 
   212    316  1     gi|157    22932    22972 
   212    928  1      gi|98    12461    12499 
   213    321  1     gi|158     2915     2983 
   213    968  1     gi|102    39399    39567 
   213    506 -1      gi|31    37836    38012 
   213    534 -1      gi|34    10438    10577 
   213    841 -1      gi|80    18433    18526 
   213    972 -1     gi|173    15173    15234 
   214    322  1     gi|159    12012    12136 
   214    955  1     gi|131    26693    26824 
   214    956 -1     gi|170     6740     6867 
   214    957 -1     gi|101    27924    28062 
   214    960  1     gi|165    25545    25680 
   215    327  1     gi|159    39651    39798 
   215    899 -1      gi|92    27648    27788 
   216    328  1      gi|16    13790    13872 
   216    806  1      gi|75    26526    26617 
   217    330  1     gi|160     6480     7676 
   217    412 -1      gi|18    10345    10676 
   217    417  1       gi|2     1694     2841 
   218    331  1     gi|160     7711     8045 
   218    369 -1     gi|168    19605    20820 
   218    418  1       gi|2     2320     3593 
   218    565 -1      gi|41    12230    12438 
   219    332  1     gi|160    17038    17705 
   219    646  1      gi|54    20760    21379 
   220    334  1     gi|161    23356    23652 
   220    611  1       gi|5     8247     8543 
   220    541 -1      gi|37    33598    33694 
   221    338  1     gi|162    17380    17478 
   221    723 -1      gi|65    26466    26547 
   222    343  1     gi|163    17052    17430 
   222    685 -1      gi|59    39236    39676 
   222    447  1      gi|22    25520    25700 
   223    344  1     gi|163    17474    17968 
   223    684 -1      gi|59    37909    38393 
   224    346  1     gi|163    23151    23286 
   225    347  1     gi|163    25414    25522 
   225    730 -1      gi|67     9170     9402 
   225    482 -1      gi|30     9416     9544 
   225    427 -1       gi|2    16573    16707 
   225    734  1      gi|67    10947    11031 
   226    350  1     gi|165      535     1133 
   226    363  1     gi|168     2660     3233 
   226    364 -1     gi|168     3909     4462 
   226    477 -1      gi|27    17817    18347 
   227    351  1     gi|165    13948    14129 
   227    374 -1     gi|168    24218    24398 
   228    355  1     gi|165    29634    29820 
   228    641 -1      gi|54    11411    11597 
   229    356  1     gi|166     1153     1698 
   229    496 -1      gi|31    11348    11892 
   230    357  1     gi|166     1894     2599 
   230    920 -1      gi|94    38836    39541 
   231    362  1     gi|167     8189     8229 
   231    430  1       gi|2    22513    22553 
   232    367  1     gi|168    15269    15397 
   232    644 -1      gi|54    17280    17405 
   233    368  1     gi|168    19554    19627 
   233    571  1      gi|42     2356     2435 
   234    372  1     gi|168    23058    23229 
   234    587  1      gi|45    24687    24859 
   235    377  1     gi|169      789     1720 
   235    581  1      gi|45     5482     6435 
   236    378  1     gi|169     1739     1832 
   236    582  1      gi|45     6516     6608 
   237    380  1     gi|169    26555    26772 
   237    519  1      gi|32    26112    26348 
   238    382  1      gi|17    13408    13644 
   238    759  1      gi|71      633      870 
   239    383  1      gi|17    13943    14828 
   239    411  1      gi|18     7588     8496 
   240    386  1     gi|170    25164    25209 
   240    393 -1     gi|172    15292    15335 
   240    631  1      gi|51    35156    35211 
   241    387  1     gi|170    32868    34075 
   241    702  1      gi|61    15133    15252 
   241    703  1      gi|61    15931    16222 
   241    705  1      gi|61    29914    30274 
   242    388  1     gi|170    38064    38280 
   243    389  1     gi|171    12098    12335 
   243    535  1      gi|34    35376    35581 
   244    394  1     gi|172    16019    16096 
   244    562 -1      gi|41     2233     2306 
   245    398  1     gi|173     5249     6524 
   245    649 -1      gi|54    27798    29062 
   246    401  1     gi|173    14688    14719 
   246    901  1      gi|93     2663     2694 
   247    404  1     gi|173    19779    19971 
   247    937 -1      gi|99    32007    32230 
   247    890  1      gi|90     4028     4122 
   248    405  1     gi|173    33424    33552 
   248    758 -1      gi|70    15031    15191 
   249    413  1      gi|18    19507    20042 
   249    943  1     gi|168    20831    22374 
   249    416 -1       gi|2        3     1536 
   249    942 -1      gi|10    18215    18579 
   249    946 -1     gi|160     5773     6444 
   250    414  1      gi|18    20296    20421 
   250    944  1     gi|168    22376    22623 
   250    945 -1     gi|160     5522     5770 
   251    419  1       gi|2     3470     3770 
   252    421  1       gi|2     4571     4729 
   252    813 -1      gi|77    32418    32576 
   253    422  1       gi|2     5251     5547 
   253    812 -1      gi|77    32132    32406 
   254    423  1       gi|2     6080     6427 
   254    670 -1      gi|58    26060    26890 
   254    559  1      gi|40    35949    36568 
   254    731 -1      gi|67     9469     9954 
   254    848  1      gi|80    35665    36599 
   254    834  1       gi|8    20131    20304 
   255    425  1       gi|2     6767     7404 
   255    560  1      gi|40    36634    37282 
   255    668  1      gi|58    25173    25521 
   255    724 -1      gi|65    29910    30009 
   256    426  1       gi|2     7211     7707 
   256   1053 -1      gi|58    25655    26076 
   256    561  1      gi|40    37404    37609 
   256   1056 -1       gi|6    10264    10515 
   256    449 -1      gi|22    29077    29114 
   256   1055 -1      gi|22    28855    28982 
   257    434  1      gi|20    24989    25150 
   257    851 -1      gi|81    18117    18279 
   258    439  1      gi|20    38359    38559 
   258    635  1      gi|52    15163    15351 
   259    440  1      gi|20    38584    39316 
   259    637  1      gi|52    15838    16578 
   260    441  1      gi|20    39495    39859 
   260    603 -1      gi|49    10376    10738 
   261    445  1      gi|22    22247    22371 
   261    554  1      gi|39    13419    13546 
   262    446  1      gi|22    22777    22990 
   262    555  1      gi|39    13742    13963 
   263    456  1      gi|23    22941    23039 
   263    538 -1      gi|36     5888     5938 
   263    604 -1      gi|49    16569    16672 
   263    856 -1      gi|83    13570    13656 
   264    460  1      gi|24    10536    10882 
   264    636  1      gi|52    15351    15653 
   265    462  1      gi|24    32197    32468 
   265    908  1      gi|94     2614     2893 
   266    463  1      gi|24    32466    32826 
   266    909  1      gi|94     2963     3314 
   267    464  1      gi|24    37587    37719 
   267    817 -1      gi|78    14308    14441 
   268    468  1      gi|25    30298    30510 
   268    488 -1      gi|31      924     1124 
   269    469  1      gi|26    13414    13636 
   269    985  1     gi|122     1737     1964 
   269    990  1      gi|50     3751     3973 
   270    471  1      gi|26    26071    26482 
   270    798 -1      gi|71    34084    34642 
   270    800 -1      gi|72    19615    19759 
   270    634 -1      gi|52     8899     9414 
   270    503  1      gi|31    20827    21077 
   270    835  1       gi|8    28932    29415 
   270    795 -1      gi|71    33226    33307 
   270    838  1       gi|8    30233    30394 
   270    796 -1      gi|71    33494    33653 
   271    475  1      gi|27     9218     9372 
   271    720  1      gi|64    38169    38317 
   272    476  1      gi|27    14737    14848 
   273    478  1      gi|27    20809    21625 
   273    699  1      gi|61     8912     9775 
   274    479  1      gi|27    35785    35882 
   274    647 -1      gi|54    23951    24047 
   275    481  1      gi|28    39622    39934 
   276    485  1      gi|30    20717    20791 
   276    688  1       gi|6    10832    10900 
   277    487  1      gi|30    21240    21386 
   277    686 -1       gi|6     4190     4261 
   277    693  1       gi|6    23030    23195 
   278    489  1      gi|31     3089     3214 
   278    998 -1     gi|158     1771     1986 
   278    997 -1      gi|32    20175    20730 
   279    490  1      gi|31     3346     3459 
   279   1051 -1       gi|9    37030    37408 
   279    951 -1     gi|121    25757    26249 
   279   1050  1      gi|65     5208     5447 
   279   1052  1      gi|51    31679    32190 
   279    492  1      gi|31     3567     3637 
   280    493  1      gi|31     4424     4713 
   280    894 -1      gi|91     3369     3662 
   281    497  1      gi|31    12045    12159 
   281    510 -1      gi|32     3452     3694 
   281    499  1      gi|31    12650    12834 
   282    502  1      gi|31    16846    16995 
   282    709  1      gi|62    12631    12792 
   282    804  1      gi|74    21093    21240 
   283    505  1      gi|31    27147    27241 
   283    743  1      gi|68    16992    17088 
   284    507  1      gi|31    39724    40325 
   284    531  1      gi|34     8169     8970 
   284   1000 -1      gi|45    40134    40324 
   285    508  1      gi|32     1924     2190 
   285    895  1      gi|92     7107     7387 
   285    512  1      gi|32     4549     4657 
   286    511  1      gi|32     4451     4546 
   286    939  1      gi|31    13170    13675 
   286    940 -1      gi|32     2189     2686 
   287    515  1      gi|32     6562     6839 
   287   1029 -1      gi|40    31445    31754 
   287   1033  1     gi|173    15361    15670 
   288    522  1      gi|33    16492    16558 
   288    530 -1      gi|34     6435     6500 
   289    523  1      gi|33    16586    16754 
   289    529 -1      gi|34     6098     6279 
   290    524  1      gi|33    16749    16952 
   290    528 -1      gi|34     5559     5776 
   291    526  1      gi|34      383      498 
   291    999 -1      gi|45    39420    40134 
   291    533  1      gi|34     9577     9720 
   291   1002  1     gi|137    30284    30946 
   291    532  1      gi|34     9146     9225 
   292    536  1      gi|35    20998    21091 
   292    921  1      gi|95    33387    33488 
   293    539  1      gi|37     2322     2451 
   293    681  1      gi|59    12840    12969 
   294    543  1      gi|38     2173     2420 
   294    708 -1      gi|62     8837     9096 
   295    544  1      gi|38     2974     3140 
   295    567 -1      gi|41    14167    14330 
   296    545  1      gi|38     3352     3440 
   296    566 -1      gi|41    13948    14036 
   297    546  1      gi|38    18212    18474 
   297    607  1      gi|49    39279    39513 
   298    551  1      gi|39     3378     3499 
   298    936 -1      gi|99    30519    30628 
   299    574  1      gi|43     7619     7891 
   299    808  1      gi|76      470      924 
   299    906 -1      gi|93    26715    27171 
   300    575  1      gi|44    21835    21940 
   300    653  1      gi|56      926     1034 
   301    579  1      gi|44    33056    33119 
   301    656 -1      gi|56    11361    11418 
   302    580  1      gi|45        1      368 
   302    842 -1      gi|80    28327    28695 
   303    583  1      gi|45    17665    19377 
   303   1058 -1      gi|80     1180     2560 
   303   1057 -1      gi|80      862     1180 
   303    591 -1      gi|45    34898    35632 
   303    592 -1      gi|45    35628    36238 
   304    584  1      gi|45    21948    22084 
   304    853  1      gi|82    36832    36969 
   305    585  1      gi|45    22782    23297 
   305    872  1      gi|87    21950    22451 
   306    586  1      gi|45    24439    24561 
   306    873  1      gi|87    23159    23289 
   307    588  1      gi|45    24984    25544 
   307    673 -1      gi|58    27773    28352 
   307   1059  1      gi|80    35039    35157 
   307    602  1      gi|49     9983    10351 
   308    590  1      gi|45    34511    34833 
   309    612  1       gi|5    30498    30627 
   309    715  1      gi|63     9412     9758 
   309    757  1       gi|7    39307    39577 
   309    613  1       gi|5    30566    30707 
   309    713  1      gi|63     5860     5891 
   310    614  1       gi|5    31150    31252 
   310    643  1      gi|54    14253    14341 
   311    617  1      gi|50     5867     6548 
   311    986  1     gi|122     1964     4412 
   311    988  1      gi|26    14317    16741 
   311    991  1      gi|50     3977     5740 
   312    618  1      gi|50     7469     7924 
   312    987  1     gi|122     4413     4869 
   312    989  1      gi|26    16745    17198 
   313    640  1      gi|53    29597    29675 
   313    712  1      gi|62    19849    19953 
   314    654  1      gi|56     6545     6758 
   314    704 -1      gi|61    18766    18981 
   315    666  1      gi|58    24910    25019 
   315    733 -1      gi|67    10556    10662 
   315    674 -1      gi|58    28352    28430 
   316    667  1      gi|58    25018    25232 
   316    847  1      gi|80    35313    35542 
   316    671 -1      gi|58    26885    27037 
   317    696  1       gi|6    36559    36637 
   317    849 -1      gi|81     8890     8968 
   318    697  1       gi|6    37872    38719 
   318    827  1      gi|79    32959    33809 
   319    718  1      gi|64      948     1075 
   319    725  1      gi|66     8173     8291 
   319    744  1      gi|68    30402    30518 
   320    732  1      gi|67    10264    10466 
   320   1060 -1      gi|80    35157    35333 
   320   1061  1      gi|58    27638    27773 
   321    746  1      gi|69     1962     2035 
   321    815 -1      gi|78    12821    12903 
   322    751  1      gi|69    24483    24564 
   323    754  1       gi|7     4129     4236 
   324    755  1       gi|7    33364    34177 
   324    886 -1       gi|9    35252    36098 
   325    756  1       gi|7    34182    34743 
   325    885 -1       gi|9    34572    35125 
   326    760  1      gi|71     1403     1817 
   326   1015 -1      gi|14     2423     3396 
   326    767 -1      gi|71     4049     4280 
   326    771 -1      gi|71     6929     7866 
   326    774  1      gi|71     8785     9705 
   326    777  1      gi|71    11338    12072 
   326   1018  1      gi|71    16960    17936 
   327    764  1      gi|71     2740     2827 
   327    874  1      gi|87    25334    25423 
   327    793 -1      gi|71    26371    26462 
   328    765  1      gi|71     2836     3426 
   328   1019 -1      gi|14     4198     4931 
   328    766  1      gi|71     3441     3741 
   328    772 -1      gi|71     7881     8181 
   328    780  1      gi|71    13605    14195 
   328    781  1      gi|71    14210    14509 
   328    785  1      gi|71    20464    21054 
   328    786  1      gi|71    21069    21368 
   328    794 -1      gi|71    26479    26838 
   328   1020 -1      gi|71     8196     8781 
   329    809  1      gi|76     1049     1337 
   329    905 -1      gi|93    26339    26643 
   330    819  1      gi|79     2025     2314 
   330    917 -1      gi|94    24037    24362 
   331    820  1      gi|79     2366     2749 
   331    916 -1      gi|94    23542    23925 
   332    821  1      gi|79     2815     2869 
   332    915 -1      gi|94    23312    23366 
   333    822  1      gi|79     3899     4081 
   333    914 -1      gi|94    21964    22148 
   334    823  1      gi|79     4539     4836 
   334    913 -1      gi|94    21048    21370 
   335    824  1      gi|79     5073     5249 
   335    912 -1      gi|94    20640    20801 
   336    825  1      gi|79     5479     5690 
   336    911 -1      gi|94    20229    20517 
   337    829  1      gi|79    34804    34906 
   337    961  1      gi|32     6493     6574 
   337    926  1      gi|98     3210     3263 
   337    964 -1     gi|123    26694    26774 
   337    965 -1     gi|102    14258    14311 
   338    837  1       gi|8    29980    30135 
   339    852  1      gi|82    32247    32801 
   339    875 -1      gi|88    30621    31165 
   340    855  1      gi|83     7370     7478 
   340    877  1      gi|89     2023     2133 
   341    857  1      gi|83    14339    14517 
   341    932  1      gi|99    28465    28665 
   342    858  1      gi|83    14510    15099 
   342    933  1      gi|99    28716    29353 
   343    859  1      gi|83    35195    35553 
   343    867 -1      gi|86    19830    20186 
   344    860  1      gi|83    35606    35694 
   344    866 -1      gi|86    19635    19722 
   345    861  1      gi|83    36110    36483 
   345    865 -1      gi|86    18622    19030 
   346    862  1      gi|83    36733    36988 
   346    864 -1      gi|86    18039    18297 
   347    902  1      gi|93     3462     3966 
   347   1028 -1      gi|40    30938    31445 
   347   1034  1     gi|173    15670    16176 
   348    903  1      gi|93     4265     4697 
   348   1035 -1      gi|40    30230    30938 
   348   1031  1     gi|173    16176    16900 
   349    958  1     gi|101    28065    28110 
   349    959 -1     gi|165    25496    25540 
   350    962  1      gi|32     6577     6611 
   350    963 -1     gi|123    26659    26690 
   351    969  1     gi|102    39568    39625 
   351    970  1     gi|173     3191     3245 
   351    971 -1     gi|173    15130    15173 
   352    973  1      gi|77    34151    34590 
   352    976 -1      gi|24     8171     8616 
   353    978  1      gi|74    26482    26528 
   353    980  1     gi|116      290      335 
   354    981  1      gi|60    15401    15518 
   354    983  1      gi|44    24746    24861 
   355   1001  1     gi|137    30094    30233 
   356   1003  1     gi|139    13276    13356 
   356   1005  1     gi|153    20980    21086 
   356   1006  1     gi|159    27444    27533 
   356   1007  1      gi|59     8155     8246 
   356   1008  1      gi|65     5692     5781 
   357   1010  1      gi|14      710      855 
   357   1013  1      gi|71    12928    13007 
   358   1016  1      gi|14     3399     3655 
   358   1017 -1      gi|71    16703    16959 
   359   1042  1      gi|47    21003    21154 
   359   1044  1     gi|142    28697    28849 
   360   1062  1      gi|58    27783    27893 
