1 gi|10 4951 5111
2 gi|10 12324 12491
3 gi|10 14459 15007
4 gi|10 15009 15317
5 gi|10 15355 15611
6 gi|10 15698 16434
7 gi|10 16414 16654
8 gi|10 16728 17390
9 gi|10 17846 18200
10 gi|10 18195 18583
11 gi|10 18616 19153
12 gi|10 19395 19472
13 gi|10 20643 20808
14 gi|10 20821 20981
15 gi|10 24713 24812
16 gi|10 35895 36624
17 gi|10 36620 37128
18 gi|10 37263 37459
19 gi|100 7127 7276
20 gi|100 22047 22327
21 gi|100 22590 22727
22 gi|100 23014 23217
23 gi|100 24353 24401
24 gi|101 3544 7316
25 gi|101 15608 15832
26 gi|101 17003 17369
27 gi|101 18169 18301
28 gi|101 27917 28110
29 gi|102 14053 14156
30 gi|102 14258 14326
31 gi|102 20025 20407
32 gi|102 20922 21034
33 gi|102 23404 23556
34 gi|102 24083 24278
35 gi|102 32360 32603
36 gi|102 39399 39625
37 gi|102 39710 39882
38 gi|103 10270 10338
39 gi|104 17251 17558
40 gi|105 26601 26666
41 gi|106 9105 9276
42 gi|106 11210 11312
43 gi|106 11324 11450
44 gi|106 15532 15661
45 gi|106 16401 16762
46 gi|106 25019 26407
47 gi|106 36495 36764
48 gi|107 4540 5010
49 gi|107 31987 32560
50 gi|107 32690 32761
51 gi|107 39498 39996
52 gi|108 463 510
53 gi|108 6490 6675
54 gi|108 23495 23602
55 gi|108 23686 23788
56 gi|109 1 45
57 gi|109 10897 10953
58 gi|109 22474 22991
59 gi|109 23410 24163
60 gi|109 25919 26163
61 gi|109 26517 26940
62 gi|11 19554 19717
63 gi|11 24635 25217
64 gi|11 25337 25541
65 gi|11 26443 26841
66 gi|11 26965 27674
67 gi|110 37662 37863
68 gi|110 39356 39520
69 gi|111 27274 27392
70 gi|111 38440 38606
71 gi|112 23831 23939
72 gi|112 24545 24616
73 gi|112 24605 24682
74 gi|112 24736 24829
75 gi|113 21445 21533
76 gi|113 25763 26186
77 gi|113 27963 30339
78 gi|113 31280 31389
79 gi|115 6438 6603
80 gi|115 13485 13601
81 gi|115 27252 27393
82 gi|115 31483 31721
83 gi|115 34511 34577
84 gi|115 34612 34676
85 gi|115 34655 34753
86 gi|116 230 335
87 gi|116 333 531
88 gi|116 5395 5526
89 gi|116 26900 27069
90 gi|116 27034 27132
91 gi|116 30060 31412
92 gi|116 31710 31933
93 gi|116 32586 32720
94 gi|116 34817 34929
95 gi|117 7582 7758
96 gi|117 7815 8055
97 gi|117 8663 8845
98 gi|117 17524 17599
99 gi|117 35482 35603
100 gi|119 13168 13446
101 gi|12 8187 8408
102 gi|12 8391 8451
103 gi|12 19461 19586
104 gi|120 37739 37902
105 gi|121 4731 4843
106 gi|121 11826 11987
107 gi|121 25740 26249
108 gi|122 1732 4873
109 gi|122 27337 27462
110 gi|123 2889 3082
111 gi|123 8372 8597
112 gi|123 9647 10222
113 gi|123 26659 26774
114 gi|123 29247 29283
115 gi|123 29368 29430
116 gi|123 29477 29531
117 gi|123 29521 29941
118 gi|123 32683 34655
119 gi|123 35203 35265
120 gi|124 14138 14638
121 gi|124 14614 14731
122 gi|125 6027 6103
123 gi|125 18800 18982
124 gi|125 20828 20976
125 gi|125 28067 28161
126 gi|125 29020 29237
127 gi|125 35299 35773
128 gi|126 9587 9714
129 gi|126 13560 13715
130 gi|127 35851 35976
131 gi|127 36160 36329
132 gi|127 36451 37260
133 gi|128 38003 38109
134 gi|129 7280 7466
135 gi|129 18038 18169
136 gi|129 18452 18604
137 gi|129 18936 19001
138 gi|129 24205 24367
139 gi|13 506 575
140 gi|13 7674 7751
141 gi|13 7891 8241
142 gi|13 8689 8879
143 gi|13 9024 9417
144 gi|13 12856 13016
145 gi|13 14142 14242
146 gi|130 4088 4147
147 gi|130 6937 7104
148 gi|130 7289 7375
149 gi|130 7604 7703
150 gi|130 8020 8184
151 gi|130 8168 8279
152 gi|130 12063 12506
153 gi|130 15488 15565
154 gi|131 1898 2545
155 gi|131 13178 13617
156 gi|131 17424 17623
157 gi|131 26278 26479
158 gi|131 26670 26830
159 gi|132 12496 13194
160 gi|132 14117 14222
161 gi|133 1 218
162 gi|133 662 2094
163 gi|133 18494 19924
164 gi|133 31753 31898
165 gi|133 31958 32114
166 gi|133 32091 32213
167 gi|133 33144 33261
168 gi|134 28435 28531
169 gi|135 3481 3629
170 gi|136 13329 13403
171 gi|136 18494 19290
172 gi|137 4024 4627
173 gi|137 18974 19123
174 gi|137 19167 20226
175 gi|137 20264 20474
176 gi|137 29652 30298
177 gi|137 30093 30946
178 gi|137 30968 31306
179 gi|137 31947 32123
180 gi|137 36384 36528
181 gi|137 38193 38514
182 gi|137 39818 40316
183 gi|138 2448 2606
184 gi|138 2808 3077
185 gi|138 4053 4877
186 gi|138 7760 7910
187 gi|138 8286 8571
188 gi|138 26111 26237
189 gi|139 2606 2739
190 gi|139 8659 9438
191 gi|139 9540 9682
192 gi|139 9736 10070
193 gi|139 13275 13392
194 gi|139 18309 18365
195 gi|139 36292 36709
196 gi|139 36865 36937
197 gi|139 38871 39012
198 gi|14 175 855
199 gi|14 1054 1310
200 gi|14 1364 1856
201 gi|14 2090 2442
202 gi|14 2420 3655
203 gi|14 3642 4200
204 gi|14 4197 4942
205 gi|14 4932 5187
206 gi|14 5187 5752
207 gi|14 5754 7248
208 gi|14 7233 7415
209 gi|14 7348 7830
210 gi|14 7805 9205
211 gi|14 9155 9302
212 gi|14 9302 9646
213 gi|14 9669 9817
214 gi|14 9794 9979
215 gi|14 9957 10540
216 gi|14 10509 10599
217 gi|14 10694 10792
218 gi|14 18871 19012
219 gi|14 24107 24318
220 gi|14 26247 26497
221 gi|14 32902 33163
222 gi|14 33090 33240
223 gi|14 33944 34562
224 gi|14 36702 36772
225 gi|140 9962 10317
226 gi|140 10549 10742
227 gi|140 28600 28965
228 gi|140 39367 39578
229 gi|141 10428 11065
230 gi|141 32083 32220
231 gi|142 28061 28189
232 gi|142 28568 28696
233 gi|142 28697 28977
234 gi|142 37337 39090
235 gi|142 39160 39526
236 gi|143 35002 35156
237 gi|143 35565 35654
238 gi|144 13202 13275
239 gi|144 17549 17662
240 gi|144 17889 18202
241 gi|144 20165 20687
242 gi|144 30551 30633
243 gi|144 30962 31056
244 gi|145 8819 9020
245 gi|145 10294 10850
246 gi|145 31732 32243
247 gi|145 32996 33573
248 gi|145 33966 34338
249 gi|145 34422 34506
250 gi|146 17879 18296
251 gi|146 36111 36258
252 gi|147 2832 2961
253 gi|147 19165 19343
254 gi|147 24552 24720
255 gi|148 746 946
256 gi|148 12684 12764
257 gi|148 16419 16679
258 gi|148 26284 26360
259 gi|148 26595 27783
260 gi|148 30365 30487
261 gi|148 31943 32259
262 gi|148 32489 32584
263 gi|148 33863 34254
264 gi|148 36934 38354
265 gi|148 38744 39999
266 gi|149 8568 8720
267 gi|149 18896 19174
268 gi|149 29933 31727
269 gi|149 37783 38105
270 gi|149 38265 38425
271 gi|15 3448 3687
272 gi|15 9310 10158
273 gi|15 15253 15307
274 gi|150 554 694
275 gi|150 23900 24085
276 gi|150 24085 24187
277 gi|150 28136 28373
278 gi|150 34554 34649
279 gi|150 35269 35350
280 gi|151 626 1248
281 gi|151 30697 30791
282 gi|151 31164 31229
283 gi|151 31300 32074
284 gi|152 12997 13530
285 gi|152 14143 14211
286 gi|152 27275 27363
287 gi|152 29035 29144
288 gi|152 30227 30451
289 gi|152 30522 30694
290 gi|152 30791 30868
291 gi|152 30975 31214
292 gi|152 32456 32556
293 gi|152 35971 37738
294 gi|153 723 924
295 gi|153 4186 4297
296 gi|153 6275 6367
297 gi|153 17634 17845
298 gi|153 20962 21095
299 gi|153 21089 21178
300 gi|153 22974 23104
301 gi|153 25418 25573
302 gi|153 25967 26336
303 gi|153 26337 26638
304 gi|153 26931 26997
305 gi|154 5141 5282
306 gi|154 25509 25624
307 gi|155 28539 28627
308 gi|155 28686 28758
309 gi|155 39536 40551
310 gi|155 40592 40727
311 gi|156 24129 24276
312 gi|157 4256 4408
313 gi|157 4382 4789
314 gi|157 5784 6015
315 gi|157 13806 14040
316 gi|157 22932 22972
317 gi|158 677 818
318 gi|158 1023 1711
319 gi|158 1707 1762
320 gi|158 1758 1987
321 gi|158 2915 2983
322 gi|159 12011 12139
323 gi|159 19619 19721
324 gi|159 27430 27549
325 gi|159 27978 28689
326 gi|159 29301 29406
327 gi|159 39651 39798
328 gi|16 13790 13872
329 gi|160 5522 6452
330 gi|160 6480 7676
331 gi|160 7711 8045
332 gi|160 17038 17705
333 gi|161 14178 14970
334 gi|161 23356 23652
335 gi|161 34041 34203
336 gi|162 1496 1670
337 gi|162 16043 16186
338 gi|162 17380 17478
339 gi|162 18964 19124
340 gi|162 19524 19723
341 gi|162 30111 30527
342 gi|162 36408 36951
343 gi|163 17052 17430
344 gi|163 17474 17968
345 gi|163 22771 22917
346 gi|163 23151 23286
347 gi|163 25413 25532
348 gi|164 39062 39217
349 gi|164 39628 40000
350 gi|165 535 1134
351 gi|165 13948 14129
352 gi|165 25496 25688
353 gi|165 26368 26504
354 gi|165 28702 29158
355 gi|165 29634 29820
356 gi|166 1153 1698
357 gi|166 1894 2599
358 gi|166 3384 3428
359 gi|166 13265 13443
360 gi|166 19960 20010
361 gi|166 25284 25361
362 gi|167 8189 8229
363 gi|168 2660 3233
364 gi|168 3909 4462
365 gi|168 5208 8527
366 gi|168 8492 9066
367 gi|168 15269 15397
368 gi|168 19554 19627
369 gi|168 19605 20820
370 gi|168 20831 22623
371 gi|168 22466 22820
372 gi|168 23058 23229
373 gi|168 23489 23894
374 gi|168 24218 24398
375 gi|168 24499 24558
376 gi|168 30065 30260
377 gi|169 789 1720
378 gi|169 1739 1832
379 gi|169 23646 23725
380 gi|169 26555 26772
381 gi|169 27110 29017
382 gi|17 13408 13644
383 gi|17 13943 14828
384 gi|170 6731 6889
385 gi|170 12533 12622
386 gi|170 25160 25209
387 gi|170 32868 34075
388 gi|170 38064 38280
389 gi|171 12098 12335
390 gi|172 13932 14029
391 gi|172 14302 14584
392 gi|172 14673 14808
393 gi|172 15288 15335
394 gi|172 16019 16096
395 gi|173 274 409
396 gi|173 568 1566
397 gi|173 3162 3245
398 gi|173 5249 6524
399 gi|173 6812 6901
400 gi|173 6921 9574
401 gi|173 14688 14719
402 gi|173 15130 15234
403 gi|173 15361 19731
404 gi|173 19779 19971
405 gi|173 33424 33552
406 gi|18 978 1091
407 gi|18 1381 1722
408 gi|18 2565 2660
409 gi|18 2668 2961
410 gi|18 6905 7068
411 gi|18 7588 8496
412 gi|18 10345 10676
413 gi|18 19507 20042
414 gi|18 20296 20421
415 gi|19 21460 21658
416 gi|2 1 1536
417 gi|2 1694 2841
418 gi|2 2320 3593
419 gi|2 3470 3770
420 gi|2 3722 3874
421 gi|2 4571 4729
422 gi|2 5251 5547
423 gi|2 6080 6427
424 gi|2 6428 6606
425 gi|2 6767 7404
426 gi|2 7211 7708
427 gi|2 16573 16707
428 gi|2 21159 21260
429 gi|2 21485 21640
430 gi|2 22513 22553
431 gi|20 19901 20443
432 gi|20 20433 20819
433 gi|20 20896 20952
434 gi|20 24989 25150
435 gi|20 25742 25822
436 gi|20 25970 26037
437 gi|20 32244 32373
438 gi|20 33307 33614
439 gi|20 38359 38559
440 gi|20 38584 39316
441 gi|20 39495 39859
442 gi|21 28224 28448
443 gi|22 6041 6419
444 gi|22 6797 7058
445 gi|22 22247 22371
446 gi|22 22777 22990
447 gi|22 25520 25700
448 gi|22 28817 28989
449 gi|22 29077 29114
450 gi|22 32226 32359
451 gi|22 32825 32912
452 gi|23 17485 17563
453 gi|23 19591 19763
454 gi|23 20278 20472
455 gi|23 21495 21801
456 gi|23 22937 23039
457 gi|23 23342 23426
458 gi|24 7942 8616
459 gi|24 10181 10407
460 gi|24 10536 10882
461 gi|24 14465 14718
462 gi|24 32197 32468
463 gi|24 32466 32826
464 gi|24 37587 37719
465 gi|25 10633 10802
466 gi|25 29025 29232
467 gi|25 29329 29431
468 gi|25 30298 30510
469 gi|26 13414 13636
470 gi|26 14316 17198
471 gi|26 26071 26482
472 gi|26 33270 33418
473 gi|26 33607 33771
474 gi|26 33715 33839
475 gi|27 9218 9372
476 gi|27 14737 14848
477 gi|27 17817 18347
478 gi|27 20809 21625
479 gi|27 35785 35882
480 gi|27 37327 38030
481 gi|28 39622 39934
482 gi|30 9412 9549
483 gi|30 13737 14196
484 gi|30 19495 19552
485 gi|30 20717 20791
486 gi|30 20902 21013
487 gi|30 21240 21386
488 gi|31 924 1124
489 gi|31 3089 3216
490 gi|31 3345 3460
491 gi|31 3448 3569
492 gi|31 3564 3649
493 gi|31 4424 4713
494 gi|31 5954 6076
495 gi|31 11202 11353
496 gi|31 11348 11892
497 gi|31 12045 12159
498 gi|31 12121 12665
499 gi|31 12650 12834
500 gi|31 12792 13680
501 gi|31 13752 13849
502 gi|31 16846 16995
503 gi|31 20827 21082
504 gi|31 23066 23174
505 gi|31 27147 27241
506 gi|31 37834 38012
507 gi|31 39724 40325
508 gi|32 1924 2190
509 gi|32 2189 3234
510 gi|32 3452 3694
511 gi|32 4451 4549
512 gi|32 4549 4657
513 gi|32 5134 5507
514 gi|32 6478 6611
515 gi|32 6562 6839
516 gi|32 7300 7737
517 gi|32 19201 20730
518 gi|32 24153 25806
519 gi|32 26112 26348
520 gi|33 15802 16081
521 gi|33 16074 16192
522 gi|33 16492 16558
523 gi|33 16586 16754
524 gi|33 16749 16952
525 gi|34 8 211
526 gi|34 383 498
527 gi|34 2419 2516
528 gi|34 5559 5776
529 gi|34 6098 6279
530 gi|34 6435 6500
531 gi|34 8169 8970
532 gi|34 9146 9225
533 gi|34 9577 9722
534 gi|34 10434 10577
535 gi|34 35376 35581
536 gi|35 20998 21091
537 gi|35 29634 29808
538 gi|36 5888 5938
539 gi|37 2322 2451
540 gi|37 24827 24979
541 gi|37 33598 33694
542 gi|37 34799 34861
543 gi|38 2173 2420
544 gi|38 2974 3140
545 gi|38 3352 3440
546 gi|38 18212 18474
547 gi|38 27719 27869
548 gi|38 28247 28417
549 gi|38 28945 29013
550 gi|38 36973 37216
551 gi|39 3378 3499
552 gi|39 3862 3925
553 gi|39 4046 4436
554 gi|39 13419 13546
555 gi|39 13742 13963
556 gi|40 27114 31754
557 gi|40 31737 32019
558 gi|40 35632 35994
559 gi|40 35949 36575
560 gi|40 36634 37282
561 gi|40 37400 37620
562 gi|41 2233 2306
563 gi|41 6149 6507
564 gi|41 6519 8255
565 gi|41 12230 12438
566 gi|41 13948 14036
567 gi|41 14167 14330
568 gi|41 34512 34753
569 gi|41 39448 39878
570 gi|41 39879 39957
571 gi|42 2356 2435
572 gi|42 16166 16263
573 gi|42 34151 34418
574 gi|43 7619 7891
575 gi|44 21826 21940
576 gi|44 24746 25002
577 gi|44 25123 25527
578 gi|44 29338 29443
579 gi|44 33056 33119
580 gi|45 1 368
581 gi|45 5482 6435
582 gi|45 6516 6608
583 gi|45 17665 19377
584 gi|45 21948 22084
585 gi|45 22782 23297
586 gi|45 24439 24561
587 gi|45 24687 24859
588 gi|45 24984 25546
589 gi|45 25902 26004
590 gi|45 34510 34835
591 gi|45 34897 35632
592 gi|45 35628 36238
593 gi|45 38922 39272
594 gi|45 39417 40325
595 gi|47 12510 12595
596 gi|47 21003 21282
597 gi|47 34544 34735
598 gi|48 7200 7438
599 gi|48 8208 8330
600 gi|48 23719 23868
601 gi|49 6260 6728
602 gi|49 9982 10351
603 gi|49 10376 10738
604 gi|49 16569 16674
605 gi|49 27337 27461
606 gi|49 28220 28354
607 gi|49 39279 39513
608 gi|5 3653 3933
609 gi|5 3932 4074
610 gi|5 4120 4903
611 gi|5 8247 8543
612 gi|5 30498 30627
613 gi|5 30566 30707
614 gi|5 31150 31252
615 gi|50 3751 5740
616 gi|50 5724 5792
617 gi|50 5867 6548
618 gi|50 7468 7933
619 gi|50 11053 11267
620 gi|50 11271 11405
621 gi|50 34985 35328
622 gi|50 35450 35599
623 gi|50 36844 36981
624 gi|50 38340 38436
625 gi|51 8637 8783
626 gi|51 8713 8961
627 gi|51 8939 9086
628 gi|51 20657 21035
629 gi|51 21095 21158
630 gi|51 31679 32208
631 gi|51 35156 35215
632 gi|52 1012 1185
633 gi|52 7388 7500
634 gi|52 8899 9424
635 gi|52 15163 15351
636 gi|52 15351 15653
637 gi|52 15838 16578
638 gi|53 26160 26552
639 gi|53 26952 27226
640 gi|53 29597 29675
641 gi|54 11411 11597
642 gi|54 12105 12552
643 gi|54 14253 14341
644 gi|54 17280 17405
645 gi|54 17732 17821
646 gi|54 20760 21379
647 gi|54 23951 24047
648 gi|54 27415 27488
649 gi|54 27798 29062
650 gi|54 33933 34730
651 gi|54 35694 35959
652 gi|54 36072 36230
653 gi|56 926 1034
654 gi|56 6545 6758
655 gi|56 6856 7000
656 gi|56 11361 11418
657 gi|56 22694 22879
658 gi|56 24208 24293
659 gi|56 33350 33571
660 gi|57 5443 5555
661 gi|57 6199 6263
662 gi|57 38230 38687
663 gi|57 39475 40065
664 gi|58 13647 13991
665 gi|58 21209 21434
666 gi|58 24910 25019
667 gi|58 25018 25232
668 gi|58 25173 25521
669 gi|58 25623 26076
670 gi|58 26057 26890
671 gi|58 26885 27037
672 gi|58 27638 27894
673 gi|58 27773 28352
674 gi|58 28352 28430
675 gi|58 30219 30371
676 gi|58 34363 35280
677 gi|58 35115 35623
678 gi|58 35642 36840
679 gi|58 37679 37754
680 gi|59 8148 8276
681 gi|59 12835 12969
682 gi|59 27925 28772
683 gi|59 35270 35410
684 gi|59 37909 38393
685 gi|59 39236 39676
686 gi|6 4190 4261
687 gi|6 10245 10515
688 gi|6 10832 10900
689 gi|6 11638 11986
690 gi|6 12265 12328
691 gi|6 21307 21747
692 gi|6 22177 22327
693 gi|6 23030 23195
694 gi|6 32701 32812
695 gi|6 33344 33515
696 gi|6 36559 36637
697 gi|6 37872 38719
698 gi|60 15401 15690
699 gi|61 8912 9775
700 gi|61 12437 12679
701 gi|61 14692 14844
702 gi|61 15133 15252
703 gi|61 15931 16222
704 gi|61 18766 18981
705 gi|61 29914 30274
706 gi|61 30533 30811
707 gi|61 30875 31361
708 gi|62 8837 9096
709 gi|62 12631 12792
710 gi|62 19213 19323
711 gi|62 19323 19706
712 gi|62 19849 19953
713 gi|63 5860 5891
714 gi|63 6123 6474
715 gi|63 9412 9758
716 gi|64 565 785
717 gi|64 799 907
718 gi|64 948 1077
719 gi|64 8413 8473
720 gi|64 38169 38317
721 gi|65 5208 5466
722 gi|65 5675 5785
723 gi|65 26466 26547
724 gi|65 29910 30009
725 gi|66 8173 8295
726 gi|66 9264 9380
727 gi|66 35013 35069
728 gi|67 360 549
729 gi|67 1464 1933
730 gi|67 9166 9403
731 gi|67 9460 9954
732 gi|67 10264 10470
733 gi|67 10556 10664
734 gi|67 10947 11031
735 gi|67 13416 13558
736 gi|67 15968 16041
737 gi|67 16196 16602
738 gi|67 18469 18789
739 gi|67 24477 24681
740 gi|67 24670 25012
741 gi|67 25061 25573
742 gi|67 32031 32102
743 gi|68 16992 17088
744 gi|68 30400 30518
745 gi|69 1239 1359
746 gi|69 1962 2035
747 gi|69 2620 3059
748 gi|69 3101 3410
749 gi|69 3612 3859
750 gi|69 20979 21201
751 gi|69 24481 24564
752 gi|69 25312 25514
753 gi|7 302 2946
754 gi|7 4129 4236
755 gi|7 33364 34177
756 gi|7 34182 34743
757 gi|7 39306 39578
758 gi|70 15031 15191
759 gi|71 633 870
760 gi|71 1403 1817
761 gi|71 1848 1997
762 gi|71 2078 2215
763 gi|71 2214 2328
764 gi|71 2740 2827
765 gi|71 2836 3426
766 gi|71 3441 3742
767 gi|71 4049 4288
768 gi|71 4301 4422
769 gi|71 4462 4504
770 gi|71 4490 4973
771 gi|71 6929 7866
772 gi|71 7881 8181
773 gi|71 8196 8792
774 gi|71 8785 9707
775 gi|71 10048 10633
776 gi|71 10700 11051
777 gi|71 11338 12072
778 gi|71 12391 13007
779 gi|71 13272 13513
780 gi|71 13605 14195
781 gi|71 14210 14509
782 gi|71 15821 16379
783 gi|71 16371 16702
784 gi|71 16703 17938
785 gi|71 20464 21054
786 gi|71 21069 21368
787 gi|71 22484 23086
788 gi|71 23467 23708
789 gi|71 24238 24498
790 gi|71 24478 24534
791 gi|71 24953 25441
792 gi|71 25683 25938
793 gi|71 26371 26462
794 gi|71 26479 26838
795 gi|71 33226 33307
796 gi|71 33490 33654
797 gi|71 33694 33733
798 gi|71 34084 34643
799 gi|72 10944 11024
800 gi|72 19615 19759
801 gi|72 31556 31756
802 gi|73 6090 6219
803 gi|73 7320 7501
804 gi|74 21093 21244
805 gi|74 26417 26528
806 gi|75 26526 26617
807 gi|75 32152 32476
808 gi|76 468 924
809 gi|76 1049 1337
810 gi|76 1763 2036
811 gi|77 10927 10991
812 gi|77 32132 32406
813 gi|77 32418 32576
814 gi|77 34151 34832
815 gi|78 12821 12903
816 gi|78 13674 13850
817 gi|78 14308 14441
818 gi|78 14650 14740
819 gi|79 2025 2314
820 gi|79 2366 2749
821 gi|79 2815 2869
822 gi|79 3899 4081
823 gi|79 4539 4836
824 gi|79 5073 5249
825 gi|79 5479 5690
826 gi|79 17832 17930
827 gi|79 32959 33809
828 gi|79 34443 34599
829 gi|79 34804 34911
830 gi|79 35140 35222
831 gi|79 35787 36018
832 gi|8 17967 18219
833 gi|8 19930 20141
834 gi|8 20131 20304
835 gi|8 28932 29415
836 gi|8 29865 29957
837 gi|8 29980 30135
838 gi|8 30233 30394
839 gi|80 861 2560
840 gi|80 5042 5178
841 gi|80 18431 18526
842 gi|80 28327 28695
843 gi|80 28705 29206
844 gi|80 30471 30806
845 gi|80 31415 31558
846 gi|80 35037 35333
847 gi|80 35313 35542
848 gi|80 35665 36606
849 gi|81 8890 8968
850 gi|81 17510 18089
851 gi|81 18117 18279
852 gi|82 32247 32801
853 gi|82 36832 36969
854 gi|83 846 888
855 gi|83 7370 7478
856 gi|83 13570 13656
857 gi|83 14339 14517
858 gi|83 14510 15099
859 gi|83 35195 35553
860 gi|83 35606 35694
861 gi|83 36110 36483
862 gi|83 36733 36988
863 gi|84 12629 13302
864 gi|86 18039 18297
865 gi|86 18622 19030
866 gi|86 19635 19722
867 gi|86 19830 20186
868 gi|87 1 303
869 gi|87 673 737
870 gi|87 15811 16092
871 gi|87 18314 18420
872 gi|87 21950 22451
873 gi|87 23159 23289
874 gi|87 25334 25425
875 gi|88 30621 31165
876 gi|88 31309 31505
877 gi|89 2023 2133
878 gi|89 27028 27399
879 gi|89 27548 27708
880 gi|9 4175 4397
881 gi|9 5148 5672
882 gi|9 20795 20900
883 gi|9 22068 22587
884 gi|9 23209 23277
885 gi|9 34572 35125
886 gi|9 35252 36098
887 gi|9 36551 36890
888 gi|9 37008 37408
889 gi|9 37696 39176
890 gi|90 4028 4122
891 gi|90 30135 30545
892 gi|90 30501 31133
893 gi|90 31159 31277
894 gi|91 3369 3662
895 gi|92 7107 7387
896 gi|92 7370 7540
897 gi|92 9631 9760
898 gi|92 10628 10816
899 gi|92 27648 27788
900 gi|92 35645 35807
901 gi|93 2663 2694
902 gi|93 3462 3968
903 gi|93 4263 4697
904 gi|93 25587 25700
905 gi|93 26339 26643
906 gi|93 26715 27171
907 gi|93 34986 35144
908 gi|94 2614 2893
909 gi|94 2963 3314
910 gi|94 5956 9742
911 gi|94 20229 20517
912 gi|94 20640 20801
913 gi|94 21048 21370
914 gi|94 21964 22148
915 gi|94 23312 23366
916 gi|94 23542 23925
917 gi|94 24037 24362
918 gi|94 30967 31187
919 gi|94 31896 31990
920 gi|94 38836 39541
921 gi|95 33387 33488
922 gi|96 5249 5685
923 gi|96 6659 6788
924 gi|96 15896 16022
925 gi|97 2043 2359
926 gi|98 3210 3263
927 gi|98 3496 3596
928 gi|98 12461 12499
929 gi|99 245 354
930 gi|99 13088 13244
931 gi|99 28059 28210
932 gi|99 28465 28665
933 gi|99 28716 29353
934 gi|99 29327 29388
935 gi|99 29424 29485
936 gi|99 30519 30628
937 gi|99 32007 32232
