90 1203 gi|10 29935 30232 
92 576 gi|10 30203 30390 
94 320 gi|10 30769 31024 
96 350 gi|10 33369 33478 
98 272 gi|10 33713 33810 
80 250 gi|12 13916 14023 
110 449 gi|13 14682 14851 
112 407 gi|13 14682 14796 
114 1293 gi|13 15024 15192 
116 280 gi|13 23343 23434 
179 322 gi|13 23360 23434 
118 276 gi|13 37366 37493 
120 607 gi|13 37578 37944 
122 624 gi|13 38099 38555 
366 344 gi|14 29698 29837 
64 411 gi|16 26190 26710 
66 285 gi|16 27008 27257 
68 921 gi|16 27400 28054 
70 624 gi|16 36976 37045 
72 1920 gi|16 37386 37595 
74 1159 gi|16 37462 37595 
76 1159 gi|16 37462 37595 
78 591 gi|16 37462 37595 
60 529 gi|18 35433 35639 
165 541 gi|18 36406 36512 
62 652 gi|18 36490 36618 
227 682 gi|18 39135 39458 
81 250 gi|19 15105 15200 
146 959 gi|19 34444 34600 
148 730 gi|19 34875 35221 
150 542 gi|19 35039 35215 
203 811 gi|19 35781 36024 
369 260 gi|19 36564 36642 
371 646 gi|19 37844 38029 
368 260 gi|2 2568 2646 
370 646 gi|2 5797 5984 
372 5744 gi|2 7806 8508 
163 481 gi|21 4028 4122 
364 257 gi|21 17536 17676 
100 5699 gi|22 18951 20461 
102 397 gi|22 27265 27363 
104 339 gi|22 27280 27352 
197 1636 gi|22 37095 37531 
106 387 gi|22 39530 39674 
108 347 gi|22 39538 39674 
124 779 gi|23 24129 24253 
130 498 gi|23 24139 24276 
126 817 gi|23 24139 24275 
128 750 gi|23 24139 24273 
151 542 gi|24 14081 14255 
125 779 gi|24 24083 24207 
132 871 gi|24 24086 24278 
134 1010 gi|24 24093 24255 
136 649 gi|24 24093 24252 
138 606 gi|24 39509 39620 
65 411 gi|26 7121 7614 
67 285 gi|26 7892 8142 
69 921 gi|26 8244 8899 
12 404 gi|26 31150 31252 
373 5744 gi|27 1 701 
82 371 gi|28 12125 12378 
84 352 gi|28 12202 12406 
86 273 gi|28 14239 14550 
88 372 gi|28 14272 14550 
140 301 gi|29 8676 8790 
142 480 gi|29 8948 9371 
87 273 gi|29 8973 9290 
144 448 gi|29 10465 10802 
85 352 gi|29 10598 10802 
240 374 gi|3 1394 1540 
242 403 gi|3 1572 1704 
46 271 gi|30 298 399 
4 255 gi|31 8433 8517 
6 250 gi|31 11437 11537 
10 285 gi|31 27283 27438 
8 292 gi|31 27283 27389 
167 1123 gi|32 8118 8332 
44 529 gi|32 8212 8291 
34 310 gi|33 6922 7153 
7 250 gi|33 10308 10402 
36 682 gi|33 18070 18176 
38 269 gi|33 19393 19514 
11 285 gi|33 28980 29125 
40 800 gi|33 28993 29175 
42 264 gi|33 37441 37569 
48 283 gi|34 2006 2210 
50 5453 gi|34 35801 36457 
61 529 gi|34 36900 37080 
52 2513 gi|34 39288 39621 
225 349 gi|34 39306 39368 
54 325 gi|34 39329 39364 
153 1846 gi|34 39346 39609 
217 908 gi|34 39370 39613 
56 1803 gi|34 39386 39618 
201 1296 gi|34 40023 40325 
58 1338 gi|34 40025 40325 
195 395 gi|34 40025 40191 
63 652 gi|35 15495 15619 
0 254 gi|35 17540 17667 
2 271 gi|35 35664 35760 
14 515 gi|36 6576 6656 
16 990 gi|36 6590 6754 
181 1147 gi|36 6590 6754 
37 682 gi|36 8419 8533 
18 285 gi|36 34746 34883 
20 425 gi|36 37946 38130 
22 278 gi|36 38133 38207 
24 431 gi|36 39760 39952 
26 404 gi|36 40257 40547 
28 439 gi|36 40263 40710 
30 512 gi|36 40264 40547 
32 264 gi|36 40524 40627 
244 3291 gi|37 1 991 
246 393 gi|37 8 184 
248 317 gi|37 30 326 
250 2735 gi|37 458 958 
252 1190 gi|37 503 872 
254 1546 gi|37 504 989 
256 968 gi|37 753 989 
258 324 gi|37 897 1049 
260 373 gi|37 1002 1265 
262 290 gi|37 1002 1153 
264 2430 gi|37 1356 2492 
266 687 gi|37 1358 2135 
268 1071 gi|37 1385 2377 
25 431 gi|37 2415 2605 
270 12011 gi|37 2761 4199 
272 385 gi|37 2776 3374 
274 283 gi|37 3166 3374 
276 4546 gi|37 4195 4716 
278 271 gi|37 4640 4673 
280 357 gi|37 4674 4716 
53 2513 gi|37 4702 5024 
223 318 gi|37 4717 4779 
155 442 gi|37 4717 4778 
157 1843 gi|37 4772 5014 
219 938 gi|37 4781 5007 
282 1632 gi|37 5017 5217 
284 2066 gi|37 5205 5611 
290 414 gi|37 5205 5362 
286 427 gi|37 5205 5266 
288 427 gi|37 5205 5266 
292 1263 gi|37 5237 5623 
294 1239 gi|37 5237 5611 
296 1228 gi|37 5237 5611 
298 751 gi|37 5629 5715 
300 1505 gi|37 5701 5935 
302 5331 gi|37 5704 6389 
304 4462 gi|37 5716 6421 
29 439 gi|37 5872 6386 
306 347 gi|37 6039 6083 
308 317 gi|37 6039 6080 
310 277 gi|37 6142 6182 
312 267 gi|37 6142 6182 
314 350 gi|37 6185 6227 
316 324 gi|37 6185 6227 
318 323 gi|37 6227 6267 
320 306 gi|37 6227 6265 
322 2730 gi|37 6387 6719 
324 389 gi|37 6390 6662 
113 407 gi|37 6566 6679 
326 1750 gi|37 6717 6915 
328 1966 gi|37 6720 6942 
330 2410 gi|37 6981 7941 
332 4677 gi|37 7399 7956 
334 451 gi|37 7628 7873 
336 1451 gi|37 7942 8250 
338 1445 gi|37 7943 8250 
340 1416 gi|37 7943 8250 
342 381 gi|37 7943 8036 
344 1293 gi|37 7974 8250 
346 995 gi|37 8031 8265 
348 966 gi|37 8031 8265 
350 353 gi|37 8250 8327 
352 301 gi|37 8252 8327 
354 1909 gi|37 10861 11123 
185 987 gi|37 10861 10975 
183 960 gi|37 11014 11123 
15 515 gi|37 11047 11123 
159 1868 gi|37 11124 11368 
57 1803 gi|37 11124 11350 
213 880 gi|37 11124 11347 
55 325 gi|37 11124 11159 
356 1533 gi|37 11547 11860 
358 861 gi|37 11660 11828 
127 817 gi|37 11669 11830 
135 1010 gi|37 11669 11828 
360 773 gi|37 12166 12490 
362 862 gi|37 12238 12578 
107 387 gi|37 12297 12427 
39 269 gi|37 18620 18744 
412 252 gi|38 6923 7034 
49 283 gi|38 34040 34225 
243 403 gi|39 31335 31488 
404 559 gi|39 31746 31900 
199 1199 gi|40 1798 2210 
193 423 gi|40 1803 1976 
59 1338 gi|40 1804 2104 
19 285 gi|40 22081 22206 
432 436 gi|40 30072 30318 
105 339 gi|40 38786 38853 
434 722 gi|40 39013 39351 
5 255 gi|42 20634 20715 
414 261 gi|43 20098 20140 
416 252 gi|43 39733 39775 
390 398 gi|44 9166 9355 
392 567 gi|44 9231 9346 
394 1036 gi|44 9657 9954 
396 894 gi|44 10264 10625 
363 862 gi|44 10341 10676 
109 347 gi|44 10399 10528 
133 871 gi|44 24477 24677 
359 861 gi|44 24502 24678 
398 712 gi|44 24505 24671 
129 750 gi|44 24526 24670 
400 714 gi|44 24670 25005 
402 426 gi|44 24787 24950 
97 350 gi|45 6352 6465 
99 272 gi|45 6709 6806 
430 1753 gi|45 14901 15641 
239 339 gi|45 23313 23451 
391 398 gi|46 18052 18250 
382 350 gi|46 18131 18202 
13 404 gi|47 14253 14341 
431 1753 gi|47 19308 19990 
406 292 gi|47 23933 24009 
418 374 gi|48 5386 5505 
139 606 gi|48 19135 19245 
420 5221 gi|48 19437 20033 
422 3806 gi|48 20029 20463 
424 2855 gi|48 20459 20831 
426 1500 gi|48 20928 21113 
428 441 gi|48 31855 32427 
47 271 gi|48 35219 35302 
419 374 gi|49 37296 37424 
238 339 gi|5 27447 27579 
436 325 gi|50 12805 12920 
405 559 gi|51 2077 2245 
407 292 gi|51 31119 31196 
384 729 gi|51 34531 34756 
386 961 gi|51 38456 38661 
395 1036 gi|51 39341 39615 
388 289 gi|51 39980 40043 
438 365 gi|52 5119 5244 
440 414 gi|52 12028 12592 
442 322 gi|52 12776 12849 
365 257 gi|52 25929 26071 
433 436 gi|53 2713 2958 
387 961 gi|53 9803 10029 
389 289 gi|53 10033 10094 
361 773 gi|53 10666 10963 
397 894 gi|53 10686 11031 
115 1293 gi|53 17511 17679 
408 338 gi|54 15144 15299 
237 340 gi|54 19364 19490 
410 724 gi|54 30686 30852 
23 278 gi|54 30774 30846 
357 1533 gi|54 37139 37469 
399 712 gi|54 37263 37422 
131 498 gi|54 37264 37433 
137 649 gi|54 37264 37422 
367 344 gi|55 22513 22653 
141 301 gi|56 11441 11555 
143 480 gi|56 11832 12252 
89 372 gi|56 11857 12141 
145 448 gi|56 13842 14185 
83 371 gi|56 14009 14257 
385 729 gi|56 24909 25139 
444 809 gi|57 6743 6877 
43 264 gi|58 24149 24277 
415 261 gi|58 30400 30442 
417 252 gi|58 30400 30442 
1 254 gi|59 17031 17147 
169 573 gi|59 17217 17300 
45 529 gi|59 17217 17298 
79 591 gi|59 20621 20742 
380 753 gi|59 22286 22530 
401 714 gi|59 22292 22563 
71 624 gi|59 30953 31022 
73 1920 gi|59 36348 36557 
409 338 gi|59 37103 37260 
75 1159 gi|59 37390 37523 
77 1159 gi|59 37829 37962 
411 724 gi|61 2021 2189 
173 1126 gi|61 2186 2350 
374 954 gi|61 2187 2350 
273 385 gi|61 15508 16103 
376 472 gi|61 15636 16103 
51 5453 gi|61 34011 34678 
275 283 gi|61 35016 35218 
378 371 gi|61 35016 35209 
21 425 gi|61 38989 39171 
91 1203 gi|62 2768 3065 
93 576 gi|62 3108 3289 
95 320 gi|62 3539 3767 
119 276 gi|62 6288 6418 
121 607 gi|62 6596 6968 
123 624 gi|62 7180 7584 
446 301 gi|62 24532 24619 
441 414 gi|63 32893 33475 
443 322 gi|63 33686 33744 
241 374 gi|65 28186 28351 
221 252 gi|65 28643 28758 
211 909 gi|65 29029 29145 
448 468 gi|65 29078 29145 
393 567 gi|66 25413 25523 
383 350 gi|66 25449 25523 
435 722 gi|66 34024 34410 
445 809 gi|67 12358 12503 
229 267 gi|67 17157 17214 
103 397 gi|67 29816 29910 
450 319 gi|67 30659 30723 
403 426 gi|67 30897 31048 
437 325 gi|67 30899 31005 
381 753 gi|67 30904 31147 
191 518 gi|67 31099 31171 
147 959 gi|67 31183 31346 
187 541 gi|67 31370 31444 
452 713 gi|67 31408 31817 
175 2863 gi|67 31412 31880 
375 954 gi|67 31715 31880 
207 275 gi|68 11595 11734 
454 276 gi|68 11647 11770 
231 340 gi|68 13189 13631 
233 255 gi|68 13749 13847 
235 409 gi|68 13844 13990 
101 5699 gi|68 17797 19304 
456 250 gi|68 19972 20034 
3 271 gi|69 36188 36282 
206 275 gi|7 3301 3441 
208 1117 gi|7 3358 3527 
210 909 gi|7 3458 3571 
212 880 gi|7 4279 4513 
214 979 gi|7 4280 4547 
216 908 gi|7 4280 4532 
218 938 gi|7 4300 4532 
220 252 gi|7 4467 4581 
224 349 gi|7 4474 4539 
222 318 gi|7 4474 4538 
226 682 gi|7 11848 12200 
228 267 gi|7 15512 15565 
230 340 gi|7 25661 26098 
232 255 gi|7 26225 26323 
234 409 gi|7 26378 26521 
236 340 gi|7 38918 39047 
457 250 gi|71 9214 9272 
429 441 gi|71 21763 22349 
41 800 gi|72 29487 29672 
9 292 gi|72 29547 29649 
421 5221 gi|73 2846 3448 
423 3806 gi|73 3533 3968 
189 1471 gi|73 3969 4211 
425 2855 gi|73 4263 4634 
427 1500 gi|73 7513 7695 
35 310 gi|73 15688 15940 
447 301 gi|73 31502 31589 
267 687 gi|74 332 1106 
331 2410 gi|74 1772 2707 
337 1451 gi|74 3040 3444 
255 1546 gi|74 3041 3638 
287 427 gi|74 3096 3156 
293 1263 gi|74 3227 3656 
329 1966 gi|74 5312 5534 
271 12011 gi|74 5535 6971 
377 472 gi|74 5680 6148 
379 371 gi|74 5940 6139 
253 1190 gi|74 6971 7377 
295 1239 gi|74 6972 7383 
347 995 gi|74 7130 7419 
339 1445 gi|74 7166 7569 
257 968 gi|74 7340 7569 
291 414 gi|74 7340 7514 
277 4546 gi|74 7570 8092 
279 271 gi|74 9045 9078 
281 357 gi|74 9135 9177 
283 1632 gi|74 9171 9369 
301 1505 gi|74 9358 9600 
333 4677 gi|74 9577 10129 
269 1071 gi|74 10817 11804 
303 5331 gi|74 11800 12498 
313 267 gi|74 11925 11963 
307 347 gi|74 11959 12004 
321 306 gi|74 12010 12050 
31 512 gi|74 12023 12320 
315 350 gi|74 12112 12154 
249 317 gi|74 13967 14256 
327 1750 gi|74 14492 14690 
299 751 gi|74 16473 16559 
323 2730 gi|74 16555 16887 
111 449 gi|74 16734 16901 
335 451 gi|74 16876 17112 
413 252 gi|74 17018 17132 
261 373 gi|74 17484 17746 
265 2430 gi|74 17815 18956 
245 3291 gi|74 21394 22481 
297 1228 gi|74 21882 22293 
349 966 gi|74 22040 22329 
341 1416 gi|74 22076 22479 
289 427 gi|74 22364 22424 
453 713 gi|74 24965 25408 
171 618 gi|74 24992 25460 
161 282 gi|74 25096 25138 
263 290 gi|74 25576 25736 
325 389 gi|74 26393 26671 
305 4462 gi|74 27026 27749 
27 404 gi|74 27173 27488 
317 324 gi|74 27357 27399 
319 323 gi|74 27461 27503 
309 317 gi|74 27504 27545 
311 277 gi|74 27545 27584 
33 264 gi|74 27550 27659 
251 2735 gi|74 27719 28338 
285 2066 gi|74 27765 28314 
345 1293 gi|74 27985 28338 
353 301 gi|74 28339 28412 
259 324 gi|74 28523 28712 
343 381 gi|74 28523 28629 
451 319 gi|74 30102 30167 
351 353 gi|74 30234 30309 
247 393 gi|74 30604 30771 
177 3054 gi|74 30749 31284 
355 1909 gi|74 30749 31043 
17 990 gi|74 30971 31145 
117 280 gi|74 31151 31243 
209 1117 gi|74 31280 31452 
449 468 gi|74 31282 31350 
455 276 gi|74 31342 31458 
149 730 gi|75 28980 29358 
439 365 gi|76 23902 24029 
164 541 gi|8 1569 1667 
166 1123 gi|8 8040 8264 
168 573 gi|8 8155 8236 
170 618 gi|8 9621 10088 
172 1126 gi|8 9640 9804 
174 2863 gi|8 9641 10118 
176 3054 gi|8 10084 10645 
178 322 gi|8 10126 10194 
180 1147 gi|8 10224 10386 
182 960 gi|8 10320 10429 
184 987 gi|8 10531 10645 
186 541 gi|8 10646 10720 
188 1471 gi|8 10731 10967 
190 518 gi|8 11058 11130 
192 423 gi|8 11367 11546 
194 395 gi|8 11374 11545 
196 1636 gi|8 17617 18052 
198 1199 gi|8 19637 20030 
200 1296 gi|8 19640 19952 
202 811 gi|8 32193 32446 
204 360 gi|8 32195 32270 
205 360 gi|9 29405 29489 
152 1846 gi|9 30184 30444 
215 979 gi|9 30198 30462 
154 442 gi|9 30203 30263 
156 1843 gi|9 30204 30444 
158 1868 gi|9 30225 30470 
160 282 gi|9 30463 30504 
162 481 gi|9 32114 32232 
