770 748 gi|1 7714 7806 
772 800 gi|1 7718 7811 
774 394 gi|1 31615 31662 
776 2411 gi|1 32413 33059 
778 5505 gi|1 34151 34819 
780 1816 gi|1 34592 34819 
782 619 gi|1 34593 34824 
786 884 gi|1 34594 34826 
784 912 gi|1 34594 34822 
788 1045 gi|1 34601 34791 
790 575 gi|1 34605 34768 
792 628 gi|1 34613 34829 
794 275 gi|1 34627 34684 
796 490 gi|1 34749 34823 
798 296 gi|1 34768 34832 
606 308 gi|10 15898 16150 
610 271 gi|10 35139 35617 
608 290 gi|10 35139 35582 
1772 577 gi|100 1 618 
1774 316 gi|100 12013 12139 
1776 291 gi|100 12013 12139 
527 271 gi|100 12041 12139 
1778 259 gi|100 12041 12133 
1780 289 gi|100 19617 19693 
511 293 gi|100 19620 19785 
515 286 gi|100 19627 19783 
1782 262 gi|100 25355 25472 
853 803 gi|100 27437 27549 
1203 624 gi|100 27446 27540 
1784 611 gi|100 27446 27537 
1786 276 gi|100 39727 39807 
1830 457 gi|102 560 778 
1832 403 gi|102 565 769 
1834 251 gi|102 569 650 
1069 267 gi|102 570 650 
1836 317 gi|102 571 785 
1838 326 gi|102 799 907 
901 858 gi|102 956 1063 
877 893 gi|102 958 1078 
889 887 gi|102 963 1063 
891 925 gi|102 966 1073 
513 315 gi|102 8403 8507 
1840 329 gi|102 12318 12569 
1842 264 gi|102 13519 13648 
1684 3107 gi|104 23454 24457 
1686 332 gi|104 23623 23731 
1688 254 gi|104 23628 23725 
1690 294 gi|104 23637 23725 
1692 269 gi|104 23646 23725 
1694 313 gi|104 24512 24661 
1696 2864 gi|104 24521 25062 
1698 442 gi|104 24548 24701 
1700 369 gi|104 24826 24976 
1702 323 gi|104 25009 25328 
1704 1046 gi|104 25227 25500 
1706 549 gi|104 26544 26718 
443 1006 gi|104 26555 26785 
1461 969 gi|104 26555 26772 
63 258 gi|105 9598 9708 
1844 267 gi|105 30962 31107 
1846 676 gi|106 5066 5606 
1848 263 gi|106 5798 5864 
1850 489 gi|106 5952 6361 
1027 521 gi|106 19991 20345 
1852 288 gi|106 34521 34640 
1843 264 gi|106 34556 34673 
395 281 gi|106 34598 34730 
1854 766 gi|106 38711 38839 
1856 832 gi|106 38712 38824 
11 8884 gi|107 4170 5201 
1558 709 gi|107 6969 7104 
1560 462 gi|107 6969 7103 
1813 312 gi|107 7049 7103 
1562 280 gi|107 10130 10249 
1564 599 gi|107 11247 11498 
1059 1356 gi|107 11250 11614 
1566 913 gi|107 11251 11616 
1568 439 gi|107 11251 11343 
1570 1199 gi|107 11253 11604 
1117 965 gi|107 11264 11491 
1572 585 gi|107 11269 11603 
1574 1284 gi|107 11292 11610 
1576 1143 gi|107 11303 11618 
1578 679 gi|107 11367 11508 
1580 623 gi|107 11475 11614 
433 463 gi|107 11494 11614 
1582 307 gi|107 12419 12506 
1584 251 gi|107 19033 19113 
1586 742 gi|107 20633 20740 
1588 381 gi|107 20635 20724 
1249 396 gi|107 20636 20748 
1590 518 gi|107 20960 21051 
1592 291 gi|107 27389 27453 
927 1146 gi|107 27561 27787 
1594 321 gi|107 27717 27787 
1596 628 gi|107 27809 27918 
559 522 gi|107 27813 27919 
1598 1419 gi|107 29710 29903 
1600 406 gi|107 29800 29900 
1602 596 gi|107 29810 29901 
1604 261 gi|107 29811 29882 
1691 294 gi|107 29815 29899 
1606 263 gi|107 29820 29875 
391 470 gi|108 13716 14069 
393 305 gi|108 15111 15193 
1862 569 gi|108 16109 16332 
1864 260 gi|108 16237 16362 
1866 284 gi|108 28473 28624 
1868 335 gi|108 30187 30390 
1872 285 gi|108 30218 30394 
1870 577 gi|108 30218 30385 
1679 503 gi|108 30230 30394 
1874 634 gi|108 30230 30394 
791 575 gi|108 30230 30394 
1667 505 gi|108 30230 30385 
1147 257 gi|108 39373 39487 
1025 366 gi|108 39591 39849 
1886 273 gi|109 1869 1953 
1831 457 gi|109 3060 3256 
1888 583 gi|109 3067 3297 
1890 359 gi|109 3344 3475 
1892 359 gi|109 3360 3471 
1894 251 gi|109 6672 6715 
1896 338 gi|109 12789 12979 
1898 287 gi|109 17914 17982 
1607 263 gi|109 18623 18686 
1900 375 gi|109 18632 18708 
1902 261 gi|109 18644 18714 
1904 298 gi|109 30350 30459 
1906 309 gi|109 31996 32097 
1908 251 gi|109 32011 32090 
1910 855 gi|109 37307 37945 
1912 1316 gi|109 37551 38248 
1914 272 gi|109 39300 39466 
1916 392 gi|109 39306 39441 
1918 306 gi|109 39334 39436 
516 529 gi|11 13861 14129 
518 661 gi|11 13948 14174 
520 1126 gi|11 25496 25688 
522 1168 gi|11 25521 25687 
524 1161 gi|11 25550 25690 
526 271 gi|11 25568 25684 
528 266 gi|11 26368 26504 
532 253 gi|11 28786 28950 
530 309 gi|11 28786 28943 
534 258 gi|11 28834 28994 
536 269 gi|11 36269 36415 
179 252 gi|110 10849 10895 
1876 338 gi|110 11515 11578 
1878 1353 gi|110 20667 21071 
1731 1502 gi|110 20667 21067 
1880 1584 gi|110 20704 21071 
1882 327 gi|110 20704 20795 
1215 268 gi|110 20704 20738 
1643 268 gi|110 23085 23157 
1884 387 gi|110 26211 26639 
1829 253 gi|110 26850 26942 
1645 277 gi|110 29577 29672 
1647 275 gi|110 30048 30230 
903 263 gi|110 36396 36554 
439 271 gi|112 906 1060 
1964 499 gi|112 5033 5344 
223 424 gi|112 10677 10744 
273 475 gi|112 10680 10744 
213 2869 gi|112 10685 11006 
265 1827 gi|112 10738 10982 
621 887 gi|112 10747 10936 
1966 286 gi|112 10798 10897 
1968 304 gi|112 10886 10938 
727 383 gi|112 11132 11318 
257 320 gi|112 11132 11316 
717 690 gi|112 11278 11546 
247 485 gi|112 11320 11475 
259 269 gi|112 11470 11546 
625 346 gi|112 11548 11672 
221 335 gi|112 11551 11654 
271 351 gi|112 11551 11654 
255 690 gi|112 17108 17308 
1970 303 gi|112 17109 17237 
721 1132 gi|112 17119 17443 
731 380 gi|112 17119 17182 
243 931 gi|112 17279 17459 
1972 339 gi|112 17367 17443 
1509 1290 gi|112 17616 18271 
1507 291 gi|112 18590 18770 
1499 19018 gi|112 19020 22567 
307 273 gi|112 22287 22391 
313 817 gi|112 22625 22845 
183 736 gi|112 23164 23804 
249 698 gi|112 23164 23779 
1411 742 gi|112 23164 23775 
1974 341 gi|112 23164 23301 
1976 269 gi|112 23173 23301 
1978 258 gi|112 23173 23270 
1980 402 gi|112 23254 23306 
1001 332 gi|112 23254 23305 
899 276 gi|112 23254 23297 
1982 332 gi|112 23255 23299 
1984 900 gi|112 23474 23627 
1227 684 gi|112 23515 23697 
1986 991 gi|112 23630 23792 
1791 530 gi|112 23679 23776 
1011 501 gi|112 23700 23775 
1988 400 gi|112 23716 23775 
1990 267 gi|112 23731 23775 
1992 8818 gi|112 23776 24764 
1994 340 gi|112 23871 23986 
1515 1198 gi|112 24208 25124 
1996 1051 gi|112 24208 25124 
1998 509 gi|112 24280 24371 
2000 349 gi|112 24319 24511 
2002 12740 gi|112 24599 26085 
757 293 gi|112 24698 24843 
2004 7581 gi|112 25199 26085 
2006 281 gi|112 25253 25327 
1801 311 gi|112 25275 25364 
2008 2895 gi|112 26086 26527 
2010 316 gi|112 27775 27869 
349 556 gi|112 28407 28633 
2012 10472 gi|112 28611 29822 
2014 7356 gi|112 29007 29822 
1491 648 gi|112 29007 29085 
2016 420 gi|112 29207 29373 
2018 1213 gi|112 29783 29963 
2020 376 gi|112 29822 29960 
2024 658 gi|112 29961 30043 
2022 704 gi|112 29961 30042 
2026 252 gi|112 29961 29991 
2028 4873 gi|112 30045 31044 
2030 25607 gi|112 31089 34325 
1173 1153 gi|112 31235 31441 
1313 1176 gi|112 31235 31441 
1327 1176 gi|112 31235 31441 
145 1063 gi|112 31235 31441 
2032 1174 gi|112 31235 31441 
2034 1071 gi|112 31235 31441 
299 1168 gi|112 31235 31441 
339 1120 gi|112 31235 31441 
177 888 gi|112 31238 31441 
1301 349 gi|112 31379 31441 
2036 2110 gi|112 31473 31932 
2038 2279 gi|112 31545 32067 
263 2181 gi|112 32066 32364 
615 930 gi|112 32068 32292 
215 1877 gi|112 32069 32308 
225 428 gi|112 32069 32128 
2040 275 gi|112 32125 32223 
2042 283 gi|112 32204 32264 
2044 1048 gi|112 32313 32521 
2046 2118 gi|112 32517 32827 
2048 463 gi|112 32821 32941 
2050 280 gi|112 32872 33009 
2052 257 gi|112 33389 33666 
2054 572 gi|112 33886 34073 
309 1404 gi|112 34326 34519 
311 10399 gi|112 34566 35792 
319 337 gi|112 34726 34838 
317 690 gi|112 34727 34890 
315 336 gi|112 34902 35031 
2056 4363 gi|112 35062 35600 
1317 4414 gi|112 35067 35612 
1305 4317 gi|112 35067 35603 
153 3158 gi|112 35067 35594 
1289 2886 gi|112 35069 35430 
2058 3347 gi|112 35072 35608 
283 4183 gi|112 35078 35600 
135 4281 gi|112 35079 35605 
1365 700 gi|112 35081 35168 
1171 3382 gi|112 35124 35600 
2060 1895 gi|112 35786 36050 
345 846 gi|113 2 97 
343 310 gi|113 11 123 
2064 486 gi|114 93 512 
2066 333 gi|114 9007 9163 
2068 306 gi|114 9054 9173 
2019 1213 gi|114 10884 11066 
2021 376 gi|114 10887 11027 
557 740 gi|114 26242 26385 
1597 628 gi|114 26252 26363 
909 275 gi|114 32859 32990 
1920 348 gi|115 17265 17403 
2009 2895 gi|115 18736 19202 
1922 4849 gi|115 19052 19595 
1924 301 gi|115 19437 19482 
1926 605 gi|115 19547 19663 
341 2338 gi|115 19743 20017 
1928 3696 gi|115 20090 20536 
1930 315 gi|115 20446 20491 
2029 4873 gi|115 20898 21946 
863 740 gi|116 2322 2451 
2098 711 gi|116 2335 2449 
2096 773 gi|116 2335 2441 
2100 705 gi|116 2335 2436 
1329 3110 gi|116 5422 6632 
1331 4221 gi|116 6750 8042 
2102 250 gi|116 22109 22184 
2104 792 gi|116 24826 24966 
2106 685 gi|116 24827 24979 
865 670 gi|116 24855 24965 
2108 770 gi|116 24859 24960 
2110 350 gi|116 26492 26564 
1641 402 gi|116 30515 30739 
2112 259 gi|116 30676 30737 
1637 319 gi|116 31320 31591 
2124 804 gi|117 269 406 
1167 3322 gi|117 1200 1605 
1315 4683 gi|117 1207 1788 
129 3953 gi|117 1211 1781 
2126 3159 gi|117 1219 1605 
1311 3632 gi|117 1221 1606 
2057 4363 gi|117 1222 1796 
321 4407 gi|117 1222 1796 
297 3448 gi|117 1222 1606 
171 2560 gi|117 1228 1586 
2033 1174 gi|117 1242 1458 
1291 3087 gi|117 1391 1786 
1303 993 gi|117 1665 1788 
279 958 gi|117 1665 1781 
165 724 gi|117 1665 1779 
2128 770 gi|117 1675 1779 
1175 410 gi|117 1678 1725 
1359 702 gi|117 1690 1781 
2130 250 gi|117 4070 4142 
1141 623 gi|117 26214 26445 
189 348 gi|117 26278 26479 
1823 266 gi|117 26490 26534 
629 261 gi|117 26567 26635 
2043 283 gi|117 26587 26647 
267 266 gi|117 26587 26647 
1969 304 gi|117 26587 26639 
217 304 gi|117 26587 26639 
523 1168 gi|117 26670 26830 
2132 1096 gi|117 26685 26830 
2134 1176 gi|117 26690 26830 
1775 316 gi|117 26698 26827 
2136 2610 gi|117 27173 29058 
203 617 gi|117 27835 28062 
2059 3347 gi|119 5507 5978 
335 3017 gi|119 5507 5894 
289 3585 gi|119 5512 5973 
1169 3290 gi|119 5512 5928 
2127 3159 gi|119 5513 5894 
1323 3143 gi|119 5514 5894 
1307 3704 gi|119 5515 5979 
139 3037 gi|119 5515 5973 
161 2962 gi|119 5522 5976 
2035 1071 gi|119 5536 5752 
1297 1641 gi|119 5685 5894 
1367 675 gi|119 5832 5971 
329 816 gi|119 5855 5978 
1319 802 gi|119 5869 5979 
1293 770 gi|119 5869 5973 
2129 770 gi|119 5869 5973 
2184 654 gi|119 8020 8184 
2186 1761 gi|119 21821 23256 
2188 923 gi|119 23669 24274 
2190 1197 gi|119 24526 25169 
2192 2362 gi|119 25323 26592 
2194 331 gi|119 25760 26054 
2196 286 gi|119 29073 29141 
736 802 gi|12 13450 14149 
738 280 gi|12 14076 14246 
740 294 gi|12 14636 14778 
742 2076 gi|12 26215 26533 
744 266 gi|12 26791 26920 
746 392 gi|12 26824 26920 
748 252 gi|12 26917 27060 
750 370 gi|12 27075 27147 
752 367 gi|12 27075 27123 
754 359 gi|12 27075 27120 
756 293 gi|12 27412 27562 
758 293 gi|12 27412 27562 
760 709 gi|12 29674 30058 
762 250 gi|12 29683 29762 
764 295 gi|12 29911 29972 
766 278 gi|12 31647 32026 
768 270 gi|12 37354 37647 
2292 4312 gi|120 23339 23873 
505 4973 gi|120 23340 23874 
2294 295 gi|120 23343 23595 
2296 433 gi|120 23345 23595 
1727 2116 gi|121 4555 5011 
2240 1987 gi|121 4556 5100 
1725 269 gi|121 4618 4794 
1879 1353 gi|121 4669 5086 
2242 344 gi|121 4939 5035 
1911 855 gi|121 8502 9083 
1913 1316 gi|121 8689 9473 
1201 276 gi|121 12135 12294 
407 267 gi|121 12187 12333 
553 4707 gi|121 18098 19531 
993 291 gi|121 18592 18824 
2244 318 gi|121 32229 32502 
405 274 gi|121 32245 32463 
481 281 gi|122 24343 24413 
1207 773 gi|122 26149 26239 
2354 285 gi|123 12363 12433 
605 970 gi|123 20010 20258 
649 305 gi|123 20420 20489 
2356 641 gi|123 20505 20634 
603 2156 gi|123 20614 20956 
2065 486 gi|123 22719 23142 
1821 287 gi|123 34916 34985 
2103 250 gi|124 19658 19728 
1863 569 gi|124 26120 26343 
2114 374 gi|124 26244 26349 
667 364 gi|124 26250 26332 
2116 505 gi|124 26256 26351 
2118 266 gi|124 26263 26325 
2097 773 gi|124 32339 32448 
869 635 gi|124 32339 32444 
2109 770 gi|124 32339 32442 
2120 662 gi|124 32339 32441 
2099 711 gi|124 32898 33010 
2105 792 gi|124 32902 33054 
867 671 gi|124 32903 33014 
2122 638 gi|124 32904 33011 
2320 606 gi|125 9841 9976 
2322 415 gi|125 9962 10271 
1577 1143 gi|125 9975 10296 
2324 732 gi|125 9977 10311 
1061 1158 gi|125 9981 10298 
2326 792 gi|125 9981 10280 
2328 471 gi|125 9981 10114 
435 506 gi|125 9981 10100 
2330 1190 gi|125 9982 10298 
2332 498 gi|125 10077 10228 
1837 317 gi|125 10089 10317 
1127 575 gi|125 10107 10298 
2334 285 gi|125 10122 10274 
2336 311 gi|125 10302 10546 
1195 459 gi|125 10583 10742 
2338 468 gi|125 10594 10742 
1143 472 gi|125 29042 29255 
2340 334 gi|125 29256 29368 
2342 17029 gi|125 29910 32086 
2344 7209 gi|125 30813 31932 
2346 276 gi|125 37674 37758 
2348 265 gi|125 37678 37751 
2178 258 gi|126 6597 6789 
811 320 gi|126 12974 13081 
813 335 gi|126 13245 13697 
2180 269 gi|127 10181 10249 
1771 1125 gi|127 29743 30132 
929 4639 gi|128 13579 14257 
1595 321 gi|128 13579 13646 
1477 1777 gi|128 14028 14258 
2062 277 gi|128 31871 31924 
1267 326 gi|129 5042 5178 
2198 781 gi|129 17299 17700 
1529 329 gi|129 18321 18496 
2200 362 gi|129 27258 27502 
2202 491 gi|129 28705 29206 
2204 314 gi|129 30471 30806 
2206 355 gi|129 31415 31558 
1399 618 gi|129 35040 35161 
2208 368 gi|129 35230 35460 
2210 402 gi|129 35378 35465 
2212 461 gi|129 35587 35665 
2214 562 gi|129 35657 35836 
645 362 gi|129 35676 35838 
2216 411 gi|129 35860 35979 
897 513 gi|129 36490 36623 
580 901 gi|13 7763 7876 
584 586 gi|13 9094 9252 
582 857 gi|13 9094 9241 
586 396 gi|13 9094 9221 
588 640 gi|13 9106 9254 
590 404 gi|13 9130 9236 
592 361 gi|13 9143 9236 
594 344 gi|13 9169 9236 
596 257 gi|13 10846 11032 
598 457 gi|13 10916 11339 
361 260 gi|13 15316 15394 
600 299 gi|13 37547 37593 
602 2156 gi|13 37768 38115 
604 970 gi|13 38819 39062 
2298 2183 gi|130 2 1414 
613 277 gi|130 81 256 
2300 831 gi|130 6687 6849 
2302 405 gi|130 6689 6814 
2304 929 gi|130 6691 6851 
2306 660 gi|130 6698 6798 
2308 3825 gi|130 6929 7399 
2310 522 gi|130 7389 7500 
2312 522 gi|130 7389 7500 
355 525 gi|130 7389 7500 
2314 302 gi|130 7415 7490 
1233 2786 gi|130 7981 8307 
2061 1895 gi|130 8395 8659 
2316 319 gi|130 25715 25923 
2318 255 gi|130 33360 33398 
2337 311 gi|130 34920 35160 
1858 681 gi|131 167 239 
1860 555 gi|131 168 239 
23 585 gi|131 168 239 
1455 261 gi|132 1010 1092 
2156 393 gi|132 6565 6710 
1527 1129 gi|132 18043 18175 
181 261 gi|132 18706 18772 
2158 1245 gi|132 22427 22847 
111 371 gi|132 22536 22630 
837 256 gi|132 22699 22743 
795 275 gi|132 23128 23185 
2160 382 gi|132 32104 32386 
53 1383 gi|132 32119 32558 
2162 1188 gi|132 32181 32719 
1433 285 gi|132 32292 32399 
2164 993 gi|132 32726 33149 
2166 408 gi|132 32764 33152 
81 389 gi|132 33036 33149 
693 274 gi|132 35408 35526 
2168 718 gi|132 35432 35572 
1737 532 gi|132 35433 35577 
2170 397 gi|132 35450 35574 
2172 496 gi|132 35479 35577 
2174 524 gi|132 35499 35574 
2176 270 gi|132 35543 35585 
2350 536 gi|133 15069 15383 
2352 915 gi|133 24817 24968 
1181 254 gi|133 37584 37687 
793 628 gi|134 3168 3399 
2070 655 gi|134 3170 3399 
2072 670 gi|134 3173 3399 
1661 687 gi|134 3187 3399 
1681 687 gi|134 3187 3399 
1869 335 gi|134 3196 3400 
2074 577 gi|134 3210 3399 
1761 302 gi|134 8835 9003 
2076 1646 gi|134 8889 9344 
2078 544 gi|134 8923 9108 
2080 2341 gi|134 9354 9990 
2082 1122 gi|134 18787 19645 
1583 307 gi|134 18955 19042 
2307 660 gi|134 29115 29214 
2084 666 gi|134 29115 29213 
2086 697 gi|134 29115 29213 
2088 321 gi|134 29116 29212 
771 748 gi|135 6587 6677 
1979 258 gi|135 16840 16939 
1977 269 gi|135 16914 17040 
1975 341 gi|135 17015 17150 
773 800 gi|135 17184 17277 
1633 607 gi|135 19224 19360 
2266 309 gi|135 27193 27311 
677 859 gi|136 3370 3508 
2218 883 gi|136 3374 3495 
687 917 gi|136 3383 3490 
875 700 gi|136 6399 6606 
2220 292 gi|136 8810 8844 
1787 276 gi|136 12529 12624 
1883 327 gi|136 16479 16587 
2222 893 gi|136 16480 16625 
2243 344 gi|136 16480 16612 
1213 390 gi|136 16566 16621 
1855 766 gi|136 18829 18954 
2224 717 gi|136 18845 18956 
1721 251 gi|136 36175 36225 
2226 319 gi|136 36316 36582 
2117 505 gi|136 38081 38182 
669 366 gi|136 38082 38159 
1865 260 gi|136 38085 38220 
2228 366 gi|136 38088 38180 
1932 653 gi|137 507 645 
1934 377 gi|137 507 632 
1403 4038 gi|137 778 1711 
539 251 gi|137 1116 1303 
1936 286 gi|137 1720 1773 
1938 521 gi|137 7522 7599 
1447 555 gi|137 7536 7623 
845 434 gi|137 9043 9490 
1940 484 gi|137 17888 17964 
1451 517 gi|137 17902 17989 
1449 534 gi|137 20307 20394 
1942 499 gi|137 20331 20408 
1944 336 gi|137 21200 21461 
1617 1221 gi|137 21213 21847 
1946 321 gi|137 21235 21711 
1948 579 gi|137 21835 21938 
1950 2744 gi|137 21889 22201 
1952 337 gi|137 22052 22142 
1954 933 gi|137 22053 22208 
1956 784 gi|137 22065 22204 
1958 877 gi|137 22068 22230 
1960 816 gi|137 22068 22208 
457 1264 gi|137 22204 22423 
1459 1002 gi|137 25801 26061 
447 1003 gi|137 25801 26061 
1463 361 gi|137 25817 25985 
445 351 gi|137 25817 25985 
1707 549 gi|137 25845 26011 
449 9123 gi|137 26089 27854 
1021 7890 gi|137 26340 27810 
1962 2417 gi|137 26404 26922 
1239 2480 gi|137 26943 27375 
1443 798 gi|137 35774 35882 
1441 4245 gi|137 36434 36925 
2209 368 gi|138 16711 16975 
2182 264 gi|138 17188 17329 
403 264 gi|138 24476 24592 
663 302 gi|138 24509 24616 
2157 393 gi|139 5984 6135 
2234 640 gi|139 8299 8494 
789 1045 gi|139 8299 8494 
1665 1090 gi|139 8299 8493 
1677 1126 gi|139 8299 8493 
2230 801 gi|139 8299 8492 
2232 681 gi|139 8299 8492 
2075 577 gi|139 8300 8482 
1875 634 gi|139 8322 8490 
1631 644 gi|139 9347 9535 
537 269 gi|139 11804 11948 
2236 271 gi|139 12327 12593 
2238 308 gi|139 18758 18880 
510 293 gi|14 1013 1196 
512 315 gi|14 1041 1151 
514 286 gi|14 1077 1221 
1409 297 gi|140 4728 4847 
1009 1916 gi|140 25751 26111 
1767 1709 gi|140 25752 26249 
1551 254 gi|140 32113 32227 
2225 717 gi|141 2559 2667 
1857 832 gi|141 2560 2664 
549 250 gi|141 3822 3910 
2319 255 gi|141 15380 15418 
2138 689 gi|142 723 924 
2140 331 gi|142 724 868 
2142 529 gi|142 735 924 
2144 321 gi|142 4185 4287 
2146 263 gi|142 4186 4297 
1909 251 gi|142 4212 4293 
1107 265 gi|142 4212 4287 
2148 279 gi|142 6238 6367 
659 390 gi|142 6275 6367 
497 353 gi|142 17634 17843 
87 251 gi|142 17666 17845 
855 599 gi|142 20977 21085 
1205 572 gi|142 20981 21087 
1785 611 gi|142 20983 21089 
2150 1110 gi|142 22974 23104 
1711 975 gi|142 22974 23103 
2152 280 gi|142 25418 25573 
2154 573 gi|142 25967 26336 
1437 339 gi|142 26337 26638 
1439 294 gi|142 26931 26997 
1265 302 gi|143 3873 4001 
2090 332 gi|143 17192 17499 
2092 402 gi|143 17295 17453 
1939 521 gi|143 37839 37915 
1943 499 gi|143 37839 37915 
1941 484 gi|143 37839 37914 
1453 432 gi|143 37853 37921 
2094 1964 gi|143 37915 38234 
1715 291 gi|144 1537 1665 
2268 1046 gi|144 1689 2203 
2270 282 gi|144 1720 2143 
2272 368 gi|144 1825 2026 
1957 784 gi|144 19922 20065 
2274 899 gi|144 19922 20061 
2276 784 gi|144 19925 20065 
2278 845 gi|144 19927 20061 
2280 446 gi|144 20097 20327 
2282 331 gi|144 20328 20488 
1949 579 gi|144 20725 20830 
2284 272 gi|144 20725 20778 
2286 1054 gi|144 20820 21013 
1955 933 gi|144 20860 21015 
2288 906 gi|144 20860 21008 
2290 1017 gi|144 20876 21016 
275 272 gi|144 38985 39065 
2183 264 gi|145 13282 13400 
2211 402 gi|145 13460 13549 
2246 294 gi|145 13924 13994 
2248 259 gi|145 13926 14015 
1811 346 gi|145 14002 14057 
2250 690 gi|145 14003 14149 
1561 462 gi|145 14003 14126 
2341 334 gi|145 14655 14767 
1481 1149 gi|145 14663 15096 
1079 353 gi|145 14691 14904 
2252 263 gi|145 15242 15494 
2254 469 gi|145 25390 25496 
2256 1027 gi|145 25488 26017 
2258 1117 gi|145 26044 26719 
2260 629 gi|145 26425 26813 
2262 476 gi|145 31157 31240 
2264 352 gi|145 31165 31256 
673 395 gi|145 37975 38191 
1429 768 gi|146 1299 1430 
417 1063 gi|146 1305 1451 
1253 453 gi|146 1565 1715 
1427 814 gi|146 1836 1970 
421 1019 gi|146 1851 1971 
419 1096 gi|146 11041 11178 
1425 832 gi|146 11052 11185 
2358 322 gi|146 15870 15975 
2195 331 gi|146 17442 17733 
2360 374 gi|146 17581 18017 
2362 357 gi|146 24116 24336 
1639 317 gi|146 27336 27408 
2113 259 gi|146 27346 27407 
2366 1561 gi|147 21460 21658 
2368 339 gi|147 37106 37152 
2370 277 gi|148 3484 3579 
2372 277 gi|148 3484 3579 
2374 505 gi|148 3991 4421 
1193 1492 gi|148 4024 4333 
2167 408 gi|148 4026 4379 
2339 468 gi|148 4190 4328 
85 325 gi|148 4322 4616 
887 428 gi|148 4363 4510 
2376 337 gi|148 15009 15147 
2378 327 gi|148 15615 15778 
2380 14381 gi|148 15779 18179 
809 626 gi|148 18771 19041 
1807 448 gi|148 18986 19123 
2382 252 gi|148 19002 19138 
2384 1429 gi|148 19373 20142 
2386 691 gi|148 19644 19992 
59 1682 gi|148 19745 20217 
57 941 gi|148 20263 20559 
2388 635 gi|148 20284 20552 
2253 263 gi|148 20324 20573 
1133 1796 gi|148 29259 30092 
2390 364 gi|148 29518 29662 
2392 2750 gi|148 29664 30949 
1379 1409 gi|148 29728 30298 
1371 571 gi|148 30081 30281 
1383 319 gi|148 30465 30544 
2394 421 gi|148 30969 31087 
2396 358 gi|148 31947 32123 
1589 381 gi|148 31950 32044 
2207 355 gi|148 36384 36528 
1177 1363 gi|148 36387 37882 
2205 314 gi|148 38193 38514 
2203 491 gi|148 39818 40316 
907 15598 gi|149 3397 5155 
209 33352 gi|149 3544 7316 
1501 276 gi|149 11996 12223 
1557 309 gi|149 13645 13738 
2397 358 gi|149 15608 15773 
1587 742 gi|149 15609 15716 
1247 427 gi|149 15612 15832 
1591 518 gi|149 15725 15815 
843 313 gi|149 17003 17369 
2364 1148 gi|149 27909 28055 
521 1126 gi|149 27917 28110 
2133 1096 gi|149 27918 28065 
1779 259 gi|149 27928 28037 
180 261 gi|15 2654 2728 
581 901 gi|15 19576 19689 
182 736 gi|15 24620 25189 
184 4685 gi|15 24649 25192 
186 4558 gi|15 24649 25189 
755 359 gi|15 24649 24692 
188 348 gi|15 25337 25541 
190 652 gi|15 25631 25847 
192 377 gi|15 27423 27520 
194 316 gi|15 31751 31933 
196 1193 gi|15 32353 33144 
2083 1122 gi|150 9663 10522 
1773 577 gi|150 11586 12229 
2432 432 gi|150 14310 14393 
1713 419 gi|150 14313 14458 
1847 676 gi|150 17720 18213 
1849 263 gi|150 18333 18399 
1851 489 gi|150 18428 18833 
839 252 gi|150 22871 22998 
893 466 gi|150 22905 23092 
2247 294 gi|150 23124 23190 
2434 1156 gi|150 23286 23463 
2301 831 gi|150 23306 23471 
2436 454 gi|150 23339 23475 
2085 666 gi|150 23360 23460 
2438 560 gi|150 23457 23580 
2440 303 gi|150 23582 23722 
953 261 gi|150 24434 24531 
2442 361 gi|150 33538 33671 
2353 915 gi|150 33712 33851 
1753 262 gi|151 11420 11480 
2444 256 gi|151 14459 14634 
2446 308 gi|151 35754 35848 
1131 251 gi|151 37978 38033 
2448 378 gi|151 40543 40627 
2071 655 gi|152 31559 31770 
787 884 gi|152 31560 31789 
2450 274 gi|152 31562 31628 
2452 950 gi|152 31564 31812 
1655 891 gi|152 31567 31789 
1675 907 gi|152 31567 31787 
2454 607 gi|152 31583 31823 
2231 801 gi|152 31586 31780 
1871 577 gi|152 31591 31764 
2237 271 gi|153 21738 22004 
1599 1419 gi|153 24498 24695 
2532 337 gi|153 24587 24668 
2534 549 gi|153 24600 24706 
2536 269 gi|153 24601 24682 
1693 269 gi|153 24605 24682 
975 260 gi|154 3922 4051 
2538 733 gi|154 4359 4814 
977 307 gi|154 4363 4490 
2540 285 gi|154 11063 11177 
2542 336 gi|154 11086 11182 
1209 276 gi|154 11415 11534 
1355 351 gi|154 17893 17972 
1089 318 gi|154 17905 17982 
1087 2272 gi|154 18249 19009 
1085 851 gi|154 19555 19744 
1511 16140 gi|154 23978 26406 
1997 1051 gi|154 25313 26252 
2544 516 gi|154 25313 25751 
2546 684 gi|154 25659 26252 
2548 283 gi|154 25824 26140 
1525 291 gi|154 26058 26097 
2550 356 gi|154 26234 26376 
1995 340 gi|154 26475 26590 
2552 304 gi|154 26475 26590 
1755 262 gi|154 27197 27399 
1083 1979 gi|154 27651 28193 
1091 313 gi|154 28724 28801 
1353 386 gi|154 28734 28826 
2554 266 gi|154 29657 29757 
1285 1444 gi|155 2226 2611 
1287 2939 gi|155 2611 3631 
2556 318 gi|155 7502 7663 
2558 295 gi|155 7649 7911 
1103 273 gi|155 7693 7830 
1907 309 gi|155 7712 7812 
2560 310 gi|155 36561 36680 
653 456 gi|155 36572 36963 
2273 368 gi|155 36751 36952 
2562 305 gi|155 36751 36939 
2564 255 gi|155 36848 36959 
2622 351 gi|156 1755 1858 
2624 276 gi|156 2079 2151 
1999 509 gi|156 10384 10476 
2626 500 gi|156 10384 10476 
2628 276 gi|156 11506 11591 
2111 350 gi|156 21006 21082 
2630 284 gi|156 23529 23578 
2632 351 gi|156 23799 23902 
1135 1189 gi|157 1 402 
2393 2750 gi|157 2 1262 
1377 1149 gi|157 64 859 
1373 530 gi|157 391 591 
2395 421 gi|157 1394 1512 
1385 302 gi|157 1568 1653 
1571 1199 gi|157 7100 7431 
1063 1007 gi|157 7100 7393 
2398 286 gi|157 7102 7190 
2400 302 gi|157 7107 7351 
1119 638 gi|157 7111 7320 
2402 359 gi|157 7116 7443 
2404 497 gi|157 7129 7417 
2406 817 gi|157 7139 7442 
2327 792 gi|157 7165 7440 
2408 515 gi|157 7202 7344 
2410 433 gi|157 7311 7448 
437 306 gi|157 7324 7432 
2445 256 gi|157 11021 11190 
1951 2744 gi|157 40389 40703 
2289 906 gi|157 40389 40537 
2277 784 gi|157 40389 40525 
2412 872 gi|157 40389 40522 
2414 818 gi|157 40392 40522 
2416 337 gi|157 40419 40538 
2285 272 gi|157 40654 40703 
2555 266 gi|158 13301 13415 
2652 491 gi|158 17510 18089 
2539 733 gi|158 31989 32435 
89 271 gi|159 14309 14436 
2437 454 gi|159 14677 14799 
2620 486 gi|159 14677 14792 
2303 405 gi|159 14678 14794 
2089 321 gi|159 14699 14784 
1769 276 gi|159 15288 15335 
969 804 gi|160 15393 15869 
971 525 gi|160 16024 16166 
973 251 gi|160 16351 16400 
2656 435 gi|162 7674 7751 
2658 365 gi|162 7681 7751 
1245 485 gi|162 7942 8241 
2660 536 gi|162 8689 8889 
637 457 gi|162 8689 8879 
2662 595 gi|162 8697 8883 
2664 410 gi|162 8777 8867 
2666 273 gi|162 8847 8888 
2668 306 gi|162 14142 14242 
769 270 gi|162 14904 15220 
2642 258 gi|163 3510 3591 
2644 6649 gi|163 3624 4535 
2646 265 gi|163 4554 5038 
2648 1038 gi|163 8207 8457 
2653 491 gi|163 31987 32549 
2650 258 gi|163 39497 39982 
2003 12740 gi|164 8358 9933 
2456 8069 gi|164 8358 9269 
1803 311 gi|164 9108 9197 
2007 281 gi|164 9145 9219 
1517 664 gi|164 9394 9844 
2545 516 gi|164 9394 9844 
759 293 gi|164 9675 9820 
1519 706 gi|164 9867 10430 
2547 684 gi|164 9867 10430 
1993 8818 gi|164 9875 10865 
2458 317 gi|164 10127 10319 
2627 500 gi|164 10267 10358 
2553 304 gi|164 10656 10771 
1005 261 gi|164 11344 11388 
1983 332 gi|164 11344 11388 
2460 287 gi|164 13416 13507 
919 286 gi|164 13416 13507 
2462 1477 gi|164 13780 14859 
917 295 gi|164 14432 14660 
2464 299 gi|164 14480 14660 
2466 1279 gi|164 15589 15775 
2661 536 gi|164 15590 15783 
639 455 gi|164 15595 15726 
2468 317 gi|164 15610 15691 
1017 456 gi|164 16700 16761 
2470 406 gi|164 16700 16761 
1989 400 gi|164 16700 16759 
1981 402 gi|164 17174 17226 
1003 260 gi|164 17175 17226 
2472 410 gi|164 23892 24043 
2474 5130 gi|164 24097 25013 
1349 4234 gi|164 24128 24997 
1351 1378 gi|164 24994 25234 
2476 1597 gi|164 25227 25823 
2478 404 gi|164 29061 29282 
2480 721 gi|164 29319 29653 
2482 1846 gi|164 29322 30606 
2484 314 gi|164 33309 33507 
2486 415 gi|164 33956 34432 
1057 442 gi|164 34447 34607 
2411 433 gi|164 34463 34613 
2488 382 gi|164 34463 34611 
2490 565 gi|164 34463 34607 
1581 623 gi|164 34463 34606 
2329 471 gi|164 34463 34605 
429 498 gi|164 34474 34608 
2439 560 gi|164 36349 36476 
2492 968 gi|164 36871 37098 
2494 950 gi|164 36871 37098 
2496 5726 gi|164 37085 38240 
2498 5580 gi|164 37085 38239 
1893 359 gi|165 979 1101 
2403 359 gi|165 1381 1699 
1573 585 gi|165 1381 1687 
1123 368 gi|165 1381 1594 
1889 583 gi|165 1404 1623 
1833 403 gi|165 1406 1583 
2418 551 gi|165 1410 1701 
2323 415 gi|165 1436 1722 
2420 462 gi|165 1490 1698 
2422 310 gi|165 1513 1583 
1891 359 gi|165 2774 2918 
1887 273 gi|165 2868 2952 
2657 435 gi|165 6905 6980 
2424 369 gi|165 6916 7020 
833 5394 gi|165 7751 8378 
821 17492 gi|165 8803 10818 
1625 388 gi|165 10345 10676 
2426 325 gi|165 10417 10677 
29 714 gi|165 10735 10817 
823 15707 gi|165 18728 20521 
33 4321 gi|165 18728 19305 
1947 321 gi|165 19565 20041 
2428 313 gi|165 19565 19885 
1619 388 gi|165 19565 19807 
37 6548 gi|165 19749 20521 
2430 1084 gi|165 20077 20255 
41 2424 gi|165 20829 21115 
831 2388 gi|165 20829 21115 
1923 4849 gi|166 1 546 
1925 301 gi|166 1 49 
1931 315 gi|166 1 49 
1927 605 gi|166 36 159 
1929 3696 gi|166 54 515 
2463 1477 gi|166 546 1671 
2670 257 gi|166 653 767 
2672 267 gi|166 1332 1457 
915 254 gi|166 1332 1457 
2475 5130 gi|166 6314 7313 
1347 7731 gi|166 6345 7683 
1653 414 gi|166 8843 8993 
2674 1944 gi|166 8850 9148 
711 270 gi|166 8850 8899 
2295 295 gi|166 8915 9153 
507 313 gi|166 8915 9153 
261 294 gi|166 15068 15235 
1971 303 gi|166 15068 15190 
1487 326 gi|166 15758 15928 
719 440 gi|166 16091 16192 
1973 339 gi|166 16098 16167 
245 345 gi|166 16100 16191 
1485 1948 gi|166 16285 16999 
2676 346 gi|166 17006 17062 
2011 316 gi|166 17051 17157 
2678 2572 gi|166 17281 17746 
2680 3085 gi|166 17766 18310 
2682 285 gi|166 18339 18382 
2684 1055 gi|166 18404 18645 
1065 475 gi|166 19543 19793 
2401 302 gi|166 19547 19783 
1565 599 gi|166 19551 19797 
2686 265 gi|166 19551 19665 
1121 440 gi|166 19578 19779 
2335 285 gi|166 19578 19721 
2688 485 gi|166 19602 19799 
2690 319 gi|166 19627 19854 
2692 2558 gi|166 20308 22079 
2694 258 gi|166 21405 21584 
2696 254 gi|166 22577 22667 
2698 1278 gi|166 23025 23184 
2700 286 gi|166 23037 23166 
1569 439 gi|166 27925 28017 
1073 394 gi|166 27926 28017 
1115 277 gi|166 27928 28016 
2399 286 gi|166 27929 28016 
2702 290 gi|166 27963 28017 
2654 347 gi|167 37374 37419 
859 286 gi|168 23952 24003 
1277 263 gi|168 23972 24015 
1669 1402 gi|168 24031 24465 
2377 337 gi|168 30991 31161 
2379 327 gi|168 31218 31347 
2449 378 gi|168 31409 31479 
517 529 gi|168 31432 31692 
2582 2308 gi|168 31448 31867 
2584 916 gi|168 32754 33020 
2081 2341 gi|168 33095 33684 
2077 1646 gi|168 34536 34972 
2586 1348 gi|168 34766 34984 
1763 397 gi|168 34874 34986 
509 4369 gi|168 34987 35529 
2293 4312 gi|168 34991 35534 
2588 420 gi|168 35278 35528 
2590 472 gi|168 35530 35628 
1759 298 gi|168 35540 35625 
2381 14381 gi|168 35847 38230 
999 339 gi|168 38797 38891 
2706 294 gi|169 155 508 
2409 515 gi|169 370 511 
2708 336 gi|169 370 502 
2333 498 gi|169 373 511 
1579 679 gi|169 375 511 
2687 265 gi|169 385 514 
1067 523 gi|169 385 511 
1129 532 gi|169 387 489 
2423 310 gi|169 430 501 
1835 251 gi|169 432 496 
2217 411 gi|169 522 634 
2473 410 gi|169 1111 1260 
2710 406 gi|169 1200 1510 
1933 653 gi|169 1218 1357 
2712 752 gi|169 1232 1491 
2251 690 gi|169 1484 1625 
1559 709 gi|169 1507 1626 
1809 295 gi|169 1580 1637 
1965 499 gi|169 4021 4394 
1781 289 gi|169 7564 7653 
2714 257 gi|169 21913 22048 
2037 2110 gi|169 21914 22366 
2716 2065 gi|169 21914 22366 
2718 261 gi|169 22470 22522 
1019 268 gi|169 22470 22520 
1991 267 gi|169 22471 22518 
2049 463 gi|169 22648 22756 
2720 477 gi|169 22648 22756 
2047 2118 gi|169 22912 23223 
2722 2121 gi|169 22912 23223 
2724 421 gi|169 22919 23054 
413 1007 gi|169 23223 23373 
1275 572 gi|169 23252 23377 
2045 1048 gi|169 23374 23565 
2726 1047 gi|169 23374 23565 
2039 2279 gi|169 23561 24075 
2728 2309 gi|169 23561 24075 
2730 434 gi|169 23572 23835 
2732 417 gi|169 24090 24275 
1257 296 gi|169 24100 24241 
2734 358 gi|169 24104 24225 
1225 467 gi|169 24125 24231 
1051 327 gi|169 24137 24258 
1819 258 gi|169 24149 24225 
1145 362 gi|169 24473 24701 
1651 399 gi|169 26870 27052 
2675 1944 gi|169 26901 27203 
713 325 gi|169 26901 26946 
503 441 gi|169 26964 27211 
2297 433 gi|169 26964 27206 
2589 420 gi|169 26964 27206 
1505 2015 gi|169 29080 29614 
2053 257 gi|169 29379 29678 
2197 286 gi|169 32099 32169 
416 1063 gi|17 5848 5994 
418 1096 gi|17 5854 5994 
420 1019 gi|17 5868 5987 
422 831 gi|17 5869 5994 
424 807 gi|17 7504 7699 
426 552 gi|17 7550 7699 
428 498 gi|17 7567 7698 
430 309 gi|17 7568 7690 
432 463 gi|17 7569 7690 
434 506 gi|17 7570 7699 
436 306 gi|17 7571 7696 
438 271 gi|17 21050 21209 
440 2929 gi|17 29003 29363 
442 1006 gi|17 29016 29263 
444 351 gi|17 29039 29198 
446 1003 gi|17 29070 29318 
448 9123 gi|17 29511 31270 
450 12058 gi|17 29756 31226 
452 3528 gi|17 29793 30340 
454 2923 gi|17 30353 30795 
456 1264 gi|17 31304 31523 
458 18497 gi|17 33577 35888 
460 706 gi|17 34301 34463 
462 267 gi|17 34515 34549 
464 1634 gi|17 35011 35238 
466 3271 gi|17 35224 35864 
468 508 gi|17 35501 35601 
2612 320 gi|170 17011 17213 
399 250 gi|170 32487 32606 
1635 302 gi|170 39834 39920 
2614 913 gi|171 9123 9693 
2091 332 gi|171 9343 9701 
2616 353 gi|171 22779 22991 
2559 295 gi|171 23282 23550 
2433 432 gi|171 27775 27855 
2618 253 gi|171 38376 38417 
955 516 gi|172 1853 2015 
2441 303 gi|172 1856 2001 
1375 451 gi|172 17141 17313 
2199 781 gi|172 24901 25348 
1281 6503 gi|173 25544 27246 
1539 252 gi|173 25673 25853 
1537 494 gi|173 27091 27203 
647 723 gi|173 33279 33957 
2215 562 gi|173 33810 34020 
635 280 gi|173 33969 34020 
633 1100 gi|173 34059 34321 
385 320 gi|173 34406 34468 
1937 286 gi|173 34594 34645 
1031 263 gi|174 8639 8711 
1033 319 gi|174 9112 9364 
1113 472 gi|174 26333 26619 
2689 485 gi|174 26343 26568 
1567 913 gi|174 26348 26751 
1055 815 gi|174 26349 26750 
2405 497 gi|174 26404 26711 
2325 732 gi|174 26411 26751 
2592 743 gi|174 26420 26772 
2709 336 gi|174 26486 26631 
2421 462 gi|174 26523 26750 
2489 382 gi|174 26607 26753 
431 309 gi|174 26626 26750 
641 524 gi|174 30325 30464 
2467 1279 gi|174 30331 30516 
2663 595 gi|174 30337 30515 
2594 327 gi|174 30367 30421 
1563 280 gi|174 31838 31957 
123 251 gi|175 1674 1813 
2634 253 gi|175 10235 10401 
979 362 gi|175 14706 15063 
989 3394 gi|175 16039 17509 
2369 339 gi|175 21987 22034 
2636 308 gi|175 25553 25681 
1413 536 gi|175 25565 25756 
2638 441 gi|175 25566 25747 
587 396 gi|175 25593 25738 
2640 432 gi|175 25602 25716 
2695 258 gi|175 29069 29253 
1179 275 gi|175 29537 29859 
1967 286 gi|175 30878 30972 
2041 275 gi|175 30878 30972 
219 286 gi|175 30878 30972 
269 259 gi|175 30878 30972 
627 376 gi|175 30878 30971 
767 278 gi|175 37608 38001 
2645 6649 gi|176 1 935 
2596 594 gi|176 978 1084 
2643 258 gi|176 1198 1272 
2649 1038 gi|176 1259 1512 
2245 318 gi|176 2444 2714 
2625 276 gi|176 8521 8590 
2631 284 gi|176 8541 8590 
409 297 gi|176 8798 8886 
2623 351 gi|176 8988 9091 
2633 351 gi|176 8988 9091 
2598 251 gi|176 18169 18241 
701 11716 gi|176 22313 23695 
2371 277 gi|176 22633 22732 
2600 382 gi|176 23896 23986 
2602 252 gi|176 23919 23977 
699 15522 gi|176 36203 38078 
2373 277 gi|176 37193 37292 
591 404 gi|176 37745 37856 
2637 308 gi|176 37759 37870 
2604 546 gi|176 37759 37859 
1419 473 gi|176 37759 37856 
2606 511 gi|176 37759 37856 
1533 327 gi|176 37777 37863 
2608 290 gi|176 37793 37867 
715 1905 gi|176 37859 38228 
2667 273 gi|176 38314 38356 
2469 317 gi|176 38796 38877 
2665 410 gi|176 38797 38885 
643 311 gi|176 38803 38886 
2595 327 gi|176 38807 38863 
1523 393 gi|176 39143 39290 
2551 356 gi|176 39143 39290 
2610 297 gi|176 39539 39621 
2143 529 gi|177 8102 8284 
2572 945 gi|177 8119 8327 
2574 281 gi|177 8122 8236 
2576 841 gi|177 8343 8536 
551 257 gi|177 10439 10519 
2187 1761 gi|177 14074 15510 
2189 923 gi|177 15610 16210 
2191 1197 gi|177 16311 16952 
2193 2362 gi|177 17056 18405 
2361 374 gi|177 17703 18165 
2578 3227 gi|177 23527 25647 
2541 285 gi|177 23548 23662 
2349 265 gi|177 29629 29702 
2580 251 gi|177 37668 37769 
1345 254 gi|177 38804 38997 
1549 456 gi|178 468 1130 
695 625 gi|178 2135 2282 
2500 1042 gi|178 2905 4155 
937 338 gi|178 3134 3247 
943 352 gi|178 3358 3473 
947 407 gi|178 3936 4161 
2502 268 gi|178 5675 5751 
933 277 gi|178 5676 5734 
2504 1438 gi|178 6117 7141 
935 373 gi|178 6119 6236 
945 398 gi|178 6344 6457 
949 300 gi|178 7060 7159 
2535 549 gi|178 7459 7559 
1689 254 gi|178 7463 7554 
1903 261 gi|178 7465 7534 
1603 596 gi|178 7470 7559 
2506 352 gi|178 7471 7575 
2508 268 gi|178 9303 9416 
2693 2558 gi|178 11339 13097 
1503 341 gi|178 13085 13249 
2510 669 gi|178 13785 13905 
2512 4817 gi|178 13899 14606 
2514 7567 gi|178 14582 15829 
2516 2698 gi|178 15837 16534 
2518 44410 gi|178 16525 22101 
2520 461 gi|178 18647 18847 
2499 5580 gi|178 18847 19984 
2495 950 gi|178 20405 20635 
923 722 gi|178 22219 22360 
2522 403 gi|178 22239 22329 
229 251 gi|178 23678 23741 
233 879 gi|178 24002 24786 
1553 431 gi|178 24444 24938 
1555 423 gi|178 25128 25692 
2524 879 gi|178 26943 27938 
939 277 gi|178 27819 27936 
913 22414 gi|178 28923 31568 
2651 258 gi|178 29951 30443 
2647 265 gi|178 29951 30442 
2461 287 gi|178 29994 30085 
2671 257 gi|178 30375 30489 
2465 299 gi|178 30807 30987 
2673 267 gi|178 30866 30990 
1469 356 gi|178 31604 31646 
2526 356 gi|178 31604 31646 
2528 306 gi|178 31608 31646 
857 258 gi|178 31930 32024 
2530 1205 gi|178 31936 32068 
2487 415 gi|179 8858 9359 
2477 1597 gi|179 10795 11413 
599 457 gi|179 17263 17633 
538 251 gi|18 1909 2090 
540 252 gi|18 12439 12553 
542 327 gi|18 32099 32414 
1733 364 gi|180 3230 3347 
389 401 gi|180 7809 8081 
2181 269 gi|180 22047 22114 
2704 251 gi|180 22048 22137 
2067 333 gi|180 31972 32105 
2069 306 gi|180 32028 32153 
2201 362 gi|180 35509 35754 
1905 298 gi|180 35580 35688 
75 758 gi|180 37835 38293 
77 517 gi|180 38396 38698 
2566 432 gi|181 9256 9324 
2265 352 gi|181 9257 9334 
1585 251 gi|181 12723 12812 
2568 699 gi|181 27682 27845 
1417 712 gi|181 27686 27851 
2639 441 gi|181 27687 27851 
585 586 gi|181 27695 27861 
2605 546 gi|181 27744 27851 
705 448 gi|181 27744 27851 
2570 267 gi|181 31733 31856 
471 284 gi|182 4180 4410 
2635 253 gi|182 5305 5482 
2125 804 gi|182 14017 14162 
681 266 gi|182 16084 16188 
1077 316 gi|182 16651 16894 
1483 535 gi|182 16688 16933 
2711 406 gi|182 17183 17499 
1081 331 gi|182 17222 17325 
105 302 gi|182 17294 17568 
2521 461 gi|182 17365 17568 
2736 440 gi|182 17371 17568 
2738 949 gi|182 17820 18042 
2443 361 gi|182 17837 17958 
2740 525 gi|182 17889 18043 
2742 457 gi|182 19483 19652 
2744 699 gi|182 19523 19776 
2746 250 gi|182 25749 25817 
1827 268 gi|183 4190 4377 
2239 308 gi|183 28082 28211 
2063 277 gi|183 32182 32241 
2153 280 gi|183 39062 39217 
2155 573 gi|183 39628 40000 
2748 453 gi|184 7280 7416 
2139 689 gi|184 7282 7466 
2573 945 gi|184 7292 7507 
2750 262 gi|184 13358 13456 
1709 1017 gi|184 18038 18197 
2151 1110 gi|184 18038 18169 
2291 1017 gi|184 18465 18606 
1961 816 gi|184 18466 18606 
2752 997 gi|184 18468 18606 
2279 845 gi|184 18474 18606 
2415 818 gi|184 18475 18606 
535 258 gi|184 24205 24367 
2749 453 gi|185 554 694 
2575 281 gi|185 558 679 
2141 331 gi|185 559 691 
2754 360 gi|185 28131 28266 
1745 288 gi|185 28136 28373 
2756 399 gi|185 28196 28373 
741 294 gi|185 29940 30082 
737 802 gi|185 30502 31167 
1341 286 gi|185 34522 34674 
2758 271 gi|185 34554 34649 
1335 1685 gi|185 34977 36209 
2760 336 gi|185 35269 35350 
1155 300 gi|185 35274 35357 
1159 284 gi|185 35719 35761 
1149 251 gi|185 35721 35813 
2577 841 gi|186 220 457 
2581 251 gi|186 5772 5887 
2762 693 gi|186 6729 6866 
1919 306 gi|186 6754 6866 
2764 785 gi|186 12615 12754 
1917 392 gi|186 12625 12773 
2766 343 gi|187 5121 5204 
2768 580 gi|187 5805 6120 
2770 485 gi|187 6417 6635 
1097 490 gi|187 6463 6675 
1095 275 gi|187 6789 6936 
2772 285 gi|187 6817 6866 
2655 347 gi|187 17858 17903 
1435 272 gi|187 21238 21316 
995 291 gi|187 30956 31125 
2107 685 gi|188 29659 29808 
861 757 gi|188 29672 29785 
2123 638 gi|188 29688 29792 
2101 705 gi|188 29689 29786 
2121 662 gi|188 29689 29785 
2776 272 gi|189 1082 1175 
2171 397 gi|189 1092 1234 
1743 374 gi|189 1100 1285 
2778 397 gi|189 1100 1265 
2757 399 gi|189 1190 1392 
1445 619 gi|189 30922 31373 
1405 1044 gi|189 30936 31478 
83 266 gi|189 32431 32558 
2375 505 gi|189 32433 32885 
493 276 gi|189 32436 32562 
2165 993 gi|189 32482 32896 
1191 701 gi|189 32552 32907 
382 321 gi|19 2905 2983 
384 320 gi|19 2939 3000 
386 3016 gi|19 3226 4850 
388 401 gi|19 17862 18140 
390 470 gi|19 28388 28729 
392 305 gi|19 29830 29912 
394 281 gi|19 36878 36986 
2780 282 gi|190 3946 4091 
1841 329 gi|190 10039 10278 
1921 348 gi|190 10248 10386 
1853 288 gi|190 10618 10740 
2571 267 gi|190 10701 10824 
2705 251 gi|190 10766 10855 
2221 292 gi|190 21612 21646 
801 297 gi|190 22735 22800 
1545 253 gi|190 22814 22920 
2782 883 gi|190 23194 23435 
2095 1964 gi|190 23375 23698 
1543 1457 gi|190 24722 25710 
573 751 gi|190 25285 25698 
2784 687 gi|190 25850 26222 
2179 258 gi|190 31627 31819 
2751 262 gi|191 29697 29784 
1513 257 gi|192 2482 2606 
1521 282 gi|192 3534 3848 
2549 283 gi|192 3534 3848 
2001 349 gi|192 3629 3848 
2459 317 gi|192 3629 3848 
2802 260 gi|192 18389 18473 
1389 283 gi|192 38703 38792 
2363 357 gi|193 37406 37601 
1915 272 gi|194 2447 2637 
2765 785 gi|194 2463 2612 
2763 693 gi|194 2468 2597 
529 266 gi|194 3481 3629 
965 348 gi|195 5520 5623 
1685 3107 gi|195 20652 21628 
2537 269 gi|195 20832 20917 
1605 261 gi|195 20838 20917 
1697 2864 gi|195 21603 22155 
1701 369 gi|195 21656 21800 
1703 323 gi|195 21679 22030 
1699 442 gi|195 21895 22050 
1695 313 gi|195 22017 22164 
1705 1046 gi|195 22091 22346 
501 595 gi|195 24699 24802 
489 273 gi|195 24769 24805 
499 697 gi|195 34584 34697 
1333 798 gi|196 21987 22115 
2860 337 gi|196 32768 32913 
1261 398 gi|196 34041 34196 
1219 421 gi|196 34041 34182 
1817 461 gi|196 34045 34203 
2735 358 gi|196 34074 34201 
1867 284 gi|197 2816 2963 
1343 1953 gi|197 18655 19998 
2185 654 gi|197 24552 24720 
1473 429 gi|198 13167 13579 
1475 315 gi|198 18912 18994 
985 289 gi|198 22347 22494 
2852 1152 gi|198 22355 22561 
1749 632 gi|198 22355 22505 
2854 836 gi|198 22358 22580 
2169 718 gi|198 22557 22709 
1741 614 gi|198 22558 22709 
2779 397 gi|198 22558 22701 
2856 491 gi|198 22581 22708 
2858 560 gi|198 22636 22709 
1815 623 gi|198 31841 32129 
1255 354 gi|198 31846 32112 
745 266 gi|198 31857 31977 
2733 417 gi|198 31866 32044 
1045 419 gi|198 31895 32125 
1223 456 gi|198 31897 32029 
817 486 gi|198 31954 32101 
2864 6073 gi|199 5997 8798 
2299 2183 gi|199 10164 11559 
2567 432 gi|199 13193 13277 
2263 476 gi|199 13202 13284 
2659 365 gi|199 17549 17622 
2425 369 gi|199 17552 17662 
1877 338 gi|199 17797 17861 
425 807 gi|199 17847 18032 
2593 743 gi|199 17883 18199 
1839 326 gi|199 17889 17990 
1053 1248 gi|199 17896 18220 
2419 551 gi|199 17898 18199 
2407 817 gi|199 17901 18206 
2491 565 gi|199 17901 18042 
2331 1190 gi|199 17904 18197 
1575 1284 gi|199 17906 18206 
2707 294 gi|199 18012 18374 
1125 629 gi|199 18033 18206 
2691 319 gi|199 18086 18298 
2703 290 gi|199 18153 18206 
2267 309 gi|199 24678 24795 
1337 482 gi|199 29882 30227 
1151 265 gi|199 30027 30274 
1339 321 gi|199 30548 30613 
1157 460 gi|199 30550 31053 
2761 336 gi|199 30551 30633 
2759 271 gi|199 30962 31056 
2447 308 gi|199 40591 40680 
544 858 gi|2 4315 4815 
546 271 gi|2 9293 9405 
548 250 gi|2 28573 28657 
30 5243 gi|20 5689 6376 
28 714 gi|20 5689 5771 
32 4321 gi|20 5800 6361 
34 6375 gi|20 6904 7677 
36 6548 gi|20 6906 7677 
38 950 gi|20 7234 7411 
40 2424 gi|20 7985 8272 
42 819 gi|20 10685 10837 
44 488 gi|20 10692 10848 
46 374 gi|20 10979 11045 
48 342 gi|20 20923 21044 
50 967 gi|20 22298 22665 
52 1383 gi|20 22308 22741 
54 1089 gi|20 22469 23535 
56 941 gi|20 22767 23065 
58 1682 gi|20 23034 23512 
60 304 gi|20 23256 23486 
65 1809 gi|200 13414 13636 
67 13986 gi|200 14316 16094 
71 5522 gi|200 16082 16741 
475 2949 gi|200 16730 17097 
73 3777 gi|200 16745 17198 
2269 1046 gi|200 25975 26477 
1719 286 gi|200 26074 26197 
2774 280 gi|200 26103 26211 
2563 305 gi|200 26165 26353 
543 327 gi|200 33104 33400 
2585 916 gi|201 68 334 
2788 463 gi|201 335 771 
2790 443 gi|201 346 717 
2017 420 gi|201 346 512 
2792 1500 gi|201 952 2164 
351 7494 gi|201 1894 2685 
2794 6372 gi|201 1994 2685 
2311 522 gi|201 2558 2668 
835 260 gi|201 13265 13443 
2796 693 gi|201 23066 23258 
2798 361 gi|201 24478 24531 
2027 252 gi|201 24478 24508 
2800 338 gi|201 24482 24531 
2583 2308 gi|202 36257 36684 
519 661 gi|202 36394 36613 
2451 274 gi|202 36682 36756 
797 490 gi|202 36682 36755 
2862 411 gi|202 36682 36754 
1657 432 gi|202 36682 36751 
1683 432 gi|202 36682 36751 
2599 251 gi|203 7794 7881 
2351 536 gi|203 29911 30222 
2848 1076 gi|204 34051 34294 
2850 863 gi|204 34051 34293 
2601 382 gi|204 34209 34301 
2611 297 gi|204 34214 34294 
2795 6372 gi|205 1799 2489 
353 6372 gi|205 1799 2489 
2810 311 gi|205 1854 1968 
2313 522 gi|205 2362 2472 
15 4142 gi|205 9995 10529 
2812 4218 gi|205 9995 10529 
2814 2799 gi|205 9995 10351 
1859 681 gi|205 10392 10464 
21 447 gi|205 10414 10695 
2816 491 gi|205 10414 10677 
2818 261 gi|205 10414 10577 
911 285 gi|205 10524 10759 
1471 329 gi|205 10717 10971 
2820 374 gi|205 10717 10971 
2347 276 gi|205 28089 28173 
2159 1245 gi|205 37141 37561 
109 371 gi|205 37350 37443 
2725 421 gi|205 37816 37969 
2822 267 gi|205 37816 37961 
2731 434 gi|205 38858 39112 
2715 257 gi|205 38858 38994 
2824 1430 gi|205 38880 39282 
2051 280 gi|205 39624 39746 
2826 299 gi|205 39624 39746 
383 321 gi|206 6705 6786 
2287 1054 gi|206 6836 7016 
1959 877 gi|206 6877 7031 
2753 997 gi|206 6877 7016 
2275 899 gi|206 6877 7014 
2413 872 gi|206 6877 7011 
691 830 gi|206 15222 15496 
871 250 gi|207 2648 2775 
2131 250 gi|207 16510 16582 
967 6325 gi|207 22943 24806 
2797 693 gi|208 3141 3322 
2783 883 gi|208 3531 3776 
679 1024 gi|208 14741 14866 
2219 883 gi|208 14744 14861 
685 955 gi|208 14750 14858 
2317 319 gi|208 32139 32352 
2865 6073 gi|208 36216 39075 
2803 260 gi|209 7254 7341 
2271 282 gi|209 10342 10797 
1799 982 gi|209 12842 13004 
2773 285 gi|209 14865 14913 
2771 485 gi|209 15143 15358 
1099 495 gi|209 15143 15277 
2769 580 gi|209 15625 15940 
1101 352 gi|209 15630 15746 
2767 343 gi|209 16424 16507 
1105 648 gi|209 19521 19792 
761 709 gi|209 19536 19892 
2145 321 gi|209 19539 19640 
1109 280 gi|209 19804 19905 
2359 322 gi|209 23683 23794 
191 652 gi|21 1 235 
472 7557 gi|21 971 1854 
474 2949 gi|21 1487 1854 
2343 17029 gi|210 10380 12525 
2055 572 gi|210 13442 13626 
2804 604 gi|210 13442 13626 
2806 358 gi|210 13704 14075 
577 378 gi|210 13712 13894 
2825 1430 gi|210 14390 14738 
2609 290 gi|210 14734 14806 
1423 274 gi|210 14742 14806 
2417 337 gi|210 14841 14958 
1953 337 gi|210 14841 14931 
2808 600 gi|210 15087 15873 
397 433 gi|210 20125 20221 
1793 362 gi|210 26288 26353 
2345 7209 gi|210 26369 27484 
2569 699 gi|210 27654 27810 
1415 716 gi|210 27658 27811 
589 640 gi|210 27679 27824 
2641 432 gi|210 27680 27783 
2607 511 gi|210 27716 27811 
707 439 gi|210 27716 27811 
1535 362 gi|210 27749 27811 
2321 606 gi|210 27938 28071 
2503 268 gi|210 28619 28698 
2501 1042 gi|210 28711 29951 
2525 879 gi|210 28937 29949 
2505 1438 gi|210 28937 29947 
941 293 gi|210 28939 29073 
2828 726 gi|211 5611 5835 
2851 863 gi|211 5617 5845 
2603 252 gi|211 5786 5845 
2809 600 gi|211 6014 6774 
2629 276 gi|211 7319 7407 
2830 251 gi|211 30986 31073 
453 3528 gi|212 26 551 
1963 2417 gi|212 26 520 
1023 3464 gi|212 26 514 
2213 461 gi|212 525 602 
2387 691 gi|212 912 1259 
61 304 gi|212 1035 1272 
2163 1188 gi|212 1307 1840 
51 967 gi|212 1453 1839 
2831 251 gi|212 8439 8523 
2786 777 gi|212 8475 8726 
2743 457 gi|212 8475 8652 
2741 525 gi|212 8619 8753 
2249 259 gi|212 13027 13116 
2227 319 gi|212 14852 15088 
2385 1429 gi|212 23606 24360 
55 1089 gi|212 23947 24931 
2389 635 gi|212 24380 24640 
2161 382 gi|212 24655 24934 
2613 320 gi|213 16410 16622 
1845 267 gi|213 18332 18473 
2807 358 gi|213 35836 36183 
2829 726 gi|213 38046 38294 
2849 1076 gi|213 38052 38304 
1897 338 gi|214 4440 4639 
2832 338 gi|214 4863 5057 
2261 629 gi|214 30213 30650 
2259 1117 gi|214 30364 30981 
2257 1027 gi|214 30944 31453 
2255 469 gi|214 31510 31616 
2391 364 gi|214 40553 40703 
1139 771 gi|215 923 1034 
1039 766 gi|215 926 1034 
1161 789 gi|215 927 1034 
1531 259 gi|215 4142 4255 
873 270 gi|215 6865 6993 
2669 306 gi|215 6865 6965 
2147 263 gi|215 6880 7000 
1825 271 gi|215 6903 7035 
1075 324 gi|215 11361 11418 
2747 250 gi|215 38209 38278 
2137 2610 gi|216 5201 7104 
201 771 gi|216 6163 6428 
1797 307 gi|216 6336 6411 
2834 286 gi|216 18404 18464 
1609 597 gi|217 1551 1655 
1627 614 gi|217 1562 1661 
2713 752 gi|217 1809 2068 
1935 377 gi|217 1943 2068 
1629 284 gi|217 2298 2332 
1611 1340 gi|217 2300 2483 
1613 622 gi|217 2790 2874 
2281 446 gi|217 2812 3042 
1489 2563 gi|217 3038 3350 
2283 331 gi|217 3344 3505 
1615 335 gi|217 3505 3545 
2427 325 gi|217 4435 4699 
1623 5946 gi|217 4436 5182 
2241 1987 gi|217 8224 8794 
1723 2973 gi|217 8231 9060 
1211 430 gi|217 8233 8337 
2223 893 gi|217 8277 8414 
1881 1584 gi|217 8316 8686 
1729 325 gi|217 8742 8888 
675 652 gi|217 11124 11597 
1431 278 gi|217 22565 22752 
2699 1278 gi|217 33502 33664 
2701 286 gi|217 36258 36390 
2597 594 gi|219 2422 2535 
1397 277 gi|219 2606 2639 
1541 740 gi|219 9283 9367 
2561 310 gi|219 25612 25728 
657 475 gi|219 25875 26376 
2565 255 gi|219 26013 26124 
2149 279 gi|219 26041 26164 
2775 280 gi|219 26058 26166 
1717 250 gi|219 26780 26874 
2833 338 gi|219 30885 31067 
849 256 gi|219 37248 37305 
2836 441 gi|220 17468 17589 
2777 272 gi|220 17476 17556 
2838 253 gi|220 17479 17516 
1739 325 gi|220 17485 17563 
2175 524 gi|220 17485 17563 
2859 560 gi|220 17487 17563 
1269 927 gi|220 19591 19763 
1987 991 gi|220 20107 20265 
2719 261 gi|220 20116 20165 
1015 588 gi|220 20118 20190 
1789 570 gi|220 20120 20216 
2471 406 gi|220 20120 20181 
1229 405 gi|220 20199 20269 
2435 1156 gi|220 20291 20462 
2305 929 gi|220 20305 20466 
2621 486 gi|220 20340 20466 
2087 697 gi|220 20361 20459 
1231 297 gi|220 20512 20620 
1985 900 gi|220 20515 20670 
981 271 gi|220 21495 21801 
2840 1073 gi|220 21581 21804 
2855 836 gi|220 21588 21803 
1751 706 gi|220 21663 21801 
2177 270 gi|220 21772 21817 
2357 641 gi|220 22315 22447 
2842 283 gi|220 22754 22821 
2844 662 gi|220 22810 22925 
95 314 gi|220 22820 22925 
103 344 gi|220 22825 22925 
881 501 gi|220 22826 22928 
2846 401 gi|220 22838 22935 
2115 374 gi|220 22935 23039 
2229 366 gi|220 22951 23039 
665 350 gi|220 22951 23028 
2383 252 gi|220 23378 23487 
2579 3227 gi|220 23582 25566 
2543 336 gi|220 25463 25558 
1199 6233 gi|221 17991 19786 
1899 287 gi|221 29364 29429 
631 294 gi|221 29470 29544 
617 260 gi|221 29545 29591 
347 424 gi|222 1 45 
1465 3766 gi|222 8582 8992 
2527 356 gi|222 8596 8637 
2821 374 gi|222 8682 8948 
2531 1205 gi|222 10850 10982 
1467 318 gi|222 11272 11313 
2529 306 gi|222 11272 11310 
951 358 gi|222 11308 11450 
803 285 gi|222 25423 25524 
117 280 gi|222 25784 25953 
805 269 gi|222 25820 26191 
807 414 gi|222 26004 26412 
1395 281 gi|223 2484 2715 
2619 253 gi|223 10764 10806 
2835 286 gi|223 10915 10972 
2839 253 gi|223 12085 12122 
1747 667 gi|223 12086 12281 
2853 1152 gi|223 12089 12307 
983 352 gi|223 12089 12242 
2841 1073 gi|223 12091 12327 
2755 360 gi|223 12205 12367 
99 482 gi|223 12345 12522 
93 1733 gi|223 12365 12920 
2845 662 gi|223 12368 12484 
883 554 gi|223 12370 12503 
2843 283 gi|223 12429 12490 
885 358 gi|223 12798 12918 
2847 401 gi|223 12828 12929 
2857 491 gi|223 12920 13056 
1735 271 gi|223 12962 13064 
2173 496 gi|223 12962 13064 
2837 441 gi|223 12965 13068 
2507 352 gi|223 13064 13167 
2533 337 gi|223 13065 13145 
1601 406 gi|223 13068 13167 
1687 332 gi|223 13076 13179 
1901 375 gi|223 13093 13167 
2785 687 gi|224 26185 26551 
847 721 gi|224 26952 27226 
2677 346 gi|224 27324 27380 
2679 2572 gi|224 28353 28826 
2681 3085 gi|224 28922 29459 
1795 408 gi|224 29597 29675 
25 3476 gi|225 654 1026 
2815 2799 gi|225 657 1026 
2866 3285 gi|225 657 1026 
2819 261 gi|225 892 1026 
2868 255 gi|225 894 985 
19 272 gi|225 894 982 
2031 25607 gi|225 7472 10711 
2805 604 gi|225 7724 7911 
2827 299 gi|225 8791 8928 
2721 477 gi|225 8859 8979 
2723 2121 gi|225 8973 9283 
2823 267 gi|225 8993 9112 
2727 1047 gi|225 9279 9487 
2729 2309 gi|225 9733 10255 
2717 2065 gi|225 9868 10327 
2870 7517 gi|225 11719 12610 
2023 704 gi|225 11719 11800 
2799 361 gi|225 11770 11823 
2013 10472 gi|225 11797 12999 
2791 443 gi|225 12245 12612 
1495 689 gi|225 12533 12610 
2005 7581 gi|225 15535 16451 
2457 8069 gi|225 15535 16447 
1805 298 gi|225 16285 16375 
2519 44410 gi|225 16453 22015 
2493 968 gi|225 17919 18149 
2497 5726 gi|225 18570 19712 
2737 440 gi|225 19716 19910 
411 265 gi|225 22093 22156 
2517 2698 gi|225 22135 22841 
2515 7567 gi|225 23350 24611 
2513 4817 gi|225 26934 27629 
2511 669 gi|225 27886 28004 
2431 1084 gi|225 28068 28243 
39 950 gi|225 28068 28243 
829 1058 gi|225 28068 28243 
401 345 gi|225 29893 30014 
925 369 gi|225 30820 30948 
2523 403 gi|225 30820 30920 
921 413 gi|225 31125 31210 
1593 291 gi|226 591 653 
2685 1055 gi|226 684 901 
2591 472 gi|226 919 996 
1757 382 gi|226 922 985 
193 377 gi|226 1374 1458 
2587 1348 gi|226 1417 1650 
2079 544 gi|226 1417 1596 
1765 458 gi|226 1517 1648 
13 4902 gi|226 7494 8048 
2813 4218 gi|226 7495 8048 
27 255 gi|226 7516 7610 
2869 255 gi|226 7516 7610 
1861 555 gi|226 7565 7637 
2817 491 gi|226 7578 7812 
2867 3285 gi|226 7678 8048 
17 272 gi|226 7722 7810 
1497 1959 gi|226 9736 9984 
2315 302 gi|226 18234 18315 
2309 3825 gi|226 18432 18902 
2793 1500 gi|226 18858 20091 
357 517 gi|226 18858 19047 
2811 311 gi|226 18858 18973 
2355 285 gi|226 19196 19268 
1493 1466 gi|226 20194 20385 
2789 463 gi|226 20250 20683 
2871 7517 gi|226 20307 21201 
2015 7356 gi|226 20307 21122 
2801 338 gi|226 21096 21145 
2025 658 gi|226 21119 21202 
2557 318 gi|227 21988 22149 
607 308 gi|227 22031 22277 
2617 353 gi|227 22186 22393 
1783 262 gi|227 37360 37467 
373 381 gi|227 37423 37882 
363 305 gi|227 37462 37908 
365 351 gi|227 37482 37997 
371 402 gi|227 37535 38020 
375 251 gi|227 37602 38004 
1895 251 gi|227 37603 37646 
367 263 gi|227 37636 37811 
369 371 gi|227 37695 38207 
377 271 gi|227 37852 38207 
379 258 gi|227 38065 38195 
545 858 gi|228 8845 9387 
1197 267 gi|228 17053 17188 
2745 699 gi|228 33211 33475 
2787 777 gi|228 33340 33610 
2739 949 gi|228 33494 33713 
895 253 gi|228 33734 33878 
1671 748 gi|228 33907 34223 
2455 607 gi|228 33964 34206 
2872 586 gi|228 33973 34205 
1663 627 gi|228 33989 34223 
783 619 gi|228 33993 34247 
2235 640 gi|228 34000 34203 
2073 670 gi|228 34017 34247 
671 280 gi|228 34322 34389 
2119 266 gi|228 34322 34386 
2509 268 gi|228 36032 36145 
2861 337 gi|228 38203 38342 
2367 1561 gi|229 8819 9020 
2781 282 gi|229 12202 12336 
1163 299 gi|229 33994 34123 
2453 950 gi|229 34061 34331 
785 912 gi|229 34061 34312 
2863 411 gi|229 34061 34132 
1673 1062 gi|229 34065 34337 
1659 956 gi|229 34065 34312 
2873 586 gi|229 34088 34330 
2233 681 gi|229 34090 34304 
1873 285 gi|229 34095 34302 
2683 285 gi|229 34446 34489 
1093 275 gi|229 34458 34505 
550 257 gi|23 7978 8055 
552 4707 gi|23 19870 21346 
554 399 gi|23 20606 20832 
556 740 gi|23 25486 25637 
558 522 gi|23 25492 25612 
560 768 gi|23 25704 25888 
562 1279 gi|23 26128 26392 
564 250 gi|23 32007 32081 
1547 5371 gi|230 11629 12450 
1945 336 gi|230 15017 15278 
1621 332 gi|230 15049 15278 
2429 313 gi|230 15052 15369 
827 296 gi|230 15052 15369 
2697 254 gi|230 37932 38026 
2365 1148 gi|231 8162 8309 
525 1161 gi|231 8171 8311 
2135 1176 gi|231 8174 8318 
1777 291 gi|231 8177 8310 
2485 314 gi|231 10148 10365 
2483 1846 gi|231 13307 14539 
2479 404 gi|231 14686 14906 
2615 913 gi|231 15710 16227 
2093 402 gi|231 16031 16189 
997 259 gi|231 22765 22816 
815 276 gi|231 24066 24279 
1885 387 gi|231 33029 33484 
479 286 gi|231 34625 34693 
2481 721 gi|231 34955 35289 
0 617 gi|24 2922 3051 
2 4318 gi|24 3051 3961 
4 3344 gi|24 3962 4792 
6 17999 gi|24 4961 8178 
8 6157 gi|24 5262 7300 
10 8884 gi|24 9982 11014 
12 4902 gi|24 21320 21873 
14 4142 gi|24 21321 21873 
16 272 gi|24 21345 21436 
18 272 gi|24 21345 21436 
20 447 gi|24 21384 21638 
22 585 gi|24 21391 21463 
24 3476 gi|24 21504 21876 
26 255 gi|24 21545 21636 
92 1733 gi|25 23610 24183 
94 314 gi|25 23613 23708 
96 305 gi|25 23615 23746 
98 482 gi|25 24027 24200 
100 336 gi|25 24056 24179 
102 344 gi|25 24078 24183 
104 302 gi|25 33783 34049 
106 557 gi|25 34053 34215 
461 706 gi|25 34053 34215 
110 371 gi|25 34667 34774 
108 371 gi|25 34667 34766 
62 258 gi|26 17335 17448 
470 284 gi|27 26937 27183 
662 302 gi|28 7343 7447 
664 350 gi|28 13571 13645 
666 364 gi|28 13578 13656 
668 366 gi|28 13579 13651 
670 280 gi|28 13583 13645 
672 395 gi|28 16529 16745 
674 652 gi|28 16579 17052 
676 859 gi|28 26894 27028 
678 1024 gi|28 26896 27019 
689 931 gi|28 26904 27009 
680 266 gi|28 35459 35563 
198 295 gi|29 10742 11053 
200 771 gi|29 13299 13558 
202 617 gi|29 13332 13559 
398 250 gi|3 1591 1728 
400 345 gi|3 3931 4053 
402 264 gi|3 7118 7234 
404 274 gi|3 7320 7513 
406 267 gi|3 7328 7481 
408 297 gi|3 7391 7479 
410 265 gi|3 26964 27027 
412 1007 gi|3 31590 31765 
414 543 gi|3 31619 31767 
64 1809 gi|30 3751 3973 
66 13986 gi|30 3973 5740 
68 547 gi|30 5724 5792 
70 5522 gi|30 5867 6548 
473 7557 gi|30 6942 7823 
72 3777 gi|30 7471 7924 
74 758 gi|30 20348 20836 
76 517 gi|30 20378 20680 
78 262 gi|30 24213 24322 
80 389 gi|30 35005 35116 
491 568 gi|30 35026 35328 
82 266 gi|30 35035 35164 
84 325 gi|30 35062 35326 
86 251 gi|30 35150 35322 
88 271 gi|30 35468 35585 
45 488 gi|30 38308 38451 
90 552 gi|30 38340 38436 
124 275 gi|31 1463 1882 
126 259 gi|31 1463 1882 
128 3953 gi|31 23981 24515 
130 3188 gi|31 23982 24468 
132 4317 gi|31 23987 24513 
134 4281 gi|31 23987 24513 
136 3859 gi|31 23989 24513 
138 3037 gi|31 23991 24513 
140 3740 gi|31 23992 24515 
142 3946 gi|31 23992 24513 
144 1063 gi|31 24012 24228 
146 2478 gi|31 24161 24515 
148 681 gi|31 24424 24524 
154 3313 gi|31 24640 25159 
150 2914 gi|31 24640 25151 
152 3158 gi|31 24640 25151 
156 792 gi|31 24640 24771 
158 774 gi|31 24644 24771 
160 2962 gi|31 24650 25151 
162 3188 gi|31 24653 25151 
164 724 gi|31 24653 24767 
166 810 gi|31 24655 24814 
168 2778 gi|31 24698 25151 
170 2560 gi|31 24766 25151 
172 2560 gi|31 24766 25151 
174 1206 gi|31 24766 25000 
176 888 gi|31 24912 25134 
178 252 gi|31 25256 25301 
597 257 gi|31 35511 35671 
690 830 gi|32 7169 7436 
692 274 gi|32 18343 18490 
694 625 gi|32 18383 18543 
696 273 gi|32 20274 20324 
698 15522 gi|32 20412 22261 
700 11716 gi|32 20412 21803 
704 448 gi|32 21939 22042 
593 361 gi|32 21939 22039 
702 463 gi|32 21939 22039 
706 439 gi|32 21939 22039 
708 269 gi|32 21957 22046 
710 270 gi|32 22274 22325 
712 325 gi|32 22274 22319 
714 1905 gi|32 32238 32595 
716 690 gi|32 32556 32804 
718 440 gi|32 32588 32690 
720 1132 gi|32 32595 32908 
722 432 gi|32 32597 32736 
724 669 gi|32 32728 32944 
726 383 gi|32 32730 32909 
728 277 gi|32 32892 33027 
730 380 gi|32 32909 32969 
476 364 gi|33 17265 17341 
478 286 gi|33 26925 26996 
112 405 gi|34 8608 8758 
114 272 gi|34 9770 10006 
116 280 gi|34 10168 10333 
118 398 gi|34 10264 10341 
120 273 gi|34 10547 10639 
122 251 gi|34 36292 36439 
387 3016 gi|35 6867 8493 
566 384 gi|35 11618 11823 
568 804 gi|35 17309 17436 
570 395 gi|35 17673 17857 
572 751 gi|35 17879 18296 
574 2834 gi|35 17882 18282 
576 378 gi|35 37040 37200 
578 288 gi|35 37696 37907 
204 601 gi|36 2614 2893 
206 576 gi|36 2963 3314 
208 33352 gi|36 5956 9742 
210 14594 gi|36 8118 9742 
611 271 gi|36 8284 8746 
212 2869 gi|36 9737 10058 
623 823 gi|36 9742 9996 
214 1877 gi|36 9761 10005 
216 304 gi|36 9805 9857 
218 286 gi|36 9846 9945 
220 335 gi|36 9866 9968 
222 424 gi|36 9942 10011 
224 428 gi|36 9999 10058 
226 294 gi|36 16280 16366 
228 251 gi|36 16317 16380 
230 469 gi|36 16616 17191 
232 879 gi|36 16700 17486 
234 283 gi|36 16833 17011 
236 606 gi|36 17135 17420 
238 273 gi|36 17235 17314 
240 840 gi|36 17876 18783 
242 931 gi|36 25250 25428 
723 432 gi|36 25268 25410 
244 345 gi|36 25268 25363 
246 485 gi|36 25270 25411 
751 370 gi|36 25391 25455 
248 698 gi|36 25408 25949 
250 4572 gi|36 25410 25949 
187 4558 gi|36 25412 25949 
252 257 gi|36 25784 25952 
725 669 gi|36 25945 26160 
254 690 gi|36 25945 26131 
256 320 gi|36 25949 26121 
258 269 gi|36 25949 26019 
260 294 gi|36 25999 26160 
729 277 gi|36 26033 26160 
262 2181 gi|36 26102 26408 
264 1827 gi|36 26165 26405 
619 883 gi|36 26172 26399 
266 266 gi|36 26209 26269 
268 259 gi|36 26250 26348 
270 351 gi|36 26269 26371 
272 475 gi|36 26345 26410 
274 272 gi|36 26461 26541 
141 3740 gi|36 26606 27096 
280 822 gi|36 26606 26780 
276 1001 gi|36 26606 26726 
278 958 gi|36 26606 26722 
282 4183 gi|36 26607 27096 
288 3585 gi|36 26608 27100 
284 4395 gi|36 26608 27096 
163 3188 gi|36 26608 27090 
286 998 gi|36 26608 26726 
290 3522 gi|36 26662 27103 
292 3465 gi|36 26713 27098 
296 3448 gi|36 26713 27096 
294 1945 gi|36 26713 26927 
298 1168 gi|36 26860 27076 
300 356 gi|36 28466 28788 
302 376 gi|36 30920 31065 
304 330 gi|36 30920 31053 
306 273 gi|36 32187 32295 
308 1404 gi|36 32772 32966 
310 10399 gi|36 32816 34081 
312 817 gi|36 32816 33053 
314 336 gi|36 32991 33104 
316 690 gi|36 33079 33249 
318 337 gi|36 33171 33300 
320 4407 gi|36 33331 33894 
322 4454 gi|36 33336 33906 
324 3786 gi|36 33336 33897 
151 2914 gi|36 33336 33888 
326 2966 gi|36 33338 33725 
328 816 gi|36 33341 33474 
133 4317 gi|36 33348 33899 
330 714 gi|36 33350 33437 
332 502 gi|36 33393 33483 
334 3017 gi|36 33510 33902 
336 3203 gi|36 33510 33894 
338 1120 gi|36 33658 33874 
340 2338 gi|36 35045 35319 
342 310 gi|36 35708 35829 
344 846 gi|36 35759 35854 
346 424 gi|36 38007 38051 
348 556 gi|36 38293 38519 
350 7494 gi|36 38750 39541 
352 6372 gi|36 38750 39441 
354 525 gi|36 38767 38877 
356 517 gi|36 39271 39460 
480 281 gi|37 11085 11159 
482 277 gi|37 12098 12335 
484 339 gi|37 22826 22968 
486 351 gi|37 23063 23241 
800 297 gi|38 4104 4168 
113 405 gi|38 15958 16111 
115 272 gi|38 16830 17068 
802 285 gi|38 16854 16955 
804 269 gi|38 17166 17495 
119 398 gi|38 17239 17316 
806 414 gi|38 17308 17638 
121 273 gi|38 17428 17523 
808 626 gi|38 34748 35018 
848 256 gi|39 4793 4860 
396 433 gi|4 10963 11059 
850 617 gi|40 8142 8256 
852 803 gi|40 8148 8270 
854 599 gi|40 8152 8245 
856 258 gi|40 8466 8562 
858 286 gi|40 8491 8541 
860 757 gi|40 12835 12955 
862 740 gi|40 12840 12969 
864 670 gi|40 12849 12961 
866 671 gi|40 12849 12958 
868 635 gi|40 12853 12957 
870 250 gi|40 30573 30710 
872 270 gi|40 35270 35410 
874 700 gi|40 36383 36588 
834 260 gi|41 9105 9276 
836 256 gi|41 10720 10763 
838 252 gi|41 11330 11450 
840 260 gi|41 11343 11450 
842 313 gi|41 16401 16762 
844 434 gi|41 36396 36832 
846 721 gi|41 36495 36764 
763 250 gi|42 5189 5268 
1130 251 gi|42 38468 38534 
974 260 gi|43 2610 2740 
976 307 gi|43 3178 3305 
978 362 gi|43 17859 18209 
980 271 gi|43 18896 19170 
982 352 gi|43 19029 19176 
984 289 gi|43 19030 19183 
986 326 gi|43 19060 19174 
988 3394 gi|43 23372 24787 
990 386 gi|43 37402 37645 
992 291 gi|43 37755 37996 
555 399 gi|43 37771 37997 
994 291 gi|44 11716 11882 
735 267 gi|44 19477 19534 
733 275 gi|44 21015 21125 
810 320 gi|45 2261 2368 
812 335 gi|45 2429 2862 
683 252 gi|45 10068 10114 
814 276 gi|45 10101 10305 
816 486 gi|45 11648 11802 
818 475 gi|45 11849 11958 
775 394 gi|45 13046 13093 
777 2411 gi|45 13404 14027 
820 17492 gi|45 14649 16650 
31 5243 gi|45 16567 17269 
822 15707 gi|45 16678 18496 
826 296 gi|45 17515 17835 
824 299 gi|45 17515 17733 
35 6375 gi|45 17697 18496 
828 1058 gi|45 18027 18205 
830 2388 gi|45 18804 19091 
832 5394 gi|45 20838 21441 
876 893 gi|46 1104 1226 
878 255 gi|46 1107 1171 
880 501 gi|46 16073 16179 
101 336 gi|46 16077 16205 
882 554 gi|46 16078 16211 
884 358 gi|46 16078 16203 
97 305 gi|46 16078 16202 
886 428 gi|46 16223 16368 
888 887 gi|46 16433 16533 
890 925 gi|46 17153 17260 
841 260 gi|46 21571 21676 
892 466 gi|46 21594 21789 
894 253 gi|46 22879 23011 
896 513 gi|46 23057 23193 
898 276 gi|46 23306 23348 
900 858 gi|46 32427 32536 
902 263 gi|46 37462 37645 
1226 684 gi|47 1931 2116 
1228 405 gi|47 1933 2003 
1230 297 gi|47 1999 2112 
1232 2786 gi|47 2098 2424 
1234 278 gi|47 2461 2598 
1236 2961 gi|47 2620 3059 
455 2923 gi|47 2620 3059 
1238 2480 gi|47 2622 3051 
1240 288 gi|47 3055 3114 
1242 259 gi|47 3055 3100 
1244 485 gi|47 3101 3410 
1246 427 gi|47 20979 21201 
1248 396 gi|47 20979 21085 
253 257 gi|47 24396 24566 
1250 257 gi|47 24415 24562 
1252 453 gi|47 25427 25570 
1176 1363 gi|48 4041 5478 
739 280 gi|48 4723 4896 
79 262 gi|48 23934 24048 
1178 275 gi|48 28610 28942 
661 447 gi|49 11920 12369 
1102 273 gi|49 35757 35898 
1104 648 gi|49 35781 36042 
1106 265 gi|49 35799 35874 
765 295 gi|49 35998 36059 
1108 280 gi|49 36109 36204 
732 275 gi|5 22397 22509 
734 267 gi|5 23865 23922 
968 804 gi|50 14077 14541 
970 525 gi|50 14651 14793 
972 251 gi|50 14921 14970 
996 259 gi|51 133 184 
998 339 gi|51 20807 20898 
1000 332 gi|51 36644 36695 
1002 260 gi|51 36644 36695 
1004 261 gi|51 36645 36689 
1006 1947 gi|51 37008 37400 
1008 1916 gi|51 37023 37400 
1010 501 gi|51 37542 37617 
1012 375 gi|51 37542 37617 
1014 588 gi|51 37547 37619 
1016 456 gi|51 37556 37617 
1018 268 gi|51 37572 37619 
1020 7890 gi|51 37696 39176 
451 12058 gi|51 37696 39176 
1022 3464 gi|51 37765 38289 
1237 2961 gi|51 38302 38744 
991 386 gi|52 5410 5647 
964 348 gi|52 14887 14982 
966 6325 gi|52 22355 24296 
1028 251 gi|53 3196 3274 
1030 263 gi|53 3970 4042 
1032 319 gi|53 4654 4903 
1034 318 gi|53 6226 6357 
1036 252 gi|53 9490 9564 
1038 766 gi|53 21835 21940 
1040 817 gi|53 21836 21940 
1042 863 gi|53 21837 21966 
1044 419 gi|53 24734 24990 
1046 290 gi|53 24746 25002 
1048 285 gi|53 24865 25002 
1050 327 gi|53 24888 25000 
427 552 gi|53 25109 25297 
1052 1248 gi|53 25123 25500 
1054 815 gi|53 25128 25527 
1056 442 gi|53 25128 25326 
1058 1356 gi|53 25129 25529 
1060 1158 gi|53 25130 25475 
1062 1007 gi|53 25225 25526 
1064 475 gi|53 25263 25527 
1066 523 gi|53 25274 25403 
1068 267 gi|53 25285 25356 
1070 837 gi|53 25298 25525 
1072 394 gi|53 25431 25527 
1074 324 gi|53 33056 33119 
1024 366 gi|54 28265 28534 
1026 521 gi|54 28300 28654 
1076 316 gi|55 22062 22314 
1078 353 gi|55 22111 22327 
1080 331 gi|55 22624 22727 
1082 1979 gi|55 22716 23242 
1084 851 gi|55 23259 23454 
1086 2272 gi|55 23445 24206 
1088 318 gi|55 24244 24312 
1090 313 gi|55 24244 24312 
1092 275 gi|55 24353 24401 
1094 275 gi|55 33752 33898 
1096 490 gi|55 34093 34285 
1098 495 gi|55 34119 34253 
1100 352 gi|55 34603 34719 
1190 701 gi|56 5641 5993 
1192 1492 gi|56 5688 5998 
1194 459 gi|56 5855 6002 
1196 267 gi|56 29857 30011 
1198 6233 gi|56 36107 37926 
1200 276 gi|56 38469 38627 
1266 326 gi|57 31753 31898 
1268 927 gi|57 31958 32114 
1270 470 gi|57 32102 32213 
1272 382 gi|57 32105 32208 
469 508 gi|57 32114 32213 
1274 572 gi|57 33144 33262 
415 543 gi|57 33144 33260 
1047 290 gi|58 15401 15659 
1254 354 gi|58 15402 15690 
1256 296 gi|58 15504 15649 
1258 300 gi|58 15508 15646 
1260 398 gi|58 15513 15656 
1262 258 gi|58 15523 15686 
1210 430 gi|59 13409 13514 
1212 390 gi|59 13409 13464 
1214 268 gi|59 13418 13452 
1216 294 gi|59 25395 25483 
743 2076 gi|59 39542 39867 
1218 421 gi|59 39844 39976 
1049 285 gi|59 39845 39987 
1259 300 gi|59 39850 39998 
1220 326 gi|59 39850 39983 
747 392 gi|59 39850 39942 
1222 456 gi|59 39857 39997 
1224 467 gi|59 39866 39972 
682 252 gi|6 18855 18898 
684 955 gi|6 26773 26883 
686 917 gi|6 26774 26880 
688 931 gi|6 26776 26883 
1110 290 gi|60 18440 18870 
1112 472 gi|60 37887 38127 
1071 837 gi|60 37901 38125 
1114 277 gi|60 37901 37989 
1116 965 gi|60 37918 38132 
1118 638 gi|60 37918 38125 
1120 440 gi|60 37918 38112 
1122 368 gi|60 37923 38140 
1124 629 gi|60 37945 38125 
1126 575 gi|60 37954 38122 
1128 532 gi|60 38027 38127 
851 617 gi|61 23396 23510 
1202 624 gi|61 23399 23483 
1204 572 gi|61 23405 23485 
547 271 gi|61 34769 34888 
904 268 gi|62 8229 8341 
906 15598 gi|62 10649 12416 
211 14594 gi|62 10796 12416 
609 290 gi|62 11787 12221 
908 275 gi|62 13900 14034 
910 285 gi|62 14348 14591 
912 22414 gi|62 15914 18528 
914 254 gi|62 16496 16620 
916 295 gi|62 16499 16738 
918 286 gi|62 17395 17486 
920 413 gi|62 18895 18985 
922 722 gi|62 20500 20645 
924 369 gi|62 20529 20664 
926 1146 gi|62 20793 21005 
928 4639 gi|62 20938 21643 
930 1403 gi|62 21404 21643 
932 277 gi|62 22785 22847 
940 293 gi|62 23163 23294 
934 373 gi|62 23163 23280 
938 277 gi|62 23163 23280 
936 338 gi|62 23163 23276 
942 352 gi|62 23407 23523 
944 398 gi|62 23410 23523 
946 407 gi|62 23995 24234 
948 300 gi|62 24143 24242 
950 358 gi|62 24151 24275 
952 261 gi|62 24495 24591 
954 516 gi|62 24985 25154 
231 469 gi|62 26931 27508 
956 455 gi|62 27173 27508 
239 273 gi|62 27722 27798 
958 437 gi|62 27725 27920 
960 534 gi|62 28110 28401 
962 277 gi|62 28517 28616 
1180 254 gi|63 17620 17721 
1182 444 gi|63 34557 34772 
1184 1441 gi|63 34911 35833 
1186 379 gi|63 36578 36852 
1188 1171 gi|63 36888 37822 
819 475 gi|64 20902 21004 
1206 773 gi|64 21246 21338 
1208 276 gi|64 35616 35736 
1132 1796 gi|65 1 831 
1134 1189 gi|65 1 409 
1136 778 gi|65 1 359 
1138 771 gi|65 12427 12538 
1041 817 gi|65 12427 12534 
1140 623 gi|65 15618 15860 
1235 278 gi|65 15896 16032 
1142 472 gi|65 16052 16300 
1144 362 gi|65 16731 16943 
1146 257 gi|65 18402 18512 
1148 251 gi|65 18414 18506 
1150 265 gi|65 18458 18714 
1152 352 gi|65 18483 18656 
1154 300 gi|65 19045 19123 
1156 460 gi|65 19051 19549 
1158 284 gi|65 19388 19430 
569 804 gi|65 26886 27014 
1043 863 gi|65 33584 33715 
1160 789 gi|65 33613 33717 
1334 1685 gi|66 5872 7166 
1336 482 gi|66 6241 6592 
1153 352 gi|66 6408 6581 
1338 321 gi|66 6802 6861 
1340 286 gi|66 7485 7637 
1342 1953 gi|66 8383 9742 
1344 254 gi|66 19267 19460 
1346 7731 gi|66 27628 28956 
1348 4234 gi|66 27629 28569 
1350 1378 gi|66 29620 29856 
1352 386 gi|66 29874 29963 
1354 351 gi|66 29886 29963 
1356 660 gi|66 29900 30033 
149 681 gi|66 29934 30033 
281 822 gi|66 29940 30109 
1358 702 gi|66 29942 30033 
1360 789 gi|66 29946 30109 
1366 675 gi|66 29946 30109 
167 810 gi|66 29946 30109 
1362 684 gi|66 29946 30033 
1364 700 gi|66 29946 30033 
331 714 gi|66 29946 30033 
1368 335 gi|66 29989 30109 
1284 1444 gi|67 8601 8980 
1286 2939 gi|67 9049 10089 
1357 660 gi|67 25009 25137 
327 2966 gi|67 25038 25436 
1288 2886 gi|67 25038 25435 
1290 3087 gi|67 25039 25436 
159 774 gi|67 25041 25166 
147 2478 gi|67 25046 25436 
277 1001 gi|67 25046 25166 
1292 770 gi|67 25048 25152 
1294 406 gi|67 25102 25149 
295 1945 gi|67 25221 25436 
1296 1641 gi|67 25222 25436 
1298 1757 gi|67 25222 25436 
175 1206 gi|67 25241 25445 
1300 349 gi|67 25369 25430 
127 259 gi|67 25501 25924 
1304 4317 gi|67 28411 28913 
155 3313 gi|67 28411 28913 
325 3786 gi|67 28411 28913 
1302 993 gi|67 28411 28535 
1306 3704 gi|67 28415 28911 
137 3859 gi|67 28421 28913 
285 4395 gi|67 28421 28910 
1361 789 gi|67 28423 28594 
1308 3566 gi|67 28475 28910 
1310 3632 gi|67 28526 28911 
1312 1176 gi|67 28674 28890 
125 275 gi|67 29070 29493 
1316 4414 gi|67 31908 32492 
323 4454 gi|67 31908 32492 
1314 4683 gi|67 31908 32489 
157 792 gi|67 31908 32036 
1318 802 gi|67 31912 32022 
143 3946 gi|67 31918 32475 
287 998 gi|67 31918 32036 
1363 684 gi|67 31920 32007 
1320 406 gi|67 31972 32019 
293 3465 gi|67 32091 32477 
1322 3143 gi|67 32092 32477 
1324 3330 gi|67 32092 32477 
173 2560 gi|67 32111 32469 
1326 1176 gi|67 32239 32455 
1328 3110 gi|67 33111 34214 
1330 4221 gi|67 34255 35556 
1332 798 gi|67 36474 36604 
1162 299 gi|68 2996 3135 
799 296 gi|68 3006 3077 
1164 981 gi|68 3243 3352 
1166 3322 gi|68 12062 12477 
131 3188 gi|68 12074 12508 
291 3522 gi|68 12083 12502 
1168 3290 gi|68 12086 12508 
1325 3330 gi|68 12088 12477 
1170 3382 gi|68 12090 12508 
1309 3566 gi|68 12090 12502 
337 3203 gi|68 12090 12477 
169 2778 gi|68 12096 12508 
1172 1153 gi|68 12110 12326 
1299 1757 gi|68 12259 12477 
1369 335 gi|68 12406 12508 
333 502 gi|68 12432 12508 
1174 410 gi|68 12455 12502 
1295 406 gi|68 12455 12502 
1321 406 gi|68 12455 12502 
1264 302 gi|69 36292 36444 
488 273 gi|7 5858 5894 
490 568 gi|7 6136 6455 
492 276 gi|7 6138 6277 
494 374 gi|7 6173 6461 
496 353 gi|7 6270 6474 
498 697 gi|7 9427 9543 
500 595 gi|7 9647 9756 
502 441 gi|7 28921 29177 
504 4973 gi|7 28922 29456 
506 313 gi|7 28925 29177 
508 4369 gi|7 28926 29459 
697 273 gi|70 7585 7636 
1276 263 gi|70 7590 7636 
69 547 gi|70 10270 10338 
1278 659 gi|70 10439 10646 
1280 6503 gi|70 10499 12234 
1282 484 gi|70 11930 12110 
565 250 gi|70 21526 21597 
1370 571 gi|71 8 208 
1372 530 gi|71 8 208 
1111 290 gi|71 3086 3536 
1374 451 gi|71 5333 5518 
1137 778 gi|71 8397 8767 
1376 1149 gi|71 8404 9225 
1378 1409 gi|71 8410 8970 
1380 250 gi|71 8622 8687 
1382 319 gi|71 9146 9225 
1384 302 gi|71 9917 10002 
1386 391 gi|71 10382 10504 
541 252 gi|71 10777 10882 
483 277 gi|71 35376 35581 
905 268 gi|71 38904 39003 
1388 283 gi|73 21458 21541 
1390 607 gi|73 33909 34256 
533 253 gi|73 34137 34305 
1392 453 gi|73 35229 35410 
1394 281 gi|74 4253 4517 
1396 277 gi|74 10429 10462 
43 819 gi|74 12218 12361 
91 552 gi|74 12227 12320 
1398 618 gi|74 12849 12973 
1400 765 gi|74 13830 13944 
1402 4038 gi|74 14120 14976 
1404 1044 gi|74 15008 15526 
1406 3332 gi|74 15113 15654 
1408 297 gi|74 17561 17680 
753 367 gi|74 22766 22812 
251 4572 gi|74 22767 23309 
185 4685 gi|74 22769 23312 
1410 742 gi|74 22769 23309 
1251 257 gi|74 23156 23309 
1412 536 gi|74 24897 25092 
1416 712 gi|74 24904 25078 
1414 716 gi|74 24904 25072 
583 857 gi|74 24913 25077 
1418 473 gi|74 24969 25072 
703 463 gi|74 24969 25072 
1420 482 gi|74 24999 25073 
1243 259 gi|74 25000 25046 
1422 274 gi|74 25008 25072 
1424 832 gi|74 30470 30603 
1426 814 gi|74 30470 30603 
1428 768 gi|74 30470 30603 
423 831 gi|74 30479 30603 
1430 278 gi|75 23202 23391 
1432 285 gi|76 6087 6201 
1391 607 gi|76 7116 7460 
531 309 gi|76 7344 7501 
1434 272 gi|76 7381 7459 
1393 453 gi|76 8558 8735 
49 342 gi|76 38221 38339 
1454 261 gi|77 21076 21165 
459 18497 gi|77 22805 25093 
1456 4410 gi|77 22829 23705 
1271 470 gi|77 23104 23221 
463 267 gi|77 24166 24202 
107 557 gi|77 24246 24412 
441 2929 gi|77 25070 25425 
1458 1002 gi|77 25116 25364 
1460 969 gi|77 25171 25407 
1462 361 gi|77 25236 25395 
487 351 gi|77 32271 32449 
485 339 gi|77 32619 32774 
359 252 gi|77 39845 39894 
1510 16140 gi|78 3626 6047 
1512 257 gi|78 3900 4037 
1514 1198 gi|78 4954 5893 
1516 664 gi|78 4954 5392 
1518 706 gi|78 5300 5893 
1520 282 gi|78 5465 5781 
1522 393 gi|78 5875 6017 
1524 291 gi|78 6048 6087 
1526 1129 gi|78 15693 15826 
1029 251 gi|78 17083 17169 
1528 329 gi|78 19608 19784 
1387 391 gi|78 19611 19718 
1530 259 gi|78 24017 24146 
1532 327 gi|78 29230 29313 
709 269 gi|78 29230 29313 
1421 482 gi|78 29237 29310 
595 344 gi|78 29238 29305 
1534 362 gi|78 29238 29302 
1241 288 gi|78 29255 29309 
1035 318 gi|78 37212 37346 
1608 597 gi|79 4772 4876 
1610 1340 gi|79 4890 5075 
1612 622 gi|79 5061 5152 
1614 335 gi|79 5482 5522 
1616 1221 gi|79 5813 6444 
1618 388 gi|79 6180 6422 
1620 332 gi|79 6196 6425 
825 299 gi|79 6204 6422 
1622 5946 gi|79 6480 7227 
1624 388 gi|79 6480 6802 
1626 614 gi|79 8014 8113 
1628 284 gi|79 8112 8148 
1630 644 gi|79 17551 17741 
749 252 gi|79 18769 18914 
1632 607 gi|79 40124 40285 
612 277 gi|8 8316 8479 
614 930 gi|8 17967 18197 
616 260 gi|8 17969 18011 
618 883 gi|8 17970 18205 
622 823 gi|8 17973 18239 
620 887 gi|8 17973 18163 
624 346 gi|8 17977 18107 
626 376 gi|8 18025 18123 
628 261 gi|8 18117 18185 
630 294 gi|8 18157 18238 
632 1100 gi|8 19051 19311 
634 280 gi|8 19870 19922 
636 457 gi|8 19930 20141 
638 455 gi|8 20011 20145 
640 524 gi|8 20015 20156 
642 311 gi|8 20036 20123 
644 362 gi|8 20131 20304 
646 723 gi|8 20148 20813 
648 305 gi|8 24096 24170 
650 264 gi|8 28953 29072 
652 456 gi|8 29004 29402 
654 251 gi|8 29264 29396 
656 475 gi|8 29645 30115 
658 390 gi|8 29865 29957 
660 447 gi|8 36919 37377 
1037 252 gi|80 20066 20144 
1650 399 gi|81 13461 13645 
1652 414 gi|81 13468 13611 
477 364 gi|81 39364 39440 
195 316 gi|82 5874 6071 
197 1193 gi|82 6544 7279 
779 5505 gi|83 7942 8616 
1654 891 gi|83 7942 8172 
1656 432 gi|83 7942 8012 
1658 956 gi|83 7943 8172 
1660 687 gi|83 7950 8154 
1662 627 gi|83 7953 8178 
1664 1090 gi|83 7970 8164 
1666 505 gi|83 7993 8148 
1668 1402 gi|83 14028 14454 
1670 748 gi|83 14408 14707 
1672 1062 gi|83 14465 14717 
781 1816 gi|83 14485 14718 
1674 907 gi|83 14489 14718 
1676 1126 gi|83 14495 14690 
1678 503 gi|83 14498 14667 
1680 687 gi|83 14506 14710 
1682 432 gi|83 14648 14718 
205 601 gi|83 32197 32468 
207 576 gi|83 32466 32826 
199 295 gi|84 5888 6200 
1165 981 gi|84 31463 31572 
1464 3766 gi|85 128 538 
1466 318 gi|85 142 183 
1468 356 gi|85 142 183 
1470 329 gi|85 228 494 
1472 429 gi|85 1936 2348 
1474 315 gi|85 5933 6015 
1189 1171 gi|85 8685 9694 
1185 1441 gi|85 8685 9670 
1187 379 gi|85 9803 10090 
1183 444 gi|85 9883 10091 
1476 1777 gi|85 14521 14764 
931 1403 gi|85 14522 14763 
1478 1950 gi|85 14857 15081 
1480 1149 gi|85 15077 15509 
1482 535 gi|85 15261 15506 
1484 1948 gi|85 16301 17004 
1486 326 gi|85 16562 16733 
1488 2563 gi|85 17016 17332 
1492 1466 gi|85 17433 17624 
1490 648 gi|85 17433 17511 
1494 689 gi|85 17433 17511 
1496 1959 gi|85 18067 18315 
1498 19018 gi|85 21223 24787 
1500 276 gi|85 24327 24552 
1502 341 gi|85 24394 24558 
1504 2015 gi|85 25679 26201 
1506 291 gi|85 26837 27059 
1508 1290 gi|85 27173 27782 
1436 339 gi|86 1 303 
1438 294 gi|86 673 737 
495 374 gi|86 15827 16087 
381 319 gi|86 18314 18420 
1440 4245 gi|86 18878 19371 
1442 798 gi|86 19380 19487 
1407 3332 gi|86 21928 22451 
1444 619 gi|86 22025 22450 
1401 765 gi|86 23172 23289 
47 374 gi|86 23300 23381 
1446 555 gi|86 25334 25422 
1448 534 gi|86 25334 25422 
1450 517 gi|86 25334 25422 
1452 432 gi|86 25334 25402 
1814 623 gi|87 8198 8456 
1263 258 gi|87 8206 8390 
1816 461 gi|87 8245 8408 
1221 326 gi|87 8251 8390 
1818 258 gi|87 8271 8353 
1820 287 gi|87 28039 28104 
1806 448 gi|88 677 818 
1457 4410 gi|88 1023 1987 
467 3271 gi|88 1023 1711 
1273 382 gi|88 1334 1448 
1808 295 gi|88 1695 1762 
1810 346 gi|88 1707 1762 
1812 312 gi|88 1708 1762 
465 1634 gi|88 1758 1987 
1634 302 gi|89 5 91 
1636 319 gi|89 22249 22460 
1638 317 gi|89 23009 23082 
1640 402 gi|89 23018 23242 
1642 268 gi|89 29036 29108 
1644 277 gi|89 30953 31048 
1646 275 gi|89 31365 31538 
1648 1040 gi|89 35968 36096 
358 252 gi|9 1197 1252 
360 260 gi|9 2210 2281 
362 305 gi|9 13807 14310 
364 351 gi|9 14149 14649 
366 263 gi|9 14149 14342 
368 371 gi|9 14269 14823 
370 402 gi|9 14283 14731 
372 381 gi|9 14302 14715 
374 251 gi|9 14376 14832 
376 271 gi|9 14439 14774 
378 258 gi|9 14596 14756 
380 319 gi|9 14614 14731 
1722 2973 gi|90 18480 19288 
1724 269 gi|90 18639 18825 
1726 2116 gi|90 18757 19194 
1728 325 gi|90 18836 18982 
1730 1502 gi|90 18871 19281 
1732 364 gi|90 25269 25383 
1649 1040 gi|91 12654 12784 
1790 530 gi|91 18980 19077 
1788 570 gi|91 18980 19076 
1013 375 gi|91 19002 19076 
1792 362 gi|91 19150 19217 
1794 408 gi|91 19849 19953 
1796 307 gi|91 22815 22890 
1798 982 gi|91 26826 26986 
879 255 gi|91 26837 26905 
1708 1017 gi|92 8689 8843 
1710 975 gi|92 8717 8843 
1381 250 gi|92 11373 11444 
1712 419 gi|92 18895 19065 
1714 291 gi|92 29810 29950 
1716 250 gi|92 29868 29961 
655 251 gi|92 29877 30045 
651 264 gi|92 30298 30417 
1718 286 gi|92 30310 30433 
1720 251 gi|92 30313 30363 
601 299 gi|93 8471 8516 
567 384 gi|93 18654 18859 
1800 311 gi|94 16520 16617 
1802 311 gi|94 16520 16617 
1804 298 gi|94 16520 16617 
1822 266 gi|95 5170 5217 
1824 271 gi|95 9633 9765 
1826 268 gi|95 11520 11738 
1828 253 gi|95 13916 14005 
579 288 gi|95 21905 22119 
1279 659 gi|96 1384 1588 
1536 494 gi|96 1481 1588 
1283 484 gi|96 1587 1773 
1538 252 gi|96 1595 1759 
1540 740 gi|96 7216 7304 
1542 1457 gi|96 8913 9912 
575 2834 gi|96 8928 9323 
571 395 gi|96 10713 10888 
1544 253 gi|96 13297 13405 
1546 5371 gi|96 18492 19339 
1 617 gi|97 16085 16219 
3 4318 gi|97 16221 17124 
1548 456 gi|97 16463 17135 
5 3344 gi|97 17123 17960 
7 17999 gi|97 17948 21143 
305 330 gi|97 19642 19775 
301 356 gi|97 21743 22042 
1550 254 gi|97 24844 24949 
227 294 gi|97 26021 26107 
235 283 gi|97 26477 26655 
957 455 gi|97 26479 26777 
1552 431 gi|97 26720 27196 
237 606 gi|97 26721 27017 
959 437 gi|97 26837 27019 
241 840 gi|97 27375 28233 
961 534 gi|97 27385 27727 
1554 423 gi|97 27405 27972 
963 277 gi|97 27886 27987 
9 6157 gi|97 29655 31650 
303 376 gi|97 31030 31175 
1217 294 gi|97 35335 35420 
1556 309 gi|97 36418 36509 
1736 532 gi|98 8634 8788 
1734 271 gi|98 8634 8726 
1738 325 gi|98 8637 8710 
1740 614 gi|98 8639 8788 
1742 374 gi|98 8647 8807 
1744 288 gi|98 8713 8961 
1746 667 gi|98 8899 9092 
1748 632 gi|98 8924 9087 
1750 706 gi|98 8939 9082 
987 326 gi|98 8970 9086 
1752 262 gi|98 10911 10969 
1479 1950 gi|98 20003 20224 
561 768 gi|98 20419 20607 
563 1279 gi|98 20599 20880 
1754 262 gi|98 20784 20988 
1758 298 gi|98 21102 21173 
1756 382 gi|98 21102 21165 
1760 302 gi|98 21129 21316 
1762 397 gi|98 21187 21303 
1764 458 gi|98 21191 21316 
1766 1709 gi|98 31679 32195 
1007 1947 gi|98 31820 32208 
1768 276 gi|98 35167 35215 
1770 1125 gi|98 39214 39616 
