#  fam    ele   dir  sequence    start     end
     1      1  1       gi|1     1464     1603 
     1   1481  1     gi|131    17824    17962 
     1      2 -1       gi|1     1671     1808 
     1      7  1       gi|1    20419    20531 
     1   1482 -1       gi|1    31387    31481 
     2      3  1       gi|1     1968     2129 
     2    834  1     gi|214    31230    31632 
     2    349 -1     gi|140    29530    29900 
     2    952  1      gi|26    15700    16063 
     2   1366 -1      gi|84    24108    24155 
     2   1365 -1      gi|84    24016    24115 
     2   1241  1      gi|68    20847    20917 
     3      4  1       gi|1     3877     3906 
     3   1040 -1      gi|36    23660    23753 
     3    556 -1     gi|167    34007    34770 
     3    395 -1     gi|148    35795    36516 
     4      5  1       gi|1    13053    13547 
     4    934 -1      gi|24    30713    31159 
     5      6  1       gi|1    14151    14294 
     5    933 -1      gi|24    29991    30134 
     6      9  1       gi|1    39224    39293 
     6   1434  1      gi|94    34145    34215 
     7     10  1      gi|10    22962    23080 
     7    320 -1     gi|138    15032    15150 
     8     11  1      gi|10    35696    35890 
     8    288  1     gi|131    14911    15000 
     8    916 -1     gi|229    17437    17705 
     8   1176  1      gi|58     6821     7102 
     9     12  1      gi|10    35998    36059 
     9   1148  1      gi|52    29911    29972 
    10     13  1     gi|100     3915     3973 
    10    587 -1     gi|171    14686    14742 
    11     14  1     gi|101    14278    14433 
    11   1126  1       gi|5    38991    39141 
    12     15  1     gi|101    32053    32281 
    12   1363 -1      gi|84     6434     7367 
    12    330 -1      gi|14    24016    25041 
    13     16  1     gi|101    34058    34246 
    13    382  1     gi|146    29226    29411 
    14     17  1     gi|102     7169     7325 
    14   1125 -1      gi|49    36632    36786 
    15     18  1     gi|102    13063    13285 
    15   1478  1      gi|99    28654    28854 
    16     19  1     gi|102    13469    13541 
    16    723 -1       gi|2    13731    13862 
    16    190  1     gi|120    18829    19377 
    16   1024  1      gi|34    13625    14164 
    16   1262  1       gi|7    21696    22268 
    16    161  1     gi|119     8657     8938 
    16    159  1     gi|119     6855     7114 
    16   1272  1      gi|74     1054     1173 
    17     20  1     gi|102    19997    20080 
    17   1101  1      gi|45    14725    14804 
    18     21  1     gi|102    39352    39529 
    18   1167 -1      gi|56    32206    32468 
    18    692  1     gi|195    25539    25781 
    19     22  1     gi|103     3222     3347 
    19   1181 -1      gi|58    18073    18180 
    20     23  1     gi|103    22048    22137 
    20    193 -1     gi|121    10618    10859 
    20    287 -1     gi|131    11409    11557 
    20    673 -1     gi|191    34505    34643 
    20   1015 -1      gi|30     5620     5716 
    20   1106  1      gi|46    34800    34884 
    20   1292 -1      gi|77    31733    31856 
    20   1439 -1      gi|95    34976    35141 
    21     24  1     gi|103    29094    29168 
    21   1104  1      gi|46    31223    31294 
    22     25  1     gi|103    31972    32153 
    22    809 -1      gi|21     9007     9168 
    23     26  1     gi|104    18408    18531 
    23   1022  1      gi|33     3281     3396 
    24     27  1     gi|105     7358     8190 
    24   1029 -1      gi|35     4261     5162 
    25     28  1     gi|106    13285    13553 
    25    212 -1     gi|124    17188    17329 
    25   1403 -1      gi|89     9659    10023 
    25    720  1       gi|2    12471    12614 
    25    210 -1     gi|124    16973    17034 
    26     29  1     gi|106    13925    14015 
    26    453  1     gi|157    23124    23190 
    26    525  1     gi|166    13027    13116 
    27     31  1     gi|106    14652    15096 
    27   1462 -1      gi|98    15077    15511 
    27   1474 -1      gi|99    25932    26300 
    27   1382  1      gi|85    37091    37379 
    28     32  1     gi|106    15072    15207 
    28   1473 -1      gi|99    25205    25338 
    29     33  1     gi|106    15509    15596 
    29   1118 -1      gi|47    31623    31708 
    30     34  1     gi|106    25390    25496 
    30    757 -1     gi|203    31510    31616 
    31     35  1     gi|106    25488    26017 
    31    756 -1     gi|203    30944    31453 
    32     36  1     gi|106    26044    26813 
    33     37  1     gi|106    31165    31256 
    33   1289  1      gi|77     9257     9334 
    34     38  1     gi|107     2842     4352 
    34    557  1     gi|167    35001    35287 
    34    743  1     gi|201     5616     6970 
    34   1485  1     gi|127    33609    34930 
    34   1486 -1      gi|13     8065     9494 
    34    543  1     gi|167    15636    16284 
    34    744  1     gi|201     7570     7728 
    35     39  1     gi|107     5099     5203 
    35    257 -1      gi|13     7520     7621 
    35    271 -1      gi|13    17886    17989 
    35    275  1      gi|13    20308    20410 
    35    415 -1     gi|151    30800    30903 
    35    745  1     gi|201     9254     9356 
    35   1301 -1      gi|79    37839    37915 
    36     40  1     gi|107    10739    10842 
    36    417 -1     gi|151    33247    33350 
    37     41  1     gi|107    11671    11832 
    37    454 -1     gi|157    23303    23466 
    37   1049  1      gi|39     6692     6849 
    37    244 -1     gi|129    37456    37568 
    37    471  1     gi|159    29115    29213 
    38     42  1     gi|107    11957    12125 
    38    419  1     gi|151    37516    37683 
    39     43  1     gi|107    12166    12508 
    39    228  1     gi|128    10666    11067 
    39    719  1       gi|2     2483     2565 
    39   1278  1      gi|74    39530    39674 
    40     44  1     gi|107    12553    12639 
    40   1470  1      gi|99    22602    22689 
    41     45  1     gi|107    18620    18869 
    41   1182  1      gi|58    19393    19514 
    41   1294  1      gi|78     6188     6388 
    42     46  1     gi|108    26015    26347 
    42   1356  1      gi|82    38082    38186 
    42   1443 -1      gi|96    19585    19886 
    42   1444  1      gi|96    19904    20012 
    42    219 -1     gi|127    21940    22058 
    42    477  1      gi|16    34320    34387 
    43     47  1     gi|108    27338    27447 
    43    833  1     gi|214     7110     7228 
    44     48  1     gi|108    32303    32482 
    44    234  1     gi|128    30190    30365 
    45     49  1     gi|108    32894    33025 
    45    235 -1     gi|128    35746    35892 
    45    509  1     gi|164    37795    37936 
    45    664  1     gi|190    13394    13516 
    46     50  1     gi|108    38400    38488 
    46   1411 -1      gi|90    12756    12848 
    47     51  1     gi|109     3906     3982 
    47    429  1     gi|154     4874     4950 
    48     52  1     gi|109     4162     4265 
    48    430  1     gi|154     5195     5290 
    48    431 -1     gi|154     8649     8747 
    49     53  1     gi|109    15715    15761 
    49   1027  1      gi|35      165      214 
    50     54  1     gi|109    37978    38033 
    50   1428  1      gi|92    38468    38534 
    51     55  1     gi|109    40543    40627 
    51    352 -1     gi|141    31409    31474 
    51    663 -1     gi|190     8320     8380 
    52     56  1      gi|11       19       83 
    52   1304 -1       gi|8     1116     1391 
    52    152 -1     gi|119      122      342 
    52    156 -1     gi|119     3762     4038 
    52   1308 -1       gi|8     6377     6651 
    53     57  1     gi|110    17304    17624 
    53    478  1     gi|160     9255    10706 
    53    710 -1     gi|198    35100    36545 
    54     58  1     gi|110    18604    19187 
    54    702 -1     gi|197    10769    11052 
    54    703 -1     gi|197    11136    11329 
    54   1019  1      gi|32    36267    36608 
    54   1172  1      gi|57    11326    11651 
    54   1020  1      gi|32    36601    36759 
    55     59  1     gi|110    19274    19656 
    55    701 -1     gi|197    10203    10535 
    56     60  1     gi|110    20158    20260 
    56   1423 -1      gi|91    31891    31987 
    57     61  1     gi|110    20302    20396 
    57    293 -1     gi|131    32656    32812 
    57    400  1      gi|15     9038     9206 
    57   1429  1      gi|93    14839    14978 
    58     62  1     gi|111     6685     6770 
    58   1397  1      gi|88    21615    21708 
    59     63  1     gi|111    25520    25652 
    59    969 -1      gi|27        1      409 
    59   1119  1      gi|48        1      402 
    60     64  1     gi|111    26182    26308 
    60   1120  1      gi|48      519      700 
    61     65  1     gi|111    26376    26543 
    61   1121  1      gi|48      713      859 
    62     66  1     gi|111    33328    33810 
    62   1395 -1      gi|87    33545    34027 
    63     67  1     gi|111    34035    34816 
    63   1394 -1      gi|87    32552    33370 
    64     68  1     gi|112      151      248 
    64   1228  1      gi|67    28281    28380 
    65     69  1     gi|112      906     1060 
    65   1419  1      gi|91    21050    21209 
    66     70  1     gi|112    10675    10980 
    66   1488 -1     gi|114    28425    29959 
    66   1489  1      gi|13    23466    25004 
    66   1492 -1      gi|74    39683    39863 
    66   1493  1     gi|112    32068    32307 
    66    124 -1     gi|114    38506    39213 
    66   1491 -1      gi|68     8748     8993 
    66    532  1     gi|167     2354     2489 
    66    385 -1     gi|147    29545    29591 
    67     71  1     gi|112    11132    11319 
    67   1510 -1     gi|119    24033    24416 
    67     74  1     gi|112    17123    17441 
    67    584 -1     gi|170    38505    38855 
    67   1023 -1      gi|33    24149    24558 
    67   1511 -1      gi|35     1806     2242 
    67   1512 -1     gi|115    25202    25613 
    67   1139 -1      gi|52     1291     1375 
    67    165 -1     gi|119    14754    15031 
    67    117 -1     gi|114    31989    32042 
    67     72 -1     gi|112    11325    11546 
    68     73  1     gi|112    11548    11679 
    69     75  1     gi|112    17616    18271 
    69   1469 -1      gi|98    27173    27782 
    70     76  1     gi|112    18590    18770 
    70   1468 -1      gi|98    26837    27059 
    71     78  1     gi|112    22594    22948 
    71    160 -1     gi|119     7412     7756 
    71    162 -1     gi|119     9238     9582 
    72     79  1     gi|112    22947    23164 
    72    158 -1     gi|119     6638     6894 
    72    181 -1     gi|119    38461    38666 
    72   1269  1      gi|72        6      164 
    73     81  1     gi|112    23776    26085 
    73    303 -1     gi|136    10384    10476 
    73    846 -1     gi|216     8043     9640 
    73    989 -1      gi|29     8358     9933 
    73    990 -1      gi|29     9872    10865 
    73   1531 -1     gi|165    25313    26252 
    73    517 -1     gi|165    26475    26590 
    74     82  1     gi|112    26086    27205 
    74    575  1     gi|170     2255     3397 
    74   1309  1       gi|8     6651     6864 
    75     84  1     gi|112    29007    29822 
    75    985  1      gi|28    20307    21122 
    75   1464 -1      gi|98    17433    17624 
    76     85  1     gi|112    29810    29961 
    76    582 -1     gi|170     9597     9738 
    77     86  1     gi|112    29961    30043 
    77    986  1      gi|28    21119    21202 
    78     87  1     gi|112    30045    31044 
    78   1303 -1       gi|8      144      587 
    78   1306 -1       gi|8     3115     4098 
    78   1307 -1       gi|8     4902     5847 
    79     88  1     gi|112    31235    31441 
    79    282  1      gi|13    22436    23471 
    79    119  1     gi|114    36161    36871 
    79    535 -1     gi|167     9091     9475 
    79    547 -1     gi|167    18527    20132 
    79    118 -1     gi|114    32930    36161 
    79   1495  1     gi|119     1637     2581 
    79   1501 -1      gi|13    35895    36429 
    79   1503  1     gi|167     9430     9806 
    79   1504 -1     gi|167    20130    27386 
    79    110 -1     gi|114    17309    17871 
    79   1490 -1      gi|13    25008    35758 
    79    135  1     gi|115    25067    25203 
    79    122  1     gi|114    37105    37915 
    79    534 -1     gi|167     3623     9101 
    79   1487  1     gi|114    20739    28420 
    79   1507  1     gi|114    20147    20738 
    79    560  1     gi|167    36447    36656 
    79   1497  1     gi|119    12521    13799 
    79   1508 -1     gi|112    34304    35604 
    79   1421 -1      gi|91    29511    31299 
    79    149 -1     gi|118    29938    30109 
    79   1051  1      gi|39     7688     7797 
    79    519  1     gi|166       26      551 
    80     90  1     gi|112    33886    34073 
    80    126 -1     gi|115    13442    13626 
    81     92  1     gi|112    35789    36573 
    81    853 -1     gi|216    32845    33626 
    81   1052 -1      gi|39     8395     8656 
    82     93  1     gi|113    29556    29910 
    82   1091  1      gi|43    37567    37920 
    82    324  1     gi|139    22518    22722 
    83     94  1     gi|114        4      438 
    83    562  1     gi|167    36905    37751 
    83    263 -1      gi|13    10966    13394 
    83    112 -1     gi|114    19448    19691 
    83   1505 -1     gi|167    27703    30836 
    83   1562 -1     gi|114     8008     8893 
    84     99  1     gi|114     2862     3646 
    84   1551  1     gi|121    21706    25988 
    84   1552 -1     gi|170     4642     8897 
    84   1302  1      gi|79    37915    38234 
    85    101  1     gi|114     4344     8045 
    85    274  1      gi|13    19150    19995 
    85   1560  1      gi|13     2593     5160 
    85   1546  1     gi|114     1154     1209 
    85    109  1     gi|114    16680    17315 
    85    125 -1     gi|114    39571    39995 
    85   1547  1     gi|114     1211     2028 
    85   1567  1     gi|114    17865    18983 
    85    561 -1     gi|167    36621    36922 
    85   1548  1      gi|13    10065    10393 
    85   1545 -1      gi|13    16279    16360 
    86    104  1     gi|114     9580    10258 
    86    253  1      gi|13     6035     6624 
    86    254  1      gi|13     6638     6849 
    86    555  1     gi|167    33461    34010 
    86   1554  1      gi|13     6863     7160 
    86   1556 -1      gi|13    13934    14525 
    86   1557 -1     gi|167    18064    18523 
    86   1558 -1     gi|114     2123     2859 
    86   1566  1     gi|114    15861    16535 
    86    265 -1      gi|13    13709    13921 
    86   1543 -1     gi|167    27387    27653 
    86   1555 -1      gi|13    13396    13695 
    87    105  1     gi|114    12207    13624 
    87    538  1     gi|167    10328    11577 
    87    542 -1     gi|167    13727    15128 
    87    545  1     gi|167    17887    18065 
    87    221 -1     gi|127    33218    33270 
    88    106  1     gi|114    13773    15003 
    88    270  1      gi|13    16278    17884 
    88    541 -1     gi|167    12325    14211 
    88    252  1      gi|13     5740     6033 
    89    108  1     gi|114    16536    16641 
    89    574 -1     gi|170     1836     1942 
    90    113  1     gi|114    19674    20146 
    90   1498 -1      gi|13    10477    10972 
    90    277 -1      gi|13    20620    21181 
    90   1537 -1      gi|13    18203    18730 
    90   1541  1      gi|13    15334    15933 
    90   1542 -1     gi|167    32601    33196 
    90   1561  1      gi|13     5165     5739 
    90   1536 -1     gi|114      441     1054 
    90   1559 -1     gi|114     3646     4244 
    90   1568  1     gi|114    18991    19480 
    90   1572 -1     gi|114    37909    38504 
    90    554 -1     gi|167    33192    33488 
    90   1569  1     gi|114    36873    37049 
    90   1499 -1      gi|13    10973    11020 
    90   1540 -1      gi|13     2411     2590 
    90   1538 -1      gi|13    18734    18785 
    90   1544 -1      gi|13    15936    16278 
    90   1570 -1     gi|114    37046    37131 
    91    116  1     gi|114    29948    31171 
    91    184  1     gi|120     3726     5240 
    91    830 -1     gi|213    30884    31478 
    91    247 -1      gi|13      782     1711 
    92    127  1     gi|115    13704    14074 
    92    585 -1     gi|170    38887    39059 
    92   1287 -1      gi|76    35836    36183 
    93    128  1     gi|115    14737    14806 
    93   1573 -1     gi|204    36203    37863 
    93   1225 -1      gi|65    20535    20609 
    93   1575 -1     gi|215    20412    22047 
    93    770  1     gi|204    22313    23695 
    94    129  1     gi|115    14848    14958 
    94   1584 -1      gi|48    40389    40527 
    94    421 -1     gi|152    19923    20063 
    94   1588  1     gi|188     6878     7011 
    94   1593  1      gi|13    22064    22201 
    94   1595  1     gi|152    20867    21009 
    94    494  1     gi|163    28197    28235 
    95    130  1     gi|115    15087    15869 
    95    908 -1     gi|226     6014     6774 
    95    953 -1      gi|26    16454    16725 
    96    131  1     gi|115    20127    20259 
    96    384 -1     gi|146    34196    34754 
    96    596 -1     gi|174    10580    11140 
    97    132  1     gi|115    20234    20365 
    97    383 -1     gi|146    33918    34056 
    98    133  1     gi|115    20382    20503 
    98   1250  1      gi|69    23665    23718 
    98   1258  1       gi|7      626      730 
    98   1252 -1      gi|69    23986    24037 
    98   1596  1      gi|15    27307    27357 
    99    134  1     gi|115    24357    24893 
    99    537 -1     gi|167     9824    10331 
    99   1521  1     gi|112    23296    23775 
    99   1522 -1     gi|170     4432     4633 
    99    175  1     gi|119    33612    33786 
    99    531 -1     gi|167     2187     2352 
   100    138  1     gi|115    28939    29073 
   100   1325  1       gi|8    23163    23294 
   101    139  1     gi|115    29394    29967 
   101    709  1     gi|197    23091    23653 
   102    140  1     gi|115    39848    39909 
   102    627 -1     gi|181    39044    39105 
   103    141  1     gi|116     6597     6789 
   103    197  1     gi|121    31627    31819 
   104    142  1     gi|116    38198    38301 
   104    391 -1     gi|148    30580    30683 
   105    143  1     gi|116    39320    39377 
   105    390 -1     gi|148    28794    28851 
   106    144  1     gi|118     6408     6581 
   106    971  1      gi|27    18483    18656 
   107    145  1     gi|118    19267    19460 
   107    611  1     gi|176    38804    38997 
   108    146  1     gi|118    27628    28956 
   108    309  1     gi|137     6314     7683 
   108    997  1      gi|29    24097    25013 
   109    148  1     gi|118    29874    29963 
   109    514  1     gi|165    17893    17972 
   109    518 -1     gi|165    28734    28826 
   110    150  1     gi|118    31012    31850 
   110    945 -1      gi|25    19364    20259 
   111    151  1     gi|118    32086    32159 
   111    944 -1      gi|25    18933    19007 
   112    153  1     gi|119      356      471 
   112    982 -1      gi|28    18858    18973 
   113    155  1     gi|119     2591     2891 
   113   1305  1       gi|8     2344     2644 
   114    157  1     gi|119     5707     5778 
   114   1333 -1       gi|8    37793    37862 
   115    164  1     gi|119    13797    14324 
   115   1351  1      gi|82     6414     6948 
   116    166  1     gi|119    18833    18931 
   117    167  1     gi|119    21725    21829 
   117    898 -1     gi|224    20260    21776 
   117    294  1     gi|131    34266    35768 
   117    496 -1     gi|163    33886    34012 
   117    497 -1     gi|163    34276    34351 
   117    905 -1     gi|224    36888    37179 
   118    168  1     gi|119    23251    23567 
   118    295  1     gi|131    36202    37098 
   118    897 -1     gi|224    18943    19830 
   119    170  1     gi|119    24580    24788 
   119    862  1     gi|218     8298     8498 
   120    171  1     gi|119    25136    25408 
   120    863  1     gi|218     8857     9125 
   121    172  1     gi|119    27247    27642 
   121    850  1     gi|216    18444    18820 
   122    173  1     gi|119    31914    32716 
   122    331  1     gi|140     4169     4691 
   122   1376  1      gi|85    20922    21740 
   123    174  1     gi|119    33076    33524 
   123   1371 -1      gi|85    16356    16772 
   124    176  1     gi|119    33783    33908 
   125    177  1     gi|119    34071    34213 
   125   1318  1       gi|8    15486    15628 
   126    178  1     gi|119    34292    34437 
   126   1319  1       gi|8    15629    15768 
   127    179  1     gi|119    34996    35200 
   127   1277  1      gi|74    39292    39499 
   128    180  1     gi|119    36775    37636 
   128    346  1     gi|140    27562    27790 
   128   1324  1       gi|8    20791    21666 
   128   1460 -1      gi|98    14521    14763 
   129    182  1      gi|12     8313     8414 
   129   1357 -1      gi|83     1565     1654 
   130    183  1      gi|12    28967    29545 
   130    435  1     gi|155    18050    18135 
   130   1259  1       gi|7     4555     5046 
   130   1265  1      gi|71    13409    13514 
   130   1353  1      gi|82    16476    16616 
   131    185  1     gi|120    14670    15073 
   131    379  1     gi|145    10397    10787 
   132    186  1     gi|120    16179    16248 
   132    683 -1     gi|193    22144    23535 
   132   1141 -1      gi|52    13495    14868 
   132    686  1     gi|194     4723     4896 
   133    187  1     gi|120    17946    18163 
   133    359 -1     gi|141    38568    38791 
   134    188  1     gi|120    18119    18477 
   134   1602  1     gi|127     5852     6500 
   134    647 -1     gi|186    32687    33150 
   134   1413 -1      gi|90    28145    28305 
   134   1112 -1      gi|47    23987    24285 
   134    375 -1     gi|145     4461     4626 
   134   1075 -1      gi|41    35030    35173 
   135    189  1     gi|120    18448    18739 
   135    522  1     gi|166     1307     1840 
   135   1603 -1     gi|186    32107    32721 
   135   1430 -1      gi|93    16940    17779 
   135    831  1     gi|213    32417    32952 
   135    530 -1     gi|166    24599    24934 
   135   1404 -1      gi|89    36077    36376 
   135   1604 -1     gi|186    32723    32877 
   135    700 -1     gi|197     9208     9529 
   135   1431 -1      gi|93    17780    17931 
   135    372 -1     gi|145      418      634 
   135   1063  1      gi|41    17501    17588 
   136    191  1     gi|120    28594    28715 
   136    629 -1     gi|182    15243    15358 
   137    192  1     gi|121     9845    10500 
   138    194  1     gi|121    10766    11119 
   138   1105 -1      gi|46    33947    34328 
   139    196  1     gi|121    25990    26233 
   139    579 -1     gi|170     4206     4433 
   140    198  1     gi|122     4725     4876 
   140   1169 -1      gi|56    32697    32974 
   140    726  1       gi|2    21962    22052 
   141    199  1     gi|122     5246     5587 
   141    487  1     gi|163    14311    14631 
   142    200  1     gi|122     5762     6932 
   142    488  1     gi|163    14866    16031 
   143    201  1     gi|122     7051     7518 
   143    489  1     gi|163    16163    16621 
   144    202  1     gi|122    19164    19239 
   144    563 -1     gi|168      369      454 
   145    203  1     gi|123        1      164 
   145    973 -1      gi|28        1      166 
   146    204  1     gi|123     1403     2466 
   146    502 -1     gi|163    38710    39993 
   146    955 -1      gi|26    17703    18359 
   147    205  1     gi|123     3124     3241 
   147   1315  1       gi|8    13193    13312 
   148    206  1     gi|123     3663     3847 
   148   1316  1       gi|8    13772    13956 
   149    207  1     gi|123     4200     4582 
   149    241 -1     gi|129    33152    33553 
   149    504 -1     gi|163    40493    40543 
   149    896 -1     gi|224    18335    18655 
   150    208  1     gi|124    16487    16702 
   150    717  1       gi|2      630     1362 
   150   1234  1      gi|67    38566    39334 
   151    209  1     gi|124    16708    16975 
   151    227  1     gi|128    10471    10788 
   151    722 -1       gi|2    13517    13709 
   152    211  1     gi|124    17100    17198 
   152    960 -1      gi|26    25221    25378 
   152    681 -1     gi|193    19893    20051 
   152   1053  1      gi|39    30163    30228 
   153    213  1     gi|124    24315    24417 
   153   1605 -1     gi|224     7326     7477 
   153    761  1     gi|204     8799     8886 
   153   1607  1       gi|7    32246    32513 
   153    651 -1     gi|187    21679    21811 
   153   1441  1      gi|96     7447     7701 
   153   1606 -1     gi|224     7479     7512 
   153   1634  1     gi|204     2461     2714 
   154    214  1     gi|124    24476    24592 
   154    894 -1     gi|224     7118     7234 
   155    215  1     gi|127     1147     1290 
   155    688 -1     gi|195    11858    12002 
   156    217  1     gi|127     6563     6906 
   156    378 -1     gi|145     9596    10386 
   156    521 -1     gi|166      782     1183 
   156    529 -1     gi|166    23615    24361 
   157    218  1     gi|127    21523    21621 
   157    694 -1     gi|196     9153     9272 
   157   1454 -1      gi|97    19972    20034 
   158    220  1     gi|127    26828    27195 
   158    915 -1     gi|228     1487     1854 
   159    223  1     gi|128     2713     2958 
   159   1031 -1      gi|35    30072    30318 
   160    224  1     gi|128     9453     9723 
   160    716  1       gi|2      265      599 
   160    935 -1      gi|24    37155    37280 
   160   1392  1      gi|87     8241     8503 
   161    225  1     gi|128     9803    10029 
   161   1233  1      gi|67    38456    38661 
   162    226  1     gi|128    10033    10094 
   162   1238  1      gi|67    39960    40043 
   162    658  1      gi|19    33835    33925 
   163    229  1     gi|128    13427    13509 
   163   1189 -1      gi|59    29079    29170 
   163    623 -1     gi|180    21550    21590 
   164    230  1     gi|128    13611    15246 
   164   1385  1      gi|86    15100    16290 
   165    231  1     gi|128    17508    17823 
   165    360  1     gi|142    14170    14200 
   165    361 -1     gi|142    15024    15192 
   165    811  1      gi|21    26250    26416 
   165   1193  1      gi|60    25492    25713 
   165   1461  1      gi|98    14761    15078 
   165    347 -1     gi|140    27810    27920 
   166    232  1     gi|128    18014    18165 
   166   1194  1      gi|60    25705    25856 
   167    236  1     gi|129       50      228 
   167    732 -1       gi|2    29757    29938 
   168    237  1     gi|129      318      592 
   168    731 -1       gi|2    29336    29604 
   169    238  1     gi|129      656      742 
   169    730 -1       gi|2    29253    29339 
   170    239  1     gi|129    15713    15859 
   170    298 -1     gi|135    32843    32990 
   171    240  1     gi|129    29752    29805 
   171    640  1     gi|186    10951    11107 
   171   1273 -1      gi|74     7487     7645 
   172    242  1     gi|129    35920    36267 
   172   1321 -1       gi|8    16994    17348 
   172   1043 -1      gi|36    39164    39244 
   173    243  1     gi|129    37037    37206 
   173    724 -1       gi|2    13882    14141 
   173    826  1     gi|213     1086     1295 
   173    950  1      gi|26    10533    10711 
   173   1230 -1      gi|67    30546    30697 
   173   1187  1      gi|59    21349    21493 
   174    246  1      gi|13      527      647 
   174   1041 -1      gi|36    23763    24000 
   174    577 -1     gi|170     3673     3861 
   174    996  1      gi|29    23881    24048 
   175    248  1      gi|13     1724     2073 
   175    544 -1     gi|167    17101    17461 
   175    258  1      gi|13     7763     8064 
   176    249  1      gi|13     2109     2293 
   176    558 -1     gi|167    35326    36023 
   177    256  1      gi|13     7096     7363 
   177    540 -1     gi|167    12122    12398 
   178    260  1      gi|13     9493     9830 
   178    551  1     gi|167    31871    32233 
   178    273 -1      gi|13    18776    19134 
   179    267  1      gi|13    14528    15333 
   179   1506  1     gi|167    30836    31697 
   179    552  1     gi|167    32209    32597 
   179   1563  1     gi|114     8893     9407 
   179   1564  1     gi|114     9389     9514 
   179   1565  1     gi|114     9519     9578 
   179    559 -1     gi|167    36321    36446 
   180    276  1      gi|13    20412    20469 
   181    278  1      gi|13    21200    21461 
   181   1008  1       gi|3    15017    15278 
   182    279  1      gi|13    21673    21937 
   182    491  1     gi|163    27126    27393 
   182   1590 -1     gi|152    20728    20822 
   182   1586 -1      gi|48    40658    40703 
   183    281  1      gi|13    22204    22436 
   183   1422 -1      gi|91    31291    31523 
   184    285  1     gi|130    27778    27875 
   184    406  1     gi|150     2526     2610 
   185    286  1     gi|131    10207    10346 
   185   1013  1      gi|30     4602     4804 
   185    434 -1     gi|155    11192    11289 
   185   1282 -1      gi|75    15524    16118 
   186    290  1     gi|131    21385    21437 
   186    656  1      gi|19     8345     8397 
   187    291  1     gi|131    26469    26699 
   187   1009 -1       gi|3    16161    16302 
   188    292  1     gi|131    32519    32698 
   188   1007 -1       gi|3    11630    11759 
   188   1180 -1      gi|58    13007    13137 
   189    296  1     gi|133     1071     1242 
   189   1249  1      gi|69    21166    21328 
   190    297  1     gi|133     4158     4200 
   190   1178  1      gi|58     8566     8608 
   191    299  1     gi|135    36292    36439 
   191    817  1     gi|211     1674     1813 
   192    300  1     gi|136     1755     1858 
   192    762 -1     gi|204     8988     9091 
   192    307 -1     gi|136    23799    23902 
   193    301  1     gi|136     2079     2151 
   193    760 -1     gi|204     8521     8590 
   193    306 -1     gi|136    23529    23578 
   194    302  1     gi|136    10328    10388 
   194    677 -1     gi|192    19152    19212 
   195    304  1     gi|136    11506    11863 
   195    909  1     gi|226     7319     7407 
   195   1227 -1      gi|66     5563     5923 
   196    305  1     gi|136    12195    12516 
   196   1226 -1      gi|66     4790     5124 
   197    308  1     gi|137      546     1671 
   197    993  1      gi|29    13780    14859 
   197   1320 -1       gi|8    16499    16738 
   198    310  1     gi|137     7682     7835 
   198    490 -1     gi|163    21322    21475 
   199    311  1     gi|137     8850     8899 
   199    839  1     gi|215    22274    22325 
   200    312  1     gi|137    15758    15928 
   200   1463  1      gi|98    16301    17004 
   200    313  1     gi|137    16285    16999 
   201    314  1     gi|137    18404    18645 
   201    975 -1      gi|28      684      901 
   202    316  1     gi|137    19839    22579 
   202    699 -1     gi|197     6309     9037 
   202    821 -1     gi|211    29069    29253 
   203    317  1     gi|137    22577    22667 
   203   1011  1       gi|3    37932    38026 
   204    318  1     gi|137    24358    24636 
   204    392  1     gi|148    31578    31828 
   205    319  1     gi|137    27926    28016 
   205   1529  1      gi|24    37902    38120 
   205   1122  1      gi|48     7104     7437 
   205   1004  1      gi|29    34447    34608 
   205   1220  1      gi|65    16809    16982 
   205   1415 -1      gi|91     7571     7694 
   205   1525  1     gi|140    11254    11605 
   205   1526 -1      gi|26      625      928 
   205   1527 -1      gi|85    22260    22563 
   205    603  1     gi|175    34623    34694 
   205   1221  1      gi|65    17007    17244 
   205   1528 -1     gi|137    19549    19781 
   205   1530  1     gi|210    26348    26745 
   205    888  1     gi|222    30903    31170 
   205   1433  1      gi|94    12748    12920 
   205   1520  1     gi|112    23170    23293 
   205    847 -1     gi|216    10691    10730 
   205    890  1     gi|222    31346    31407 
   205    991 -1      gi|29    11352    11420 
   205   1524 -1      gi|29    17250    17308 
   205   1523 -1      gi|29    17187    17250 
   205    848 -1     gi|216    11040    11068 
   206    321  1     gi|138    17523    17633 
   206    691 -1     gi|195    25414    25515 
   207    322  1     gi|138    31375    31567 
   207    377  1     gi|145     8798     9005 
   208    323  1     gi|139    22183    22451 
   208   1090  1      gi|43    37432    37700 
   209    325  1     gi|139    26043    26282 
   209    368  1     gi|144    10707    10952 
   209    624  1     gi|180    24474    24611 
   210    326  1      gi|14        5       91 
   210   1048  1      gi|38    39834    39920 
   211    327  1      gi|14     5483     5564 
   211    906 -1     gi|225    26276    27260 
   211   1158  1      gi|53    35612    36587 
   212    328  1      gi|14    20424    20669 
   212    891 -1     gi|223    20210    20444 
   212    444  1     gi|157    12154    12229 
   213    329  1      gi|14    23009    23082 
   213   1089  1      gi|43    27336    27408 
   214    332  1     gi|140     4692     5192 
   214   1379  1      gi|85    22572    23041 
   215    333  1     gi|140     6968     7102 
   215   1477  1      gi|99    27021    27151 
   215   1483 -1     gi|106    14003    14128 
   215   1484  1     gi|216     5543     5679 
   215    963  1      gi|26    32926    33028 
   216    334  1     gi|140    10130    10249 
   216    816 -1     gi|210    31838    31957 
   217    336  1     gi|140    12419    12506 
   217    470 -1     gi|159    18787    19645 
   217    442 -1     gi|157     9663    10522 
   218    337  1     gi|140    14581    15729 
   218   1065  1      gi|41    22193    23513 
   218   1452 -1      gi|97    16042    16271 
   219    338  1     gi|140    15868    16019 
   219   1066  1      gi|41    23673    23824 
   220    339  1     gi|140    16085    16172 
   220   1067  1      gi|41    23991    24072 
   221    340  1     gi|140    16176    16441 
   221   1068  1      gi|41    24132    24394 
   222    341  1     gi|140    17078    17508 
   222   1069  1      gi|41    24914    25368 
   223    342  1     gi|140    17807    18179 
   223   1070  1      gi|41    25661    26124 
   223   1449  1      gi|97    13189    13631 
   224    344  1     gi|140    18966    19418 
   224   1074  1      gi|41    27262    27706 
   224   1290 -1      gi|77    12723    12812 
   225    345  1     gi|140    27389    27452 
   225    966 -1      gi|26    33219    33477 
   225    503  1     gi|163    40090    40490 
   225    974  1      gi|28      588      701 
   225    956 -1      gi|26    19063    19367 
   225    965 -1      gi|26    33142    33278 
   225    348 -1     gi|140    27927    28065 
   226    350  1     gi|140    30976    31142 
   226   1223  1      gi|65    18669    18835 
   227    351  1     gi|140    31561    31891 
   227   1224  1      gi|65    19133    19471 
   228    353  1     gi|141    31448    31867 
   228    876 -1     gi|221    36257    36684 
   229    354  1     gi|141    32285    32753 
   229    886 -1     gi|222    30166    30642 
   230    355  1     gi|141    33096    33684 
   230    469 -1     gi|159     9354    10018 
   230    883 -1     gi|222    29756    29837 
   230    885 -1     gi|222    29902    30190 
   231    356  1     gi|141    33487    34987 
   231    977  1      gi|28     1417     1650 
   231   1608  1     gi|128    18441    19938 
   231   1611 -1     gi|159     8895     9344 
   232    357  1     gi|141    35530    35628 
   232    976 -1      gi|28      919      996 
   232   1609  1     gi|128    19943    20042 
   232   1610 -1     gi|159     8826     8868 
   233    358  1     gi|141    36103    37749 
   233    693  1     gi|195    38702    40378 
   234    362  1     gi|143    15898    16150 
   234   1271  1      gi|73    22031    22277 
   235    363  1     gi|143    23868    23991 
   235    751 -1     gi|202    11219    11336 
   236    364  1     gi|143    30771    30860 
   236    404  1      gi|15    30694    30790 
   237    365  1     gi|143    35139    35582 
   237   1313  1       gi|8    11787    12221 
   238    366  1     gi|143    38057    38198 
   238   1143  1      gi|52    21934    22061 
   239    367  1     gi|144     7524     7644 
   239   1166  1      gi|56    27411    27531 
   240    369  1     gi|144    27257    27417 
   240    786  1     gi|205    21092    21490 
   240    654 -1     gi|189     4375     4802 
   241    370  1     gi|144    27847    28011 
   241    787  1     gi|205    22060    22308 
   241    410 -1     gi|150    36057    36319 
   242    371  1     gi|144    36978    37358 
   242    878 -1     gi|222     1626     2018 
   243    373  1     gi|145      633      687 
   243    900  1     gi|224    27351    27405 
   244    374  1     gi|145      734      935 
   244    877 -1     gi|221    36682    36756 
   244   1625  1      gi|41    11812    12116 
   244    467  1     gi|159     3141     3398 
   244    930  1      gi|24     8251     8333 
   244   1207  1      gi|63     8299     8489 
   244   1620 -1      gi|16    34004    34247 
   244   1621  1     gi|181    31560    31776 
   244   1624 -1     gi|200    39218    39476 
   245    376  1     gi|145     6574     6630 
   245    735  1      gi|20    15052    15112 
   246    380  1     gi|145    12743    12882 
   246    450  1     gi|157    21434    21570 
   247    381  1     gi|145    13074    13218 
   247    451  1     gi|157    21810    21954 
   248    386  1     gi|148     4406     4465 
   248    734 -1       gi|2    35603    35936 
   248    937  1      gi|24    38771    39061 
   249    387  1     gi|148    12637    12899 
   249   1092  1      gi|44     1243     1295 
   249   1093  1      gi|44     1308     1558 
   250    388  1     gi|148    13067    13574 
   250   1097 -1      gi|44     4489     5003 
   251    389  1     gi|148    13714    13794 
   251   1096 -1      gi|44     4431     4516 
   252    393  1     gi|148    33485    33618 
   252   1129  1      gi|50    27806    27942 
   253    394  1     gi|148    35225    35365 
   253   1130  1      gi|50    28546    28641 
   254    397  1     gi|149     9965    10341 
   254    841 -1     gi|215    35145    35529 
   255    398  1     gi|149    37296    37453 
   255    667 -1     gi|190    39001    39297 
   255    452  1     gi|157    22905    23120 
   255    484  1     gi|162    35592    35673 
   255    675 -1     gi|192     5390     5596 
   256    401  1      gi|15     9209     9885 
   256    918 -1      gi|23    16828    17518 
   257    403  1      gi|15    29661    29773 
   257   1514 -1      gi|98    23399    23498 
   257   1210  1      gi|63    22805    22899 
   257   1517 -1     gi|112    21196    21280 
   258    405  1     gi|150     2421     2535 
   258    758  1     gi|204      974     1084 
   258    845  1     gi|216     7431     7492 
   259    407  1     gi|150     2634     2775 
   259   1412 -1      gi|90    19563    19718 
   259   1078 -1      gi|41    38787    38854 
   260    408  1     gi|150    26878    27003 
   260   1099  1      gi|44    25718    26049 
   260   1197 -1      gi|61    36033    36607 
   260    420  1     gi|152     1505     2063 
   260    526 -1     gi|166    14621    14711 
   261    409  1     gi|150    30885    31067 
   261    753 -1     gi|203     4863     5057 
   262    411  1     gi|150    37248    37305 
   262    655  1     gi|189     4793     4860 
   263    412  1     gi|151     7206     7365 
   263   1214  1      gi|65    13927    14080 
   264    413  1     gi|151     7671     8035 
   264    914 -1     gi|228      601      961 
   265    414  1     gi|151     8207     8628 
   265   1229  1      gi|67    30129    30550 
   266    416  1     gi|151    31576    31676 
   266    746 -1     gi|201    28465    28522 
   266   1387  1      gi|86    33623    33702 
   267    418  1     gi|151    35796    35996 
   267   1095 -1      gi|44     3663     3848 
   268    424  1     gi|152    38872    40282 
   268   1103 -1      gi|46     2515     2633 
   268   1257  1      gi|69    37729    39158 
   269    425  1     gi|153    12808    13026 
   269   1432  1      gi|93    22575    22796 
   270    426  1     gi|153    16840    16939 
   271    427  1     gi|153    16920    17040 
   272    428  1     gi|153    17021    17146 
   273    432  1     gi|155    10181    10260 
   274    433  1     gi|155    10331    10459 
   274    634  1     gi|183    25873    26243 
   274    507 -1     gi|164    17141    17498 
   275    436  1     gi|156     2894     2948 
   275   1109 -1      gi|47     3739     3793 
   276    437  1     gi|156     3994     4047 
   276   1438 -1      gi|95    24574    24627 
   277    438  1     gi|156    11716    11882 
   277   1349  1      gi|81    30542    31306 
   277    927  1      gi|23    37507    38286 
   278    439  1     gi|156    19477    19534 
   278    796 -1     gi|206    23865    23922 
   279    440  1     gi|156    20555    20813 
   279    729  1       gi|2    24480    24815 
   279    794 -1     gi|206    22678    22837 
   280    441  1     gi|156    21015    21125 
   280    793 -1     gi|206    22397    22509 
   281    443  1     gi|157    11816    12056 
   281    892 -1     gi|223    20426    20665 
   282    445  1     gi|157    14305    14347 
   282    662 -1     gi|190     8282     8328 
   283    446  1     gi|157    14534    14583 
   283    661  1     gi|190     8239     8288 
   284    447  1     gi|157    17720    18213 
   284    668  1     gi|191     5066     5606 
   285    448  1     gi|157    18333    18399 
   285    669  1     gi|191     5798     5864 
   286    449  1     gi|157    18428    18833 
   286    670  1     gi|191     5952     6361 
   287    455  1     gi|157    23457    23580 
   287   1005 -1      gi|29    36349    36476 
   288    456  1     gi|157    23582    23722 
   288    595 -1     gi|173     1854     2015 
   288   1327 -1       gi|8    24985    25154 
   289    457  1     gi|157    24434    24531 
   289   1326 -1       gi|8    24495    24591 
   290    458  1     gi|157    33711    33851 
   290    630  1     gi|182    24749    25137 
   290   1372 -1      gi|85    16910    17300 
   291    459  1     gi|158     7295     7423 
   291   1336  1      gi|80    11716    11848 
   292    460  1     gi|158    15340    15470 
   292    970 -1      gi|27    12411    12534 
   292    972 -1      gi|27    33613    33716 
   293    461  1     gi|158    25729    25883 
   293    769 -1     gi|204    20305    20458 
   294    462  1     gi|158    26071    26229 
   294    768 -1     gi|204    19989    20143 
   295    463  1     gi|158    26377    26423 
   295    767 -1     gi|204    19895    19940 
   296    464  1     gi|158    27308    27670 
   296    766 -1     gi|204    18599    18958 
   297    465  1     gi|158    28286    28419 
   297    765 -1     gi|204    17830    17963 
   298    466  1     gi|158    29033    29241 
   298    764 -1     gi|204    16985    17193 
   299    472  1      gi|16     8845     9387 
   299   1055 -1      gi|40     4315     4815 
   300    473  1      gi|16    30874    32053 
   300    922  1      gi|23    31806    32963 
   301    474  1      gi|16    32556    32794 
   301    924  1      gi|23    34079    34305 
   302    475  1      gi|16    33340    33610 
   302    524  1     gi|166     8475     8726 
   303    479  1     gi|161    20121    20349 
   303   1398 -1      gi|88    22929    23146 
   304    480  1     gi|162    23602    23807 
   304   1076  1      gi|41    35421    35618 
   304    698 -1     gi|197     1758     1872 
   305    481  1     gi|162    24015    24183 
   305   1077  1      gi|41    35615    35776 
   305   1190  1       gi|6    15164    15219 
   306    482  1     gi|162    34053    34215 
   306   1137  1      gi|51    22805    25425 
   306    803  1     gi|208    26352    28933 
   306    887  1     gi|222    30735    30841 
   306   1420 -1      gi|91    29003    29363 
   306   1424 -1      gi|91    33577    35889 
   306    747 -1     gi|201    28633    29902 
   307    483  1     gi|162    34667    34774 
   307    642 -1     gi|186    22536    22630 
   308    485  1     gi|163     3638     3988 
   308   1146 -1      gi|52    27267    27581 
   309    486  1     gi|163     4147     4319 
   309    859 -1     gi|217    20501    20632 
   310    493  1     gi|163    28064    28193 
   310   1585 -1      gi|48    40531    40658 
   310   1592  1      gi|13    21932    22058 
   311    495  1     gi|163    32593    32714 
   311    904  1     gi|224    34765    34886 
   312    498  1     gi|163    37665    37860 
   312    902 -1     gi|224    28378    28569 
   313    499  1     gi|163    37856    38025 
   313    901 -1     gi|224    28150    28319 
   314    500  1     gi|163    38298    38445 
   314    628  1     gi|181    40071    40225 
   315    501  1     gi|163    38492    38711 
   315    954  1      gi|26    17279    17571 
   315   1311 -1       gi|8    10009    10264 
   315   1314 -1       gi|8    12421    12634 
   315    964 -1      gi|26    33043    33168 
   316    505  1     gi|163    40607    40700 
   316   1599 -1     gi|118    29763    29856 
   316   1601 -1      gi|29    25137    25234 
   317    506  1     gi|164    16475    16839 
   317   1107 -1      gi|46    35094    35733 
   317   1014  1      gi|30     4967     5158 
   317    635 -1     gi|183    26652    26709 
   318    508  1     gi|164    21563    21887 
   318   1440 -1      gi|96     4961     5271 
   319    510  1     gi|165      561      690 
   319   1186 -1      gi|59    14357    14485 
   320    511  1     gi|165     1530     1638 
   320   1185 -1      gi|59    13715    13823 
   321    512  1     gi|165     3919     4997 
   321   1435 -1      gi|94    37233    38329 
   322    513  1     gi|165    11063    11177 
   322    610 -1     gi|176    23548    23662 
   323    516  1     gi|165    26234    26376 
   323    781 -1     gi|204    39143    39290 
   324    520  1     gi|166      545      600 
   324   1402  1      gi|89     9555     9611 
   325    523  1     gi|166     3884     3961 
   325    676 -1     gi|192     9029     9106 
   326    527  1     gi|166    14852    15088 
   326   1355  1      gi|82    36316    36582 
   327    528  1     gi|166    21744    21793 
   327   1064 -1      gi|41    17713    17759 
   328    533  1     gi|167     2485     3233 
   328   1244  1      gi|68    30015    30771 
   329    539  1     gi|167    11633    11713 
   329    659 -1      gi|19    34978    35083 
   330    564  1     gi|168    25273    25425 
   330    602 -1     gi|175    20961    21087 
   331    565  1      gi|17     9276     9382 
   331    855  1     gi|217    11999    12115 
   332    566  1      gi|17     9503     9565 
   332    690 -1     gi|195    24911    25170 
   332   1232 -1      gi|67    34332    34756 
   332    568  1      gi|17    10196    10512 
   333    569  1      gi|17    10513    10674 
   334    570  1      gi|17    32853    34564 
   334    871 -1     gi|221     5688     7448 
   334    872  1     gi|221     9493    10191 
   334    873  1     gi|221    10667    11141 
   335    571  1      gi|17    34606    34806 
   335    870 -1     gi|221     5369     5569 
   336    572  1     gi|170        3     1010 
   336   1152 -1      gi|53     5273     6317 
   337    573  1     gi|170     1034     1817 
   337   1335 -1      gi|80    10940    11714 
   338    576  1     gi|170     3401     3600 
   338   1532  1     gi|112    27836    28034 
   338   1534  1      gi|13        5      147 
   339    578  1     gi|170     3835     4205 
   339   1533  1     gi|112    28039    28409 
   339   1535  1      gi|13      150      506 
   340    583  1     gi|170    30034    30194 
   340   1364  1      gi|84    17961    18285 
   341    586  1     gi|170    39123    39396 
   341   1133  1      gi|50    39175    39258 
   341   1246 -1      gi|68    34587    34814 
   342    588  1     gi|171    18352    18547 
   342    633  1     gi|183    24671    24869 
   343    589  1     gi|171    23350    23498 
   343   1102  1      gi|45    23620    23755 
   343   1388  1      gi|87     1317     1422 
   344    590  1     gi|171    33005    33211 
   344   1044  1      gi|36    39461    39661 
   345    591  1     gi|171    34769    34888 
   345   1056 -1      gi|40     9293     9405 
   346    592  1     gi|172    10422    10492 
   346   1627 -1     gi|200    39101    39182 
   346   1626  1      gi|41    12122    12200 
   347    593  1     gi|172    27269    27512 
   347    641  1     gi|186    18224    18477 
   348    594  1     gi|173      891     1086 
   348    805  1     gi|208    37399    37550 
   348   1448 -1      gi|97    11718    11822 
   349    597  1     gi|175     8185     8362 
   349    881  1     gi|222    12358    12556 
   350    598  1     gi|175    10148    10365 
   350   1002 -1      gi|29    33309    33507 
   351    599  1     gi|175    13307    14539 
   351   1001 -1      gi|29    29320    30606 
   351    604  1     gi|175    34955    35289 
   352    600  1     gi|175    14686    14906 
   352   1000 -1      gi|29    29061    29282 
   353    601  1     gi|175    16031    16189 
   353   1300  1      gi|79    17295    17453 
   354    605  1     gi|176     8199     8327 
   354   1204 -1      gi|62    29670    29799 
   355    606  1     gi|176     8343     8539 
   355    725  1       gi|2    19415    20011 
   355    685 -1     gi|193    33100    33722 
   355    804 -1     gi|208    37144    37378 
   355   1059 -1      gi|41     3422     3577 
   355    748  1     gi|201    31310    31388 
   356    607  1     gi|176    10439    10519 
   356   1191 -1      gi|60     7978     8055 
   357    608  1     gi|176    17703    18165 
   357   1086  1      gi|43    17581    18017 
   358    609  1     gi|176    19184    19302 
   358   1275 -1      gi|74    27219    27363 
   358    884  1     gi|222    29816    29909 
   358   1033  1      gi|35    38786    38853 
   359    612  1     gi|177    17338    17434 
   359   1479 -1      gi|99    36176    36272 
   360    613  1     gi|177    30962    31107 
   360   1286  1      gi|76    18192    18473 
   360   1110  1      gi|47     4632     4890 
   361    614  1     gi|178     6329     6643 
   361    981 -1      gi|28    18293    18902 
   361    842  1     gi|216     1439     1864 
   361   1050  1      gi|39     6929     7402 
   361    740  1     gi|200    36402    36512 
   361    739  1     gi|200    36029    36069 
   362    615  1     gi|178     9423     9535 
   362    843  1     gi|216     4661     4766 
   362    979 -1      gi|28    12879    12993 
   362    980 -1      gi|28    15392    15524 
   363    616  1     gi|179    11364    11440 
   363   1360 -1      gi|83    33337    33410 
   364    617  1      gi|18     6868     7498 
   364   1427  1      gi|92    14089    14690 
   365    618  1      gi|18    10601    10704 
   365   1630  1     gi|210    30337    30514 
   365    994  1      gi|29    15595    15774 
   365   1628 -1     gi|148    36900    37069 
   365   1629 -1     gi|200    35432    35631 
   365    780  1     gi|204    38796    38877 
   365    779  1     gi|204    38317    38356 
   366    619  1      gi|18    21001    21173 
   366    889 -1     gi|222    31171    31344 
   366   1475  1      gi|99    26476    26648 
   366   1632  1     gi|224    31590    31763 
   366   1631  1      gi|17    10104    10194 
   367    620  1      gi|18    39152    39195 
   367    750  1     gi|201    33937    33982 
   368    621  1     gi|180    19671    20290 
   368   1188  1      gi|59    27537    29045 
   368   1386 -1      gi|86    16246    16359 
   369    622  1     gi|180    20589    21464 
   370    625  1     gi|181    26721    26801 
   370   1446 -1      gi|97     9638     9708 
   371    631  1     gi|183     6463     6557 
   371    917 -1     gi|229    17840    17937 
   372    632  1     gi|183     6981     7128 
   372   1147  1      gi|52    29664    29781 
   372   1425  1      gi|92     5189     5268 
   373    636  1     gi|185    18308    19157 
   373   1418 -1      gi|91    16208    17066 
   374    637  1     gi|185    19422    19486 
   374   1417 -1      gi|91    15887    15957 
   375    638  1     gi|186     1010     1092 
   375   1136  1      gi|51    21076    21165 
   376    639  1     gi|186     6565     6710 
   376   1205  1      gi|63     5984     6135 
   377    643  1     gi|186    28572    28799 
   377   1409 -1       gi|9    39349    39573 
   378    644  1     gi|186    28850    29452 
   378   1408 -1       gi|9    38749    39373 
   379    645  1     gi|186    29501    29851 
   379   1407 -1       gi|9    38233    38578 
   380    648  1     gi|186    33152    33414 
   380   1396 -1      gi|88    16820    17081 
   381    649  1     gi|186    35408    35599 
   382    650  1     gi|187    11965    12193 
   382   1247 -1      gi|69     3097     3321 
   383    653  1     gi|188    15226    15496 
   383    696 -1     gi|196    28632    29064 
   383    835 -1     gi|215     7004     7432 
   384    657  1      gi|19    33581    33770 
   384   1237  1      gi|67    39608    39838 
   385    660  1      gi|19    35681    35788 
   385   1455 -1      gi|97    25455    25615 
   385    806 -1     gi|209    17495    17670 
   386    665  1     gi|190    21861    22127 
   386   1270 -1      gi|73     4537     4792 
   387    666  1     gi|190    38957    39029 
   387   1405 -1      gi|89    36479    36559 
   388    671  1     gi|191    19946    20082 
   388   1199  1      gi|62    13978    14158 
   388   1437 -1      gi|95    21055    21181 
   389    672  1     gi|191    33850    34085 
   389    800  1     gi|208    13884    14592 
   389    797  1     gi|206    26157    26347 
   389   1283 -1      gi|75    16046    16210 
   390    674  1     gi|191    38711    38836 
   390    737  1     gi|200    15105    15219 
   390   1354 -1      gi|82    18834    18956 
   391    678  1     gi|192    24645    24733 
   391   1088 -1      gi|43    26138    26226 
   392    679  1     gi|192    26319    26379 
   392   1174  1      gi|57    14166    14225 
   393    680  1     gi|192    31855    32427 
   393    695 -1     gi|196    21763    22349 
   394    682  1     gi|193    21547    22063 
   394   1140  1      gi|52    12832    13362 
   395    687  1     gi|194    28610    28942 
   395    822 -1     gi|211    29537    29859 
   396    689  1     gi|195    13956    14063 
   396   1198  1      gi|62      898     1013 
   397    697  1     gi|196    29065    29499 
   397    836  1     gi|215     8368     8876 
   397    923  1      gi|23    33483    33921 
   398    704  1     gi|197    12394    12526 
   398   1400 -1      gi|89     7479     7608 
   399    705  1     gi|197    12924    13125 
   399   1399 -1      gi|89     6927     7113 
   400    706  1     gi|197    15409    15919 
   400   1329  1       gi|8    27726    27920 
   400   1342  1      gi|80    26479    27019 
   400   1328  1       gi|8    27173    27508 
   401    707  1     gi|197    16301    17029 
   401   1343  1      gi|80    27386    28096 
   401   1330  1       gi|8    28110    28401 
   401   1331  1       gi|8    28517    28616 
   402    708  1     gi|197    18046    20173 
   403    711  1     gi|198    37355    37612 
   403   1196 -1      gi|61    30800    31041 
   404    712  1     gi|198    39397    39519 
   404   1195 -1      gi|61    29071    29200 
   405    713  1     gi|199    16095    16162 
   405   1164  1      gi|56     3217     3275 
   406    714  1     gi|199    21134    21225 
   406   1367 -1      gi|85        4       92 
   407    715  1     gi|199    28954    29043 
   407   1157  1      gi|53    34588    34680 
   408    718  1       gi|2     1636     1758 
   408   1401  1      gi|89     8853     9074 
   408   1236  1      gi|67    39409    39610 
   409    721  1       gi|2    12693    12965 
   409   1057 -1      gi|40     9696     9977 
   410    728  1       gi|2    23611    23701 
   410    795 -1     gi|206    23627    23717 
   411    733  1       gi|2    35244    35384 
   411    938 -1      gi|24    39397    39540 
   412    736  1      gi|20    37374    37419 
   412   1346  1      gi|81    17858    17903 
   413    741  1     gi|200    36888    37168 
   413   1472 -1      gi|99    24712    24992 
   414    749  1     gi|201    32147    32237 
   414   1312  1       gi|8    10574    10664 
   415    752  1     gi|202    20918    21890 
   415   1142  1      gi|52    15457    16422 
   416    754  1     gi|203    25028    25187 
   416   1406  1       gi|9    35624    35792 
   417    755  1     gi|203    30213    30981 
   418    763  1     gi|204     9046     9138 
   418   1016  1      gi|31     4818     4898 
   419    772  1     gi|204    23886    23978 
   419   1635 -1     gi|223    38793    39053 
   419    907  1     gi|226     5615     5840 
   419   1636  1      gi|76    38050    38296 
   420    773  1     gi|204    24028    24324 
   420   1216  1      gi|65    15238    15519 
   421    774  1     gi|204    24624    25366 
   421   1215  1      gi|65    15109    15216 
   421   1217  1      gi|65    15625    16333 
   422    775  1     gi|204    25293    25461 
   422   1219  1      gi|65    16619    16797 
   423    776  1     gi|204    25459    25603 
   423   1222  1      gi|65    17256    17390 
   424    777  1     gi|204    28706    28825 
   424   1381  1      gi|85    36423    36539 
   424   1383  1      gi|85    37387    37505 
   424   1384  1      gi|85    37829    37944 
   424   1310 -1       gi|8     6877     6920 
   425    782  1     gi|205     3059     3122 
   425    874  1     gi|221    16128    16188 
   425    783  1     gi|205     3170     3230 
   425    784  1     gi|205     3246     3305 
   426    785  1     gi|205     3348     3508 
   426    875  1     gi|221    16346    16511 
   427    788  1     gi|205    36926    37011 
   427   1038 -1      gi|36     5336     5423 
   428    789  1     gi|205    37018    37168 
   428   1036 -1      gi|36     2612     2760 
   429    790  1     gi|205    39148    39343 
   429   1154 -1      gi|53     6849     7055 
   430    791  1     gi|205    39591    39782 
   430   1012 -1      gi|30     3025     3082 
   431    792  1     gi|205    39771    39970 
   431   1153 -1      gi|53     6349     6550 
   432    798  1     gi|207     7835     7958 
   432   1390  1      gi|87     6619     6832 
   432    799  1     gi|207    11601    11818 
   433    801  1     gi|208    14647    14929 
   433   1281 -1      gi|75    15180    15523 
   434    802  1     gi|208    14991    15130 
   434   1280 -1      gi|75    15032    15252 
   435    807  1     gi|209    31467    31570 
   435    880 -1     gi|222    12251    12350 
   435   1637 -1     gi|212     3242     3347 
   435   1638 -1      gi|78    20152    20254 
   436    808  1      gi|21       93      512 
   436    861  1     gi|217    22719    23142 
   437    810  1      gi|21    18422    18582 
   437   1341  1      gi|80    23089    23254 
   438    812  1      gi|21    32859    32990 
   438   1317 -1       gi|8    13900    14034 
   439    815  1     gi|210    31363    31674 
   439   1447 -1      gi|97    10794    11112 
   440    818  1     gi|211    12886    12947 
   440   1094  1      gi|44     1567     1627 
   441    819  1     gi|211    21939    22023 
   441   1116 -1      gi|47    31025    31109 
   442    823  1     gi|211    37608    38001 
   442   1149  1      gi|52    31647    32026 
   443    825  1     gi|212    18295    18485 
   443   1030 -1      gi|35     8992     9189 
   444    827  1     gi|213     1211     1403 
   445    828  1     gi|213     4377     6583 
   445   1445 -1      gi|96    30823    33054 
   446    829  1     gi|213    23254    23310 
   446   1231 -1      gi|67    31141    31199 
   447    832  1     gi|213    36594    36796 
   447   1293 -1      gi|78     3191     3385 
   448    837  1     gi|215    18343    18524 
   448   1113 -1      gi|47    27636    27780 
   448   1612 -1       gi|2    22033    22105 
   448   1613 -1     gi|204    23766    23857 
   449    840  1     gi|215    32242    32595 
   449   1574  1     gi|204    37863    38228 
   449   1576  1     gi|215    22073    22261 
   450    849  1     gi|216    17617    18052 
   450   1276  1      gi|74    37095    37531 
   451    851  1     gi|216    24023    25736 
   451   1208  1      gi|63    19110    20673 
   452    852  1     gi|216    25854    26204 
   452   1209  1      gi|63    20867    21218 
   453    854  1     gi|217     7394     7650 
   453   1018  1      gi|31    33449    33714 
   454    856  1     gi|217    12363    12433 
   454    983  1      gi|28    19196    19268 
   455    857  1     gi|217    14965    15058 
   455   1211  1      gi|64     7978     8072 
   456    858  1     gi|217    20010    20258 
   456   1132 -1      gi|50    38819    39062 
   457    860  1     gi|217    20614    20956 
   457   1131 -1      gi|50    37768    38115 
   458    864  1     gi|218    36481    36604 
   458   1200  1      gi|62    27652    27775 
   459    865  1     gi|219    34557    34772 
   459   1459 -1      gi|98     9803    10090 
   459    867  1     gi|219    36578    36852 
   460    866  1     gi|219    34911    35833 
   460   1458 -1      gi|98     8685     9694 
   460    868  1     gi|219    36888    37822 
   461    869  1      gi|22    11374    11521 
   461   1100 -1      gi|44    29268    29415 
   462    879  1     gi|222     9864    10586 
   462   1155  1      gi|53    10600    11330 
   463    882  1     gi|222    16287    16370 
   463   1111  1      gi|47    10783    10866 
   464    899  1     gi|224    23705    24232 
   464   1264 -1      gi|70    34801    35326 
   465    910  1     gi|227    15393    15869 
   465   1159  1      gi|54    14077    14541 
   466    911  1     gi|227    16024    16166 
   466   1160  1      gi|54    14651    14793 
   467    912  1     gi|227    16351    16400 
   467   1161  1      gi|54    14921    14970 
   468    913  1     gi|227    30658    30752 
   468   1179 -1      gi|58    10489    10585 
   469    919  1      gi|23    29995    30226 
   469   1323 -1       gi|8    19863    20089 
   470    920  1      gi|23    30454    30686 
   470   1466 -1      gi|98    21024    21140 
   471    921  1      gi|23    31161    31353 
   472    925  1      gi|23    36305    36802 
   472   1347  1      gi|81    29452    29944 
   473    926  1      gi|23    36926    37387 
   473   1348  1      gi|81    30008    30480 
   474    928  1      gi|23    39636    39815 
   474   1034  1      gi|35    38956    39172 
   474   1256  1      gi|69    36943    37101 
   475    929  1      gi|24     2630     2718 
   475   1358  1      gi|83    22654    22742 
   476    931  1      gi|24     9285     9508 
   476   1183  1      gi|58    36298    36521 
   477    932  1      gi|24    10298    12452 
   477   1184  1      gi|58    36912    39066 
   478    939  1      gi|25     1047     1142 
   478   1083 -1      gi|43     1676     1767 
   479    940  1      gi|25     1561     1704 
   479   1268 -1      gi|71    39850    39975 
   479   1633 -1     gi|193    28133    28277 
   479   1145 -1      gi|52    26824    26920 
   480    941  1      gi|25     1733     1932 
   480   1138 -1      gi|51    33028    33238 
   481    942  1      gi|25     5798     5873 
   481   1242  1      gi|68    24653    24717 
   482    943  1      gi|25    11889    12431 
   482   1457  1      gi|98     7324     7875 
   483    947  1      gi|26     2848     3560 
   483   1162  1      gi|54    21379    22036 
   483   1332 -1       gi|8    35434    35714 
   484    948  1      gi|26     5374     5873 
   484   1163  1      gi|54    23906    24438 
   485    949  1      gi|26     7803    10515 
   485   1338  1      gi|80    17982    20694 
   485   1344  1      gi|80    29655    31705 
   485    957  1      gi|26    19662    21174 
   486    951  1      gi|26    10812    10880 
   486   1339  1      gi|80    21058    21126 
   487    958  1      gi|26    21560    21882 
   487   1373  1      gi|85    17301    17623 
   488    959  1      gi|26    23602    23868 
   488   1456 -1      gi|98      212      494 
   489    961  1      gi|26    26008    28959 
   489   1374  1      gi|85    17672    20616 
   490    962  1      gi|26    31427    32562 
   490   1337 -1      gi|80    16199    17353 
   491    967  1      gi|26    33890    34906 
   491   1340 -1      gi|80    21471    22502 
   492    968  1      gi|26    35276    35349 
   492   1010 -1       gi|3    16457    16530 
   493    978  1      gi|28     9736     9984 
   493   1465 -1      gi|98    18067    18315 
   494    984  1      gi|28    20194    20385 
   495    987  1      gi|28    26131    26314 
   495    988 -1      gi|29      851      941 
   495   1380  1      gi|85    36252    36435 
   496    992  1      gi|29    13416    13507 
   496   1322 -1       gi|8    17395    17486 
   497    999  1      gi|29    25227    25823 
   497   1171 -1      gi|57    10795    11465 
   498   1003  1      gi|29    33956    34432 
   498   1170 -1      gi|57     8858     9359 
   499   1006  1      gi|29    37908    38100 
   499   1032  1      gi|35    36258    36450 
   500   1017  1      gi|31    26601    26696 
   500   1213  1      gi|64    35802    35898 
   501   1021  1      gi|32    36873    37041 
   501   1173  1      gi|57    11582    11749 
   502   1025  1      gi|34    14887    14982 
   502   1239 -1      gi|68     5520     5623 
   503   1026  1      gi|34    22355    24296 
   503   1212  1      gi|64    22943    24806 
   504   1035  1      gi|35    39129    39347 
   504   1494 -1     gi|119     1380     1624 
   504   1496 -1     gi|119    12264    12508 
   504   1509  1     gi|112    35614    35792 
   505   1037  1      gi|36     3215     3347 
   505   1410  1      gi|90     5264     5395 
   506   1039  1      gi|36    22975    23138 
   506   1476  1      gi|99    26847    27008 
   507   1042  1      gi|36    31133    31257 
   507   1150 -1      gi|52    35850    35964 
   508   1045  1      gi|37    35373    35473 
   508   1135 -1      gi|51    14556    14659 
   509   1046  1      gi|37    35977    36042 
   509   1134 -1      gi|51    13860    13925 
   510   1047  1      gi|38    17011    17213 
   510   1285  1      gi|76    16405    16745 
   510   1108  1      gi|47     2492     2796 
   511   1054  1       gi|4        1      701 
   511   1598 -1     gi|118    29058    29759 
   511   1600 -1      gi|29    24994    25135 
   512   1058  1      gi|40    16472    16551 
   512   1359  1      gi|83    25976    26065 
   513   1061  1      gi|41    15360    15495 
   513   1168  1      gi|56    32536    32693 
   513   1062  1      gi|41    15574    15602 
   514   1071  1      gi|41    26225    26321 
   514   1616  1      gi|97    13749    13845 
   515   1072  1      gi|41    26377    26525 
   515   1617  1      gi|97    13845    14441 
   515   1618  1     gi|140    18315    18820 
   515   1073  1      gi|41    26793    27058 
   516   1079  1      gi|41    38876    38915 
   516   1201 -1      gi|62    27890    27929 
   517   1080  1      gi|42    18976    19154 
   517   1284  1      gi|75    16443    16603 
   518   1081  1      gi|42    26774    26881 
   518   1156  1      gi|53    24170    24279 
   518   1350 -1      gi|82     3383     3492 
   519   1082  1      gi|43     1305     1451 
   519   1414 -1      gi|91     5851     5991 
   519   1084  1      gi|43     1851     1971 
   519   1085 -1      gi|43    11041    11178 
   520   1087  1      gi|43    24828    24895 
   520   1165 -1      gi|56    12503    12568 
   521   1098  1      gi|44     5264     5411 
   521   1577 -1     gi|115    27661    27811 
   521   1579  1     gi|211    25577    25740 
   521   1580 -1      gi|50     9101     9234 
   521   1581 -1      gi|77    27692    27843 
   521   1582  1      gi|83    37026    37163 
   521   1578 -1      gi|15      606      795 
   522   1114  1      gi|47    28765    28839 
   522   1295  1      gi|78     6764     6835 
   523   1115  1      gi|47    28928    29046 
   523   1296  1      gi|78     6990     7111 
   524   1117  1      gi|47    31517    31581 
   524   1393 -1      gi|87    18711    18772 
   525   1124  1      gi|49    22846    23124 
   525   1151  1      gi|52    37342    37632 
   526   1128  1      gi|50    10916    11339 
   526   1175  1      gi|57    17263    17633 
   527   1144  1      gi|52    26215    26533 
   527   1267  1      gi|71    39542    39867 
   528   1177  1      gi|58     7090     7211 
   528   1426  1      gi|92     5383     5505 
   529   1192  1      gi|60    19870    21346 
   529   1261 -1       gi|7    18098    19531 
   530   1202  1      gi|62    29350    29471 
   530   1243 -1      gi|68    24694    24807 
   531   1203  1      gi|62    29459    29521 
   531   1245  1      gi|68    34544    34595 
   532   1206  1      gi|63     6288     6402 
   532   1299  1      gi|78    30991    31119 
   533   1218  1      gi|65    16339    16659 
   533   1471  1      gi|99    23314    23629 
   534   1235  1      gi|67    39341    39451 
   535   1248  1      gi|69    15168    15225 
   535   1436  1      gi|95     1463     1520 
   536   1251  1      gi|69    23707    23980 
   536   1442  1      gi|96    16046    16370 
   537   1253  1      gi|69    31710    32437 
   537   1368  1      gi|85    13224    13938 
   538   1254  1      gi|69    32700    32923 
   538   1369  1      gi|85    14093    14334 
   539   1255  1      gi|69    33038    33920 
   539   1370  1      gi|85    14361    15220 
   540   1260  1       gi|7    12190    12333 
   541   1266  1      gi|71    25395    25483 
   541   1345 -1      gi|80    35335    35420 
   542   1274  1      gi|74    18951    20461 
   542   1453 -1      gi|97    17797    19304 
   543   1334  1      gi|80    10808    10964 
   544   1352  1      gi|82     8810     8842 
   544   1549 -1     gi|114     2032     2122 
   544   1550 -1     gi|121    21615    21706 
   544   1553  1     gi|170     8898     8987 
   545   1362  1      gi|83    37940    38084 
   545   1389  1      gi|87     6009     6156 
   546   1375  1      gi|85    20609    20660 
   547   1377  1      gi|85    21702    22245 
   548   1416  1      gi|91    15386    15459 
   548   1451  1      gi|97    15114    15195 
   549   1513  1      gi|98    21223    23398 
   549   1516  1     gi|112    19020    21178 
   550   1515  1      gi|98    23501    24787 
   550   1518  1     gi|112    21298    22567 
   551   1539  1      gi|13     2344     2410 
   551   1571  1     gi|114    37859    37907 
   552   1587  1     gi|188     6836     6870 
   552   1594  1     gi|152    20820    20867 
   553   1589  1     gi|152    20071    20727 
   553   1615 -1     gi|163    27392    28041 
   554   1591  1      gi|13    21889    21931 
   555   1597  1      gi|15    27362    27400 
   555   1640  1      gi|87     8016     8058 
   556   1614  1     gi|163    27299    27384 
   557   1619  1      gi|16    33964    34002 
   557   1622 -1     gi|181    31787    31823 
   558   1639  1      gi|87     7962     8016 
