1 gi|1 1464 1603
2 gi|1 1666 1808
3 gi|1 1968 2129
4 gi|1 3877 3906
5 gi|1 13053 13547
6 gi|1 14151 14294
7 gi|1 20416 20531
8 gi|1 31387 31524
9 gi|1 39224 39293
10 gi|10 22962 23080
11 gi|10 35696 35892
12 gi|10 35998 36059
13 gi|100 3915 3973
14 gi|101 14278 14433
15 gi|101 32053 32281
16 gi|101 34058 34246
17 gi|102 7169 7325
18 gi|102 13063 13285
19 gi|102 13469 13541
20 gi|102 19997 20080
21 gi|102 39352 39533
22 gi|103 3222 3347
23 gi|103 22047 22137
24 gi|103 29094 29168
25 gi|103 31972 32153
26 gi|104 18408 18531
27 gi|105 7358 8190
28 gi|106 13282 13553
29 gi|106 13924 14015
30 gi|106 14002 14149
31 gi|106 14651 15096
32 gi|106 15072 15207
33 gi|106 15509 15596
34 gi|106 25390 25496
35 gi|106 25488 26017
36 gi|106 26044 26813
37 gi|106 31165 31256
38 gi|107 2842 4352
39 gi|107 5097 5204
40 gi|107 10739 10842
41 gi|107 11669 11836
42 gi|107 11957 12125
43 gi|107 12166 12513
44 gi|107 12553 12639
45 gi|107 18620 18869
46 gi|108 26015 26351
47 gi|108 27338 27447
48 gi|108 32303 32482
49 gi|108 32894 33025
50 gi|108 38400 38488
51 gi|109 3906 3982
52 gi|109 4158 4265
53 gi|109 15715 15761
54 gi|109 37978 38033
55 gi|109 40543 40627
56 gi|11 19 83
57 gi|110 17304 17624
58 gi|110 18604 19187
59 gi|110 19274 19656
60 gi|110 20158 20260
61 gi|110 20302 20396
62 gi|111 6685 6770
63 gi|111 25520 25654
64 gi|111 26182 26308
65 gi|111 26376 26543
66 gi|111 33328 33810
67 gi|111 34035 34816
68 gi|112 151 248
69 gi|112 906 1060
70 gi|112 10675 10982
71 gi|112 11132 11326
72 gi|112 11317 11549
73 gi|112 11548 11679
74 gi|112 17119 17443
75 gi|112 17616 18271
76 gi|112 18590 18770
77 gi|112 19020 22567
78 gi|112 22594 22948
79 gi|112 22947 23166
80 gi|112 23125 23779
81 gi|112 23776 26085
82 gi|112 26086 27205
83 gi|112 27836 28409
84 gi|112 29007 29822
85 gi|112 29810 29962
86 gi|112 29961 30043
87 gi|112 30045 31044
88 gi|112 31235 31441
89 gi|112 32055 32312
90 gi|112 33886 34073
91 gi|112 34304 35792
92 gi|112 35786 36573
93 gi|113 29556 29910
94 gi|114 1 441
95 gi|114 431 1105
96 gi|114 1154 2034
97 gi|114 2017 2125
98 gi|114 2104 2862
99 gi|114 2857 3646
100 gi|114 3643 4295
101 gi|114 4344 8045
102 gi|114 8008 9412
103 gi|114 9389 9578
104 gi|114 9580 10258
105 gi|114 12207 13633
106 gi|114 13773 15003
107 gi|114 15839 16535
108 gi|114 16536 16641
109 gi|114 16674 17315
110 gi|114 17307 17876
111 gi|114 17865 19485
112 gi|114 19448 19691
113 gi|114 19673 20150
114 gi|114 20105 20738
115 gi|114 20739 29959
116 gi|114 29947 31171
117 gi|114 31988 32047
118 gi|114 32930 36164
119 gi|114 36161 36877
120 gi|114 36869 37069
121 gi|114 37043 37145
122 gi|114 37105 37919
123 gi|114 37859 38515
124 gi|114 38505 39215
125 gi|114 39571 39995
126 gi|115 13442 13626
127 gi|115 13704 14075
128 gi|115 14734 14806
129 gi|115 14841 14958
130 gi|115 15087 15873
131 gi|115 20125 20259
132 gi|115 20234 20365
133 gi|115 20378 20503
134 gi|115 24348 24893
135 gi|115 25054 25205
136 gi|115 25180 25615
137 gi|115 27654 27827
138 gi|115 28939 29073
139 gi|115 29394 29967
140 gi|115 39848 39909
141 gi|116 6597 6789
142 gi|116 38198 38301
143 gi|116 39320 39377
144 gi|118 6408 6581
145 gi|118 19267 19460
146 gi|118 27628 28956
147 gi|118 29058 29859
148 gi|118 29874 29963
149 gi|118 29931 30109
150 gi|118 31012 31850
151 gi|118 32086 32159
152 gi|119 122 342
153 gi|119 356 471
154 gi|119 1380 2581
155 gi|119 2591 2891
156 gi|119 3762 4040
157 gi|119 5707 5778
158 gi|119 6638 6894
159 gi|119 6855 7114
160 gi|119 7412 7756
161 gi|119 8657 8938
162 gi|119 9238 9582
163 gi|119 12264 13799
164 gi|119 13797 14324
165 gi|119 14753 15039
166 gi|119 18833 18931
167 gi|119 21725 21829
168 gi|119 23251 23567
169 gi|119 24021 24436
170 gi|119 24580 24788
171 gi|119 25136 25408
172 gi|119 27247 27642
173 gi|119 31914 32716
174 gi|119 33076 33524
175 gi|119 33611 33786
176 gi|119 33783 33908
177 gi|119 34071 34213
178 gi|119 34292 34437
179 gi|119 34996 35200
180 gi|119 36772 37636
181 gi|119 38461 38666
182 gi|12 8313 8414
183 gi|12 28967 29545
184 gi|120 3726 5240
185 gi|120 14669 15073
186 gi|120 16179 16248
187 gi|120 17946 18163
188 gi|120 18117 18477
189 gi|120 18444 18742
190 gi|120 18829 19377
191 gi|120 28594 28715
192 gi|121 9845 10500
193 gi|121 10618 10863
194 gi|121 10766 11119
195 gi|121 21612 25988
196 gi|121 25990 26233
197 gi|121 31627 31819
198 gi|122 4725 4881
199 gi|122 5246 5587
200 gi|122 5762 6932
201 gi|122 7051 7518
202 gi|122 19164 19239
203 gi|123 1 164
204 gi|123 1403 2466
205 gi|123 3124 3241
206 gi|123 3663 3847
207 gi|123 4200 4582
208 gi|124 16487 16705
209 gi|124 16707 16975
210 gi|124 16973 17034
211 gi|124 17100 17198
212 gi|124 17188 17329
213 gi|124 24315 24417
214 gi|124 24476 24592
215 gi|127 1147 1290
216 gi|127 5838 6500
217 gi|127 6563 6906
218 gi|127 21523 21621
219 gi|127 21940 22058
220 gi|127 26828 27195
221 gi|127 33218 33270
222 gi|127 33609 34947
223 gi|128 2713 2958
224 gi|128 9453 9723
225 gi|128 9803 10029
226 gi|128 10033 10094
227 gi|128 10471 10788
228 gi|128 10666 11067
229 gi|128 13427 13509
230 gi|128 13611 15246
231 gi|128 17504 17823
232 gi|128 18014 18165
233 gi|128 18439 20045
234 gi|128 30190 30365
235 gi|128 35745 35892
236 gi|129 50 228
237 gi|129 318 592
238 gi|129 656 742
239 gi|129 15713 15859
240 gi|129 29752 29805
241 gi|129 33152 33553
242 gi|129 35920 36267
243 gi|129 37037 37206
244 gi|129 37451 37571
245 gi|13 5 506
246 gi|13 527 647
247 gi|13 778 1711
248 gi|13 1724 2073
249 gi|13 2109 2293
250 gi|13 2363 2594
251 gi|13 2587 5742
252 gi|13 5740 6033
253 gi|13 6034 6626
254 gi|13 6638 6851
255 gi|13 6863 7178
256 gi|13 7096 7363
257 gi|13 7519 7622
258 gi|13 7763 8064
259 gi|13 8048 9495
260 gi|13 9493 9830
261 gi|13 10062 10413
262 gi|13 10470 11020
263 gi|13 10953 13396
264 gi|13 13373 13695
265 gi|13 13708 13921
266 gi|13 13933 14547
267 gi|13 14526 15335
268 gi|13 15326 15953
269 gi|13 15918 16360
270 gi|13 16278 17884
271 gi|13 17885 17992
272 gi|13 18198 18785
273 gi|13 18776 19134
274 gi|13 19150 19998
275 gi|13 20308 20411
276 gi|13 20412 20469
277 gi|13 20618 21192
278 gi|13 21200 21461
279 gi|13 21673 21938
280 gi|13 21889 22230
281 gi|13 22204 22436
282 gi|13 22425 23471
283 gi|13 23466 35767
284 gi|13 35883 36472
285 gi|130 27778 27875
286 gi|131 10207 10346
287 gi|131 11409 11564
288 gi|131 14906 15000
289 gi|131 17781 17969
290 gi|131 21385 21437
291 gi|131 26469 26699
292 gi|131 32519 32698
293 gi|131 32655 32814
294 gi|131 34266 35768
295 gi|131 36202 37098
296 gi|133 1071 1242
297 gi|133 4158 4200
298 gi|135 32843 32990
299 gi|135 36292 36439
300 gi|136 1755 1858
301 gi|136 2079 2151
302 gi|136 10328 10388
303 gi|136 10384 10476
304 gi|136 11506 11863
305 gi|136 12195 12516
306 gi|136 23529 23578
307 gi|136 23799 23902
308 gi|137 546 1671
309 gi|137 6314 7683
310 gi|137 7682 7835
311 gi|137 8850 8899
312 gi|137 15758 15928
313 gi|137 16285 16999
314 gi|137 18404 18645
315 gi|137 19539 19809
316 gi|137 19839 22579
317 gi|137 22577 22667
318 gi|137 24358 24636
319 gi|137 27924 28017
320 gi|138 15032 15150
321 gi|138 17523 17633
322 gi|138 31375 31567
323 gi|139 22183 22451
324 gi|139 22513 22722
325 gi|139 26043 26282
326 gi|14 5 91
327 gi|14 5483 5564
328 gi|14 20424 20669
329 gi|14 23009 23082
330 gi|14 24016 25041
331 gi|140 4169 4691
332 gi|140 4692 5192
333 gi|140 6963 7104
334 gi|140 10130 10249
335 gi|140 11246 11633
336 gi|140 12419 12506
337 gi|140 14581 15729
338 gi|140 15868 16019
339 gi|140 16085 16172
340 gi|140 16176 16441
341 gi|140 17078 17508
342 gi|140 17807 18179
343 gi|140 18216 18823
344 gi|140 18966 19418
345 gi|140 27388 27453
346 gi|140 27561 27793
347 gi|140 27809 27926
348 gi|140 27927 28065
349 gi|140 29525 29902
350 gi|140 30976 31142
351 gi|140 31561 31891
352 gi|141 31409 31479
353 gi|141 31448 31867
354 gi|141 32285 32753
355 gi|141 33095 33684
356 gi|141 33487 34990
357 gi|141 35530 35631
358 gi|141 36103 37749
359 gi|141 38568 38791
360 gi|142 14170 14201
361 gi|142 15024 15193
362 gi|143 15898 16150
363 gi|143 23868 23991
364 gi|143 30771 30860
365 gi|143 35139 35582
366 gi|143 38057 38198
367 gi|144 7524 7644
368 gi|144 10707 10952
369 gi|144 27257 27417
370 gi|144 27847 28011
371 gi|144 36978 37358
372 gi|145 418 634
373 gi|145 630 694
374 gi|145 729 945
375 gi|145 4461 4626
376 gi|145 6574 6630
377 gi|145 8798 9005
378 gi|145 9596 10386
379 gi|145 10397 10788
380 gi|145 12743 12882
381 gi|145 13074 13218
382 gi|146 29226 29411
383 gi|146 33918 34056
384 gi|146 34196 34754
385 gi|147 29545 29591
386 gi|148 4406 4465
387 gi|148 12637 12899
388 gi|148 13067 13574
389 gi|148 13714 13794
390 gi|148 28794 28851
391 gi|148 30580 30683
392 gi|148 31578 31828
393 gi|148 33485 33618
394 gi|148 35225 35365
395 gi|148 35795 36516
396 gi|148 36900 37080
397 gi|149 9965 10341
398 gi|149 37296 37453
399 gi|15 604 818
400 gi|15 9038 9206
401 gi|15 9209 9885
402 gi|15 27305 27400
403 gi|15 29657 29776
404 gi|15 30694 30790
405 gi|150 2420 2535
406 gi|150 2526 2610
407 gi|150 2634 2775
408 gi|150 26878 27003
409 gi|150 30885 31067
410 gi|150 36057 36319
411 gi|150 37248 37305
412 gi|151 7206 7365
413 gi|151 7671 8035
414 gi|151 8207 8628
415 gi|151 30800 30907
416 gi|151 31576 31676
417 gi|151 33247 33350
418 gi|151 35796 35996
419 gi|151 37516 37683
420 gi|152 1505 2063
421 gi|152 19922 20065
422 gi|152 20071 20830
423 gi|152 20820 21015
424 gi|152 38872 40282
425 gi|153 12808 13026
426 gi|153 16840 16939
427 gi|153 16914 17040
428 gi|153 17015 17150
429 gi|154 4874 4950
430 gi|154 5195 5290
431 gi|154 8649 8747
432 gi|155 10181 10260
433 gi|155 10331 10459
434 gi|155 11192 11289
435 gi|155 18050 18135
436 gi|156 2894 2948
437 gi|156 3994 4047
438 gi|156 11716 11892
439 gi|156 19477 19534
440 gi|156 20555 20813
441 gi|156 21015 21125
442 gi|157 9663 10522
443 gi|157 11816 12056
444 gi|157 12154 12229
445 gi|157 14305 14347
446 gi|157 14534 14583
447 gi|157 17720 18213
448 gi|157 18333 18399
449 gi|157 18428 18833
450 gi|157 21434 21570
451 gi|157 21810 21954
452 gi|157 22905 23120
453 gi|157 23124 23190
454 gi|157 23301 23471
455 gi|157 23457 23580
456 gi|157 23582 23722
457 gi|157 24434 24531
458 gi|157 33711 33851
459 gi|158 7295 7423
460 gi|158 15339 15470
461 gi|158 25729 25883
462 gi|158 26071 26229
463 gi|158 26377 26423
464 gi|158 27308 27670
465 gi|158 28286 28419
466 gi|158 29033 29241
467 gi|159 3141 3399
468 gi|159 8826 9344
469 gi|159 9354 10018
470 gi|159 18787 19645
471 gi|159 29115 29214
472 gi|16 8845 9387
473 gi|16 30874 32053
474 gi|16 32556 32794
475 gi|16 33340 33610
476 gi|16 33964 34247
477 gi|16 34318 34389
478 gi|160 9255 10706
479 gi|161 20121 20349
480 gi|162 23602 23807
481 gi|162 24015 24183
482 gi|162 34053 34215
483 gi|162 34667 34774
484 gi|162 35592 35673
485 gi|163 3638 3988
486 gi|163 4147 4319
487 gi|163 14311 14631
488 gi|163 14866 16031
489 gi|163 16163 16621
490 gi|163 21322 21475
491 gi|163 27126 27395
492 gi|163 27299 28041
493 gi|163 28061 28193
494 gi|163 28195 28239
495 gi|163 32593 32714
496 gi|163 33886 34013
497 gi|163 34276 34351
498 gi|163 37665 37860
499 gi|163 37856 38025
500 gi|163 38298 38445
501 gi|163 38484 38712
502 gi|163 38710 39993
503 gi|163 40085 40490
504 gi|163 40493 40543
505 gi|163 40605 40700
506 gi|164 16475 16839
507 gi|164 17141 17498
508 gi|164 21563 21887
509 gi|164 37795 37940
510 gi|165 561 690
511 gi|165 1530 1638
512 gi|165 3919 4997
513 gi|165 11063 11177
514 gi|165 17893 17972
515 gi|165 25313 26266
516 gi|165 26234 26376
517 gi|165 26475 26590
518 gi|165 28734 28826
519 gi|166 26 551
520 gi|166 545 600
521 gi|166 782 1183
522 gi|166 1307 1850
523 gi|166 3884 3961
524 gi|166 8475 8726
525 gi|166 13027 13116
526 gi|166 14621 14711
527 gi|166 14844 15088
528 gi|166 21744 21793
529 gi|166 23615 24362
530 gi|166 24599 24934
531 gi|167 2186 2354
532 gi|167 2349 2497
533 gi|167 2485 3233
534 gi|167 3614 9101
535 gi|167 9091 9475
536 gi|167 9398 9808
537 gi|167 9820 10331
538 gi|167 10328 11577
539 gi|167 11633 11713
540 gi|167 12122 12398
541 gi|167 12325 14211
542 gi|167 13727 15128
543 gi|167 15636 16284
544 gi|167 17101 17461
545 gi|167 17887 18065
546 gi|167 18036 18525
547 gi|167 18519 20132
548 gi|167 20130 27401
549 gi|167 27381 27706
550 gi|167 27698 31697
551 gi|167 31870 32233
552 gi|167 32208 32602
553 gi|167 32588 33248
554 gi|167 33192 33499
555 gi|167 33461 34010
556 gi|167 34007 34770
557 gi|167 35001 35287
558 gi|167 35326 36027
559 gi|167 36321 36446
560 gi|167 36447 36658
561 gi|167 36616 36922
562 gi|167 36902 37751
563 gi|168 369 454
564 gi|168 25273 25425
565 gi|17 9276 9382
566 gi|17 9503 9565
567 gi|17 10104 10209
568 gi|17 10191 10512
569 gi|17 10511 10674
570 gi|17 32850 34564
571 gi|17 34606 34806
572 gi|170 3 1010
573 gi|170 1034 1817
574 gi|170 1836 1942
575 gi|170 2255 3397
576 gi|170 3401 3600
577 gi|170 3670 3861
578 gi|170 3832 4205
579 gi|170 4206 4433
580 gi|170 4432 4676
581 gi|170 4642 9005
582 gi|170 9589 9740
583 gi|170 30034 30194
584 gi|170 38505 38861
585 gi|170 38887 39059
586 gi|170 39123 39396
587 gi|171 14686 14742
588 gi|171 18352 18547
589 gi|171 23350 23498
590 gi|171 33005 33211
591 gi|171 34769 34888
592 gi|172 10422 10492
593 gi|172 27269 27512
594 gi|173 891 1086
595 gi|173 1853 2015
596 gi|174 10580 11140
597 gi|175 8185 8362
598 gi|175 10148 10365
599 gi|175 13307 14539
600 gi|175 14686 14906
601 gi|175 16031 16189
602 gi|175 20961 21087
603 gi|175 34622 34694
604 gi|175 34955 35289
605 gi|176 8199 8327
606 gi|176 8343 8547
607 gi|176 10439 10519
608 gi|176 17703 18165
609 gi|176 19181 19302
610 gi|176 23548 23662
611 gi|176 38804 38997
612 gi|177 17338 17434
613 gi|177 30962 31107
614 gi|178 6329 6643
615 gi|178 9423 9535
616 gi|179 11364 11440
617 gi|18 6868 7498
618 gi|18 10601 10704
619 gi|18 20999 21174
620 gi|18 39152 39195
621 gi|180 19671 20292
622 gi|180 20589 21464
623 gi|180 21550 21590
624 gi|180 24473 24612
625 gi|181 26721 26801
626 gi|181 31559 31823
627 gi|181 39044 39105
628 gi|181 40071 40225
629 gi|182 15243 15358
630 gi|182 24749 25137
631 gi|183 6463 6557
632 gi|183 6981 7128
633 gi|183 24671 24869
634 gi|183 25873 26243
635 gi|183 26652 26709
636 gi|185 18308 19157
637 gi|185 19422 19486
638 gi|186 1010 1092
639 gi|186 6565 6710
640 gi|186 10951 11108
641 gi|186 18224 18477
642 gi|186 22536 22630
643 gi|186 28572 28799
644 gi|186 28850 29452
645 gi|186 29501 29851
646 gi|186 32104 32877
647 gi|186 32687 33154
648 gi|186 33152 33414
649 gi|186 35408 35599
650 gi|187 11965 12193
651 gi|187 21679 21811
652 gi|188 6836 7031
653 gi|188 15222 15496
654 gi|189 4375 4802
655 gi|189 4793 4860
656 gi|19 8345 8397
657 gi|19 33581 33770
658 gi|19 33835 33925
659 gi|19 34978 35083
660 gi|19 35681 35788
661 gi|190 8239 8288
662 gi|190 8282 8328
663 gi|190 8320 8380
664 gi|190 13394 13516
665 gi|190 21861 22127
666 gi|190 38957 39029
667 gi|190 39001 39297
668 gi|191 5066 5606
669 gi|191 5798 5864
670 gi|191 5952 6361
671 gi|191 19946 20082
672 gi|191 33850 34085
673 gi|191 34505 34646
674 gi|191 38711 38839
675 gi|192 5386 5596
676 gi|192 9029 9106
677 gi|192 19152 19212
678 gi|192 24645 24733
679 gi|192 26319 26379
680 gi|192 31855 32427
681 gi|193 19893 20051
682 gi|193 21547 22063
683 gi|193 22144 23535
684 gi|193 28133 28305
685 gi|193 33098 33722
686 gi|194 4723 4896
687 gi|194 28610 28942
688 gi|195 11858 12002
689 gi|195 13956 14063
690 gi|195 24909 25170
691 gi|195 25414 25515
692 gi|195 25539 25781
693 gi|195 38702 40378
694 gi|196 9153 9272
695 gi|196 21763 22349
696 gi|196 28631 29064
697 gi|196 29065 29500
698 gi|197 1758 1872
699 gi|197 6309 9037
700 gi|197 9207 9536
701 gi|197 10203 10535
702 gi|197 10769 11052
703 gi|197 11136 11329
704 gi|197 12394 12526
705 gi|197 12924 13125
706 gi|197 15409 15920
707 gi|197 16301 17029
708 gi|197 18046 20173
709 gi|197 23091 23653
710 gi|198 35100 36545
711 gi|198 37355 37612
712 gi|198 39397 39519
713 gi|199 16095 16162
714 gi|199 21134 21225
715 gi|199 28954 29043
716 gi|2 265 599
717 gi|2 626 1362
718 gi|2 1636 1758
719 gi|2 2483 2565
720 gi|2 12465 12614
721 gi|2 12693 12965
722 gi|2 13514 13709
723 gi|2 13731 13862
724 gi|2 13882 14141
725 gi|2 19415 20014
726 gi|2 21957 22052
727 gi|2 22014 22105
728 gi|2 23611 23701
729 gi|2 24480 24815
730 gi|2 29253 29339
731 gi|2 29336 29604
732 gi|2 29757 29938
733 gi|2 35244 35384
734 gi|2 35603 35936
735 gi|20 15052 15112
736 gi|20 37374 37419
737 gi|200 15103 15220
738 gi|200 35424 35688
739 gi|200 36029 36069
740 gi|200 36399 36512
741 gi|200 36888 37168
742 gi|200 39101 39476
743 gi|201 5616 6970
744 gi|201 7570 7728
745 gi|201 9252 9357
746 gi|201 28465 28522
747 gi|201 28631 29902
748 gi|201 31310 31388
749 gi|201 32147 32237
750 gi|201 33937 33982
751 gi|202 11219 11336
752 gi|202 20918 21890
753 gi|203 4863 5057
754 gi|203 25028 25187
755 gi|203 30213 30981
756 gi|203 30944 31453
757 gi|203 31510 31616
758 gi|204 971 1084
759 gi|204 2444 2714
760 gi|204 8521 8590
761 gi|204 8798 8886
762 gi|204 8988 9091
763 gi|204 9046 9138
764 gi|204 16985 17193
765 gi|204 17830 17963
766 gi|204 18599 18958
767 gi|204 19895 19940
768 gi|204 19989 20143
769 gi|204 20305 20458
770 gi|204 22313 23695
771 gi|204 23747 23857
772 gi|204 23886 23978
773 gi|204 24028 24324
774 gi|204 24624 25366
775 gi|204 25293 25461
776 gi|204 25459 25603
777 gi|204 28705 28825
778 gi|204 36203 38228
779 gi|204 38316 38356
780 gi|204 38796 38884
781 gi|204 39143 39290
782 gi|205 3059 3122
783 gi|205 3170 3230
784 gi|205 3246 3305
785 gi|205 3348 3508
786 gi|205 21092 21495
787 gi|205 22055 22308
788 gi|205 36926 37011
789 gi|205 37018 37168
790 gi|205 39148 39343
791 gi|205 39591 39782
792 gi|205 39771 39970
793 gi|206 22397 22509
794 gi|206 22678 22837
795 gi|206 23627 23717
796 gi|206 23865 23922
797 gi|206 26157 26347
798 gi|207 7835 7958
799 gi|207 11601 11818
800 gi|208 13884 14592
801 gi|208 14647 14929
802 gi|208 14991 15130
803 gi|208 26350 28933
804 gi|208 37141 37383
805 gi|208 37399 37550
806 gi|209 17495 17670
807 gi|209 31463 31572
808 gi|21 93 512
809 gi|21 9007 9173
810 gi|21 18422 18582
811 gi|21 26242 26416
812 gi|21 32859 32990
813 gi|210 26333 26753
814 gi|210 30285 30516
815 gi|210 31363 31674
816 gi|210 31838 31957
817 gi|211 1674 1813
818 gi|211 12886 12947
819 gi|211 21939 22023
820 gi|211 25553 25747
821 gi|211 29069 29253
822 gi|211 29537 29859
823 gi|211 37608 38001
824 gi|212 3217 3352
825 gi|212 18295 18485
826 gi|213 1086 1297
827 gi|213 1211 1403
828 gi|213 4377 6583
829 gi|213 23254 23310
830 gi|213 30884 31478
831 gi|213 32417 32952
832 gi|213 36594 36796
833 gi|214 7110 7228
834 gi|214 31225 31632
835 gi|215 7004 7436
836 gi|215 8368 8876
837 gi|215 18343 18529
838 gi|215 20412 22261
839 gi|215 22274 22325
840 gi|215 32238 32595
841 gi|215 35145 35529
842 gi|216 1439 1864
843 gi|216 4660 4769
844 gi|216 5524 5689
845 gi|216 7428 7496
846 gi|216 8043 9640
847 gi|216 10691 10730
848 gi|216 11040 11068
849 gi|216 17617 18052
850 gi|216 18444 18820
851 gi|216 24023 25736
852 gi|216 25854 26204
853 gi|216 32845 33626
854 gi|217 7394 7650
855 gi|217 11999 12115
856 gi|217 12363 12433
857 gi|217 14965 15058
858 gi|217 20010 20258
859 gi|217 20501 20632
860 gi|217 20614 20956
861 gi|217 22719 23142
862 gi|218 8298 8498
863 gi|218 8857 9125
864 gi|218 36481 36604
865 gi|219 34557 34772
866 gi|219 34911 35833
867 gi|219 36578 36852
868 gi|219 36888 37822
869 gi|22 11374 11521
870 gi|221 5369 5569
871 gi|221 5688 7448
872 gi|221 9493 10191
873 gi|221 10667 11141
874 gi|221 16128 16188
875 gi|221 16346 16511
876 gi|221 36257 36684
877 gi|221 36682 36756
878 gi|222 1626 2018
879 gi|222 9864 10586
880 gi|222 12244 12350
881 gi|222 12358 12556
882 gi|222 16287 16370
883 gi|222 29756 29837
884 gi|222 29816 29910
885 gi|222 29901 30190
886 gi|222 30166 30642
887 gi|222 30735 30841
888 gi|222 30895 31171
889 gi|222 31170 31346
890 gi|222 31346 31407
891 gi|223 20210 20444
892 gi|223 20426 20665
893 gi|223 38780 39053
894 gi|224 7118 7234
895 gi|224 7320 7513
896 gi|224 18335 18655
897 gi|224 18943 19830
898 gi|224 20260 21776
899 gi|224 23705 24232
900 gi|224 27348 27409
901 gi|224 28150 28319
902 gi|224 28378 28569
903 gi|224 31589 31778
904 gi|224 34765 34886
905 gi|224 36888 37179
906 gi|225 26276 27260
907 gi|226 5611 5845
908 gi|226 6014 6774
909 gi|226 7319 7407
910 gi|227 15393 15869
911 gi|227 16024 16166
912 gi|227 16351 16400
913 gi|227 30658 30752
914 gi|228 601 961
915 gi|228 1487 1854
916 gi|229 17437 17705
917 gi|229 17840 17937
918 gi|23 16828 17518
919 gi|23 29995 30226
920 gi|23 30454 30686
921 gi|23 31161 31353
922 gi|23 31806 32963
923 gi|23 33483 33921
924 gi|23 34079 34305
925 gi|23 36305 36802
926 gi|23 36926 37387
927 gi|23 37507 38286
928 gi|23 39636 39815
929 gi|24 2630 2718
930 gi|24 8251 8333
931 gi|24 9285 9508
932 gi|24 10298 12452
933 gi|24 29991 30134
934 gi|24 30713 31159
935 gi|24 37154 37284
936 gi|24 37887 38132
937 gi|24 38771 39061
938 gi|24 39397 39540
939 gi|25 1047 1142
940 gi|25 1561 1704
941 gi|25 1733 1932
942 gi|25 5798 5873
943 gi|25 11889 12431
944 gi|25 18933 19007
945 gi|25 19364 20259
946 gi|26 620 948
947 gi|26 2848 3560
948 gi|26 5374 5873
949 gi|26 7803 10515
950 gi|26 10533 10711
951 gi|26 10812 10880
952 gi|26 15698 16067
953 gi|26 16454 16725
954 gi|26 17278 17576
955 gi|26 17703 18359
956 gi|26 19057 19367
957 gi|26 19662 21174
958 gi|26 21560 21882
959 gi|26 23602 23868
960 gi|26 25216 25378
961 gi|26 26008 28959
962 gi|26 31427 32562
963 gi|26 32926 33038
964 gi|26 33043 33177
965 gi|26 33142 33278
966 gi|26 33219 33481
967 gi|26 33890 34906
968 gi|26 35276 35349
969 gi|27 1 409
970 gi|27 12411 12534
971 gi|27 18483 18656
972 gi|27 33613 33716
973 gi|28 1 166
974 gi|28 585 701
975 gi|28 684 901
976 gi|28 919 996
977 gi|28 1417 1650
978 gi|28 9736 9984
979 gi|28 12876 12997
980 gi|28 15389 15524
981 gi|28 18293 18902
982 gi|28 18858 18973
983 gi|28 19196 19268
984 gi|28 20194 20385
985 gi|28 20307 21122
986 gi|28 21119 21202
987 gi|28 26131 26314
988 gi|29 851 941
989 gi|29 8358 9933
990 gi|29 9867 10865
991 gi|29 11344 11422
992 gi|29 13416 13507
993 gi|29 13780 14859
994 gi|29 15589 15783
995 gi|29 17174 17312
996 gi|29 23881 24048
997 gi|29 24097 25013
998 gi|29 24994 25234
999 gi|29 25227 25823
1000 gi|29 29061 29282
1001 gi|29 29319 30606
1002 gi|29 33309 33507
1003 gi|29 33956 34432
1004 gi|29 34447 34613
1005 gi|29 36349 36476
1006 gi|29 37908 38100
1007 gi|3 11630 11759
1008 gi|3 15017 15278
1009 gi|3 16161 16302
1010 gi|3 16457 16530
1011 gi|3 37932 38026
1012 gi|30 3025 3082
1013 gi|30 4598 4804
1014 gi|30 4967 5158
1015 gi|30 5620 5716
1016 gi|31 4818 4898
1017 gi|31 26601 26696
1018 gi|31 33449 33714
1019 gi|32 36267 36608
1020 gi|32 36601 36759
1021 gi|32 36873 37041
1022 gi|33 3281 3396
1023 gi|33 24139 24563
1024 gi|34 13625 14164
1025 gi|34 14887 14982
1026 gi|34 22355 24296
1027 gi|35 165 214
1028 gi|35 1778 2242
1029 gi|35 4261 5162
1030 gi|35 8992 9189
1031 gi|35 30072 30318
1032 gi|35 36258 36450
1033 gi|35 38786 38853
1034 gi|35 38956 39172
1035 gi|35 39129 39347
1036 gi|36 2612 2760
1037 gi|36 3215 3347
1038 gi|36 5336 5423
1039 gi|36 22975 23138
1040 gi|36 23657 23753
1041 gi|36 23763 24000
1042 gi|36 31133 31257
1043 gi|36 39164 39244
1044 gi|36 39461 39661
1045 gi|37 35373 35473
1046 gi|37 35977 36042
1047 gi|38 17011 17213
1048 gi|38 39834 39920
1049 gi|39 6687 6849
1050 gi|39 6929 7408
1051 gi|39 7688 7797
1052 gi|39 8395 8659
1053 gi|39 30163 30228
1054 gi|4 1 701
1055 gi|40 4315 4815
1056 gi|40 9293 9405
1057 gi|40 9696 9977
1058 gi|40 16472 16551
1059 gi|41 3421 3581
1060 gi|41 11812 12200
1061 gi|41 15360 15495
1062 gi|41 15574 15602
1063 gi|41 17501 17588
1064 gi|41 17713 17759
1065 gi|41 22193 23513
1066 gi|41 23673 23824
1067 gi|41 23991 24072
1068 gi|41 24132 24394
1069 gi|41 24914 25368
1070 gi|41 25661 26124
1071 gi|41 26225 26323
1072 gi|41 26376 26530
1073 gi|41 26793 27060
1074 gi|41 27262 27706
1075 gi|41 35030 35173
1076 gi|41 35415 35621
1077 gi|41 35615 35782
1078 gi|41 38785 38855
1079 gi|41 38876 38915
1080 gi|42 18976 19154
1081 gi|42 26774 26882
1082 gi|43 1305 1451
1083 gi|43 1676 1767
1084 gi|43 1851 1971
1085 gi|43 11041 11178
1086 gi|43 17581 18017
1087 gi|43 24828 24895
1088 gi|43 26138 26226
1089 gi|43 27336 27408
1090 gi|43 37432 37700
1091 gi|43 37567 37921
1092 gi|44 1243 1295
1093 gi|44 1308 1558
1094 gi|44 1567 1627
1095 gi|44 3663 3848
1096 gi|44 4431 4516
1097 gi|44 4489 5003
1098 gi|44 5258 5422
1099 gi|44 25715 26049
1100 gi|44 29268 29415
1101 gi|45 14725 14804
1102 gi|45 23620 23755
1103 gi|46 2515 2633
1104 gi|46 31223 31294
1105 gi|46 33947 34328
1106 gi|46 34800 34884
1107 gi|46 35094 35733
1108 gi|47 2492 2796
1109 gi|47 3739 3793
1110 gi|47 4632 4890
1111 gi|47 10783 10866
1112 gi|47 23978 24285
1113 gi|47 27635 27781
1114 gi|47 28765 28839
1115 gi|47 28928 29046
1116 gi|47 31025 31109
1117 gi|47 31517 31581
1118 gi|47 31623 31708
1119 gi|48 1 402
1120 gi|48 519 700
1121 gi|48 713 859
1122 gi|48 7100 7448
1123 gi|48 40389 40703
1124 gi|49 22846 23124
1125 gi|49 36632 36786
1126 gi|5 38991 39141
1127 gi|50 9094 9254
1128 gi|50 10916 11339
1129 gi|50 27806 27942
1130 gi|50 28546 28641
1131 gi|50 37768 38115
1132 gi|50 38819 39062
1133 gi|50 39175 39258
1134 gi|51 13860 13925
1135 gi|51 14556 14659
1136 gi|51 21076 21165
1137 gi|51 22805 25425
1138 gi|51 33028 33238
1139 gi|52 1291 1384
1140 gi|52 12832 13362
1141 gi|52 13495 14868
1142 gi|52 15457 16422
1143 gi|52 21934 22061
1144 gi|52 26215 26533
1145 gi|52 26824 26920
1146 gi|52 27267 27581
1147 gi|52 29664 29781
1148 gi|52 29911 29972
1149 gi|52 31647 32026
1150 gi|52 35850 35964
1151 gi|52 37342 37632
1152 gi|53 5273 6317
1153 gi|53 6349 6550
1154 gi|53 6849 7055
1155 gi|53 10600 11330
1156 gi|53 24167 24280
1157 gi|53 34588 34680
1158 gi|53 35612 36587
1159 gi|54 14077 14541
1160 gi|54 14651 14793
1161 gi|54 14921 14970
1162 gi|54 21379 22036
1163 gi|54 23906 24438
1164 gi|56 3217 3275
1165 gi|56 12503 12568
1166 gi|56 27411 27531
1167 gi|56 32203 32468
1168 gi|56 32536 32693
1169 gi|56 32697 32974
1170 gi|57 8858 9359
1171 gi|57 10795 11465
1172 gi|57 11326 11651
1173 gi|57 11582 11749
1174 gi|57 14166 14225
1175 gi|57 17263 17633
1176 gi|58 6821 7102
1177 gi|58 7090 7211
1178 gi|58 8566 8608
1179 gi|58 10489 10585
1180 gi|58 13007 13137
1181 gi|58 18073 18180
1182 gi|58 19393 19514
1183 gi|58 36298 36521
1184 gi|58 36912 39066
1185 gi|59 13715 13823
1186 gi|59 14357 14485
1187 gi|59 21341 21493
1188 gi|59 27537 29045
1189 gi|59 29079 29172
1190 gi|6 15164 15219
1191 gi|60 7978 8055
1192 gi|60 19870 21346
1193 gi|60 25486 25713
1194 gi|60 25705 25856
1195 gi|61 29071 29200
1196 gi|61 30800 31041
1197 gi|61 36029 36607
1198 gi|62 898 1013
1199 gi|62 13978 14158
1200 gi|62 27652 27775
1201 gi|62 27890 27929
1202 gi|62 29350 29471
1203 gi|62 29459 29521
1204 gi|62 29670 29799
1205 gi|63 5984 6135
1206 gi|63 6288 6402
1207 gi|63 8299 8494
1208 gi|63 19110 20673
1209 gi|63 20867 21218
1210 gi|63 22805 22899
1211 gi|64 7978 8072
1212 gi|64 22943 24806
1213 gi|64 35802 35898
1214 gi|65 13927 14080
1215 gi|65 15109 15216
1216 gi|65 15238 15519
1217 gi|65 15625 16333
1218 gi|65 16339 16659
1219 gi|65 16619 16797
1220 gi|65 16804 16988
1221 gi|65 17002 17252
1222 gi|65 17256 17390
1223 gi|65 18669 18835
1224 gi|65 19133 19471
1225 gi|65 20535 20609
1226 gi|66 4790 5124
1227 gi|66 5563 5923
1228 gi|67 28281 28380
1229 gi|67 30129 30550
1230 gi|67 30546 30700
1231 gi|67 31141 31199
1232 gi|67 34332 34756
1233 gi|67 38456 38661
1234 gi|67 38566 39334
1235 gi|67 39341 39451
1236 gi|67 39409 39610
1237 gi|67 39608 39838
1238 gi|67 39960 40044
1239 gi|68 5520 5623
1240 gi|68 8742 9021
1241 gi|68 20847 20917
1242 gi|68 24653 24717
1243 gi|68 24694 24807
1244 gi|68 30015 30771
1245 gi|68 34544 34595
1246 gi|68 34587 34814
1247 gi|69 3097 3321
1248 gi|69 15168 15225
1249 gi|69 21166 21328
1250 gi|69 23664 23721
1251 gi|69 23707 23980
1252 gi|69 23984 24038
1253 gi|69 31710 32437
1254 gi|69 32700 32923
1255 gi|69 33038 33920
1256 gi|69 36943 37101
1257 gi|69 37729 39158
1258 gi|7 622 730
1259 gi|7 4555 5046
1260 gi|7 12187 12333
1261 gi|7 18098 19531
1262 gi|7 21696 22268
1263 gi|7 32229 32513
1264 gi|70 34801 35326
1265 gi|71 13409 13514
1266 gi|71 25395 25483
1267 gi|71 39542 39867
1268 gi|71 39850 39981
1269 gi|72 1 166
1270 gi|73 4537 4792
1271 gi|73 22031 22277
1272 gi|74 1054 1173
1273 gi|74 7487 7645
1274 gi|74 18951 20461
1275 gi|74 27219 27363
1276 gi|74 37095 37531
1277 gi|74 39292 39499
1278 gi|74 39530 39674
1279 gi|74 39676 39876
1280 gi|75 15032 15252
1281 gi|75 15180 15523
1282 gi|75 15524 16118
1283 gi|75 16046 16210
1284 gi|75 16443 16603
1285 gi|76 16401 16745
1286 gi|76 18192 18473
1287 gi|76 35836 36183
1288 gi|76 38046 38315
1289 gi|77 9257 9334
1290 gi|77 12723 12812
1291 gi|77 27681 27861
1292 gi|77 31733 31856
1293 gi|78 3191 3385
1294 gi|78 6188 6388
1295 gi|78 6764 6835
1296 gi|78 6990 7111
1297 gi|78 19873 19918
1298 gi|78 20120 20257
1299 gi|78 30991 31119
1300 gi|79 17295 17453
1301 gi|79 37839 37921
1302 gi|79 37915 38234
1303 gi|8 144 587
1304 gi|8 1116 1394
1305 gi|8 2344 2644
1306 gi|8 3115 4098
1307 gi|8 4902 5847
1308 gi|8 6377 6652
1309 gi|8 6651 6864
1310 gi|8 6877 6926
1311 gi|8 10009 10267
1312 gi|8 10574 10664
1313 gi|8 11787 12221
1314 gi|8 12421 12634
1315 gi|8 13193 13312
1316 gi|8 13772 13956
1317 gi|8 13900 14034
1318 gi|8 15486 15628
1319 gi|8 15629 15768
1320 gi|8 16496 16738
1321 gi|8 16994 17348
1322 gi|8 17395 17486
1323 gi|8 19863 20089
1324 gi|8 20790 21666
1325 gi|8 23163 23294
1326 gi|8 24495 24591
1327 gi|8 24985 25154
1328 gi|8 27173 27510
1329 gi|8 27725 27920
1330 gi|8 28110 28401
1331 gi|8 28517 28616
1332 gi|8 35434 35714
1333 gi|8 37793 37862
1334 gi|80 10808 10964
1335 gi|80 10940 11714
1336 gi|80 11716 11848
1337 gi|80 16199 17353
1338 gi|80 17982 20694
1339 gi|80 21058 21126
1340 gi|80 21471 22502
1341 gi|80 23089 23254
1342 gi|80 26479 27019
1343 gi|80 27385 28096
1344 gi|80 29655 31705
1345 gi|80 35335 35420
1346 gi|81 17858 17903
1347 gi|81 29452 29944
1348 gi|81 30008 30480
1349 gi|81 30542 31306
1350 gi|82 3383 3495
1351 gi|82 6414 6948
1352 gi|82 8810 8844
1353 gi|82 16472 16621
1354 gi|82 18829 18958
1355 gi|82 36316 36582
1356 gi|82 38081 38191
1357 gi|83 1565 1654
1358 gi|83 22654 22742
1359 gi|83 25976 26065
1360 gi|83 33337 33410
1361 gi|83 37008 37170
1362 gi|83 37940 38084
1363 gi|84 6434 7367
1364 gi|84 17961 18285
1365 gi|84 24015 24115
1366 gi|84 24108 24155
1367 gi|85 4 92
1368 gi|85 13224 13938
1369 gi|85 14093 14334
1370 gi|85 14361 15220
1371 gi|85 16356 16772
1372 gi|85 16910 17300
1373 gi|85 17301 17623
1374 gi|85 17672 20616
1375 gi|85 20609 20660
1376 gi|85 20922 21740
1377 gi|85 21702 22245
1378 gi|85 22237 22585
1379 gi|85 22572 23041
1380 gi|85 36252 36435
1381 gi|85 36423 36539
1382 gi|85 37090 37379
1383 gi|85 37386 37505
1384 gi|85 37828 37944
1385 gi|86 15100 16290
1386 gi|86 16246 16359
1387 gi|86 33623 33702
1388 gi|87 1315 1422
1389 gi|87 6009 6156
1390 gi|87 6617 6832
1391 gi|87 7962 8058
1392 gi|87 8241 8508
1393 gi|87 18711 18772
1394 gi|87 32552 33370
1395 gi|87 33545 34027
1396 gi|88 16820 17081
1397 gi|88 21615 21708
1398 gi|88 22929 23146
1399 gi|89 6927 7113
1400 gi|89 7479 7608
1401 gi|89 8853 9074
1402 gi|89 9555 9611
1403 gi|89 9659 10023
1404 gi|89 36077 36379
1405 gi|89 36479 36559
1406 gi|9 35624 35792
1407 gi|9 38233 38578
1408 gi|9 38749 39373
1409 gi|9 39349 39573
1410 gi|90 5264 5395
1411 gi|90 12756 12848
1412 gi|90 19563 19718
1413 gi|90 28141 28305
1414 gi|91 5848 5994
1415 gi|91 7567 7699
1416 gi|91 15386 15459
1417 gi|91 15887 15957
1418 gi|91 16208 17066
1419 gi|91 21050 21209
1420 gi|91 29003 29363
1421 gi|91 29511 31299
1422 gi|91 31291 31523
1423 gi|91 31891 31987
1424 gi|91 33577 35891
1425 gi|92 5189 5268
1426 gi|92 5383 5505
1427 gi|92 14089 14690
1428 gi|92 38468 38534
1429 gi|93 14839 14978
1430 gi|93 16940 17779
1431 gi|93 17780 17933
1432 gi|93 22575 22796
1433 gi|94 12748 12921
1434 gi|94 34145 34215
1435 gi|94 37233 38329
1436 gi|95 1463 1520
1437 gi|95 21055 21181
1438 gi|95 24574 24627
1439 gi|95 34976 35143
1440 gi|96 4961 5271
1441 gi|96 7447 7701
1442 gi|96 16046 16370
1443 gi|96 19579 19886
1444 gi|96 19897 20012
1445 gi|96 30823 33054
1446 gi|97 9638 9708
1447 gi|97 10794 11112
1448 gi|97 11718 11822
1449 gi|97 13189 13631
1450 gi|97 13746 14441
1451 gi|97 15114 15195
1452 gi|97 16042 16271
1453 gi|97 17797 19304
1454 gi|97 19972 20034
1455 gi|97 25453 25615
1456 gi|98 212 494
1457 gi|98 7324 7875
1458 gi|98 8685 9694
1459 gi|98 9803 10091
1460 gi|98 14521 14764
1461 gi|98 14761 15078
1462 gi|98 15077 15514
1463 gi|98 16301 17004
1464 gi|98 17433 17624
1465 gi|98 18067 18315
1466 gi|98 21024 21144
1467 gi|98 21223 24787
1468 gi|98 26837 27059
1469 gi|98 27173 27782
1470 gi|99 22602 22689
1471 gi|99 23314 23629
1472 gi|99 24712 24992
1473 gi|99 25205 25338
1474 gi|99 25932 26301
1475 gi|99 26476 26650
1476 gi|99 26847 27008
1477 gi|99 27015 27156
1478 gi|99 28654 28854
1479 gi|99 36176 36272
