#  fam    ele   dir  sequence    start     end
     1      1  1       gi|1      654     1026 
     1    122 -1      gi|40    21345    21436 
     1    123 -1      gi|40    21504    21876 
     2      2  1       gi|1     3599     4038 
     2    121 -1      gi|40    21182    21316 
     2    243 -1      gi|65    35810    36249 
     3      3  1       gi|1    16373    16454 
     3    237  1      gi|65    16910    17301 
     3    222 -1      gi|60    24749    25137 
     4      4  1       gi|1    19346    19585 
     4    210  1      gi|59    36220    36461 
     5      5  1       gi|1    19613    19705 
     5    211  1      gi|59    36556    36652 
     6      6  1       gi|1    24671    24970 
     6     39 -1       gi|2     3224     3573 
     6    232 -1      gi|64    18203    18467 
     7      7  1      gi|11    13001    13100 
     7    252 -1      gi|70     8727     8821 
     8      8  1      gi|11    15164    15219 
     8    107  1       gi|4    35724    35777 
     9      9  1      gi|11    16604    17031 
     9    141 -1      gi|42    34368    34910 
     9    270  1      gi|73    18469    18789 
    10     10  1      gi|12      723      924 
    10     71  1      gi|34     7282     7466 
    11     11  1      gi|12     4186     4297 
    11    244 -1      gi|66     6880     7000 
    12     12  1      gi|12     6238     6367 
    12     34 -1      gi|18    26041    26164 
    13     13  1      gi|12    17644    17845 
    13     93 -1      gi|39    35001    35341 
    13     59  1      gi|27    10397    10731 
    13    189 -1      gi|54    21958    22017 
    14     14  1      gi|12    19244    19324 
    14    127  1      gi|41     7962     8037 
    15     15  1      gi|12    20980    21087 
    15    126 -1      gi|41     1333     1414 
    16     16  1      gi|12    22974    23104 
    16     72  1      gi|34    18038    18169 
    17     17  1      gi|12    34272    34812 
    17     97 -1      gi|39    38639    39165 
    17    118  1      gi|40    16113    16334 
    18     19  1      gi|14    14028    14454 
    18    146 -1      gi|44    24031    24465 
    19     20  1      gi|14    14485    14793 
    19     56 -1      gi|27      638      952 
    19    161  1       gi|5      463      508 
    19    289 -1       gi|4    11820    12130 
    19    291  1      gi|77    32236    32473 
    19    132  1      gi|42    21149    21433 
    19    292 -1      gi|14     7870     8181 
    19    294 -1       gi|6    20821    20984 
    19    131 -1      gi|42    13701    13957 
    19     24  1      gi|16    21214    21432 
    19    175  1      gi|53    22943    23003 
    20     22  1      gi|15     7127     7276 
    20    288 -1       gi|9    35645    35807 
    21     23  1      gi|16    20734    20865 
    21    286  1       gi|9     7615     7752 
    22     26  1      gi|16    21691    21777 
    22    269 -1      gi|73    10480    10662 
    22    133  1      gi|42    24910    25019 
    22    139 -1      gi|42    28352    28430 
    22    183 -1      gi|54     2483     2572 
    22    184  1      gi|54    12464    12596 
    23     27  1      gi|16    21761    22101 
    24     28  1      gi|16    25555    25754 
    24    102  1       gi|4     3421     3575 
    24    188 -1      gi|54    19805    20014 
    25     29  1      gi|17    10421    11014 
    25     63  1      gi|30     4577     5127 
    25    234 -1      gi|64    23926    24108 
    26     30  1      gi|17    32376    32458 
    26    108 -1       gi|4    36520    36594 
    27     31  1      gi|17    32577    32799 
    27    154 -1      gi|46    39787    40000 
    28     32  1      gi|18     2671     2738 
    28    109 -1       gi|4    38785    38855 
    29     33  1      gi|18     9302     9379 
    29     88 -1      gi|38    29912    29989 
    30     35  1      gi|19      507      632 
    30    169  1      gi|52     1943     2068 
    31     38  1      gi|19    25801    26061 
    31    263 -1      gi|72    25116    25395 
    32     40  1       gi|2    29473    29588 
    32     51  1      gi|25    34718    34825 
    33     41  1      gi|21    36267    36608 
    33    274  1      gi|74    18663    19010 
    34     42  1      gi|21    36632    36670 
    34    275 -1      gi|75    20092    20130 
    35     43  1      gi|22    25486    25637 
    35    223  1      gi|61    26242    26385 
    36     44  1      gi|23      333      490 
    36    309  1      gi|71    22386    22810 
    36    171 -1      gi|52     3345     3531 
    36    305 -1      gi|62    20331    20770 
    36    308 -1      gi|34    18773    19019 
    36    303  1      gi|19    21895    21938 
    37     45  1      gi|23      487      603 
    37    170 -1      gi|52     2812     3044 
    37    304 -1      gi|62    20097    20328 
    37    307 -1      gi|34    18568    18768 
    38     46  1      gi|23     5395     5498 
    38    216 -1       gi|6    32274    32373 
    39     47  1      gi|23    26892    27129 
    39    276  1      gi|76    12194    12442 
    40     48  1      gi|23    29565    29675 
    40    277  1      gi|76    14790    14894 
    41     49  1      gi|23    31710    31933 
    41     91  1      gi|39    11053    11267 
    42     50  1      gi|23    32586    32720 
    42     92  1      gi|39    11271    11405 
    43     52  1      gi|26     4104     4168 
    43    221  1       gi|6    38077    38142 
    44     53  1      gi|26    16854    16955 
    44     84  1      gi|36    25423    25524 
    45     54  1      gi|26    17166    17638 
    46     55  1      gi|27      388      621 
    46    140 -1      gi|42    30228    30409 
    46    267  1      gi|73     9168     9403 
    46    228  1      gi|63    17976    18250 
    46    201  1      gi|56    16573    16707 
    47     57  1      gi|27     8488     9163 
    47    144 -1      gi|42    36986    37645 
    48     58  1      gi|27     9303    10396 
    48    143 -1      gi|42    35851    36918 
    49     60  1      gi|28    17153    17256 
    49    168 -1      gi|51     1811     1915 
    50     61  1       gi|3    22826    22968 
    50    265 -1      gi|72    32619    32774 
    51     62  1       gi|3    23063    23241 
    51    264 -1      gi|72    32271    32449 
    52     64  1      gi|30    24551    24703 
    52    198  1      gi|56     6423     6576 
    53     65  1      gi|30    29541    29699 
    53    282  1      gi|78    22303    22465 
    54     66  1      gi|31    19152    19212 
    54    157 -1      gi|48    10328    10388 
    55     67  1      gi|31    20837    20924 
    55    116 -1      gi|40    12033    15300 
    55    315  1      gi|38    12278    15461 
    55    314  1      gi|38    12166    12277 
    55    316 -1      gi|71     5211     8513 
    55    256 -1      gi|71     8512     9061 
    55    318 -1      gi|39     8062     8544 
    55    319 -1      gi|73    25064    25568 
    55     95  1      gi|39    38020    38110 
    56     68  1      gi|31    28307    28570 
    56    179  1      gi|53    37127    37390 
    57     69  1      gi|32     3964     4122 
    57    167 -1      gi|50    36150    36293 
    58     70  1      gi|33       11      124 
    58     76 -1      gi|36     2198     2344 
    58     78 -1      gi|36     5508     5654 
    58     80 -1      gi|36     9554     9700 
    59     75  1      gi|34    24205    24367 
    59    207 -1      gi|57    28834    28994 
    60     77  1      gi|36     2580     2998 
    60    321 -1      gi|40    22373    22800 
    60     81  1      gi|36     9935    10362 
    60    322  1      gi|36     5892     6319 
    61     82  1      gi|36    10362    10849 
    61    119 -1      gi|40    16354    16845 
    62     85  1      gi|36    25820    26412 
    63     86  1      gi|37     7319     7407 
    63    158  1      gi|48    11506    11591 
    64     90  1      gi|39     9136     9256 
    64    236 -1      gi|65     9110     9233 
    65     94  1      gi|39    35329    35438 
    65    262 -1      gi|72    22463    22578 
    66     96  1      gi|39    38459    38642 
    66    324  1      gi|40    21858    22060 
    66    327 -1       gi|6    36763    36969 
    67     98  1      gi|39    39162    39871 
    67    326 -1       gi|6    36032    36763 
    67    325  1      gi|40    22062    22389 
    68     99  1      gi|39    39873    40075 
    68    219 -1       gi|6    35083    35286 
    69    100  1      gi|39    40077    40268 
    69    218 -1       gi|6    34677    34868 
    70    101  1      gi|39    40269    40378 
    70    217 -1       gi|6    34139    34248 
    71    103  1       gi|4     3728     4277 
    71    164 -1       gi|5    24364    24898 
    72    104  1       gi|4     4540     5015 
    72    163 -1       gi|5    23895    24366 
    73    105  1       gi|4     5051     5176 
    73    162 -1       gi|5    23373    23495 
    74    110  1       gi|4    38848    38915 
    74    283  1       gi|8    21804    21872 
    75    112  1      gi|40     9685     9771 
    75    241 -1      gi|65    23526    23615 
    76    113  1      gi|40     9791    10492 
    76    240 -1      gi|65    22572    23297 
    77    114  1      gi|40    10493    11343 
    77    238 -1      gi|65    21377    22245 
    78    115  1      gi|40    11532    11746 
    78    295 -1      gi|36    11052    11267 
    78    117  1      gi|40    15506    15714 
    78    299  1      gi|40     2761     2915 
    78    298  1      gi|15     3549     3632 
    79    120  1      gi|40    19305    19373 
    79    242  1      gi|65    30954    31022 
    80    128  1      gi|41     8241     8508 
    80    180  1      gi|54      248      654 
    80    200 -1      gi|56     7211     7800 
    80    176  1      gi|53    22974    23107 
    80    328  1      gi|42    25647    26076 
    81    129  1      gi|41    32855    34011 
    81    280 -1      gi|78     9916    11014 
    82    130  1      gi|42     5117     5240 
    82    250 -1       gi|7    24988    25111 
    83    134  1      gi|42    25035    25150 
    83    185  1      gi|54    13567    13698 
    83    138 -1      gi|42    26932    27031 
    84    135  1      gi|42    25173    25548 
    84    199  1      gi|56     6598     7357 
    84    181 -1      gi|54      635     1230 
    85    137  1      gi|42    26058    26689 
    85    182  1      gi|54     1217     1756 
    85    197 -1      gi|56     6080     6427 
    85    268  1      gi|73     9471     9954 
    86    142  1      gi|42    35115    35623 
    86    177  1      gi|53    31557    31736 
    86    213 -1       gi|6    19901    20443 
    87    145  1      gi|43    40118    40197 
    87    190 -1      gi|55    10008    10094 
    88    147  1      gi|44    31409    32753 
    88    205  1      gi|57    13861    14129 
    88    261 -1      gi|71    23157    24495 
    89    148  1      gi|44    33095    33438 
    89    260 -1      gi|71    22812    23154 
    90    149  1      gi|45        2     1414 
    90    229  1      gi|64    10164    11559 
    91    150  1      gi|45     6684     6872 
    91    271 -1      gi|73    24477    24673 
    91    160  1      gi|49    24139    24273 
    92    151  1      gi|46    10810    10896 
    92    278  1      gi|76    34936    35020 
    93    152  1      gi|46    11515    11578 
    93    230  1      gi|64    17797    17861 
    94    153  1      gi|46    20667    21067 
    94    155 -1      gi|47    18480    19284 
    94    173  1      gi|52     8232     9060 
    94    249 -1       gi|7    13409    13514 
    95    156  1      gi|48     7936     8030 
    95    203  1      gi|56    23762    23850 
    96    159  1      gi|48    13602    13704 
    96    192  1      gi|55    30300    30396 
    97    165  1      gi|50     3217     3351 
    97    191  1      gi|55    20120    20257 
    98    166  1      gi|50    18295    18485 
    98    209 -1      gi|59     8992     9189 
    99    172  1      gi|52     3564     5104 
    99    258 -1      gi|71    20831    22379 
    99    194  1      gi|56      885     2332 
    99    193  1      gi|56        1     1536 
    99    302 -1      gi|19    21183    21891 
    99    306  1      gi|62    20770    20830 
   100    174  1      gi|53    22558    22708 
   100    187  1      gi|54    13946    14087 
   101    186  1      gi|54    13766    13891 
   101    246  1      gi|68      623      746 
   102    195  1      gi|56     2320     3593 
   102    257 -1      gi|71    19605    20820 
   103    202  1      gi|56    22507    22559 
   103    212 -1      gi|59    38794    38846 
   104    204  1      gi|57      535     1133 
   104    253  1      gi|71     2660     3233 
   104    254 -1      gi|71     3909     4444 
   105    206  1      gi|57    26368    26504 
   105    245 -1      gi|67     3481     3629 
   106    208  1      gi|59     4261     5162 
   106    248 -1      gi|69     7358     8190 
   107    214  1       gi|6    20433    20829 
   108    224  1      gi|62     1975     2038 
   108    247 -1      gi|68    31190    31253 
   109    225  1      gi|62    19924    20062 
   109    310 -1      gi|19    22066    22204 
   109    311  1      gi|34    18471    18607 
   109    312  1      gi|56     3742     3874 
   109    313 -1      gi|62    20875    21010 
   110    231  1      gi|64    17901    18199 
   110    239  1      gi|65    22252    22563 
   110    272  1      gi|73    24670    25005 
   111    233  1      gi|64    20165    20687 
   111    266  1      gi|73     1464     1933 
   112    235  1      gi|65        4      115 
   112    281  1      gi|78    22133    22238 
   113    251  1       gi|7    39853    39997 
   113    300  1      gi|16    21455    21651 
   113    301  1      gi|53    31850    32029 
   113    284  1       gi|8    34006    34203 
   114    285  1       gi|8    37326    37402 
   114    287  1       gi|9    33799    33881 
   115    290  1       gi|4    12132    12230 
   115    293  1      gi|14     8186     8281 
   116    296  1      gi|36    11269    11311 
   116    297 -1      gi|15     3505     3541 
   117    317  1      gi|71     8514     8626 
   118    320  1      gi|40    22327    22373 
   118    323 -1      gi|36     6319     6367 
