1 gi|1 654 1026
2 gi|1 3599 4038
3 gi|1 16373 16454
4 gi|1 19346 19585
5 gi|1 19613 19705
6 gi|1 24671 24970
7 gi|11 13001 13100
8 gi|11 15164 15219
9 gi|11 16604 17031
10 gi|12 723 924
11 gi|12 4186 4297
12 gi|12 6238 6367
13 gi|12 17644 17845
14 gi|12 19244 19324
15 gi|12 20980 21087
16 gi|12 22974 23104
17 gi|12 34272 34812
18 gi|14 7863 8281
19 gi|14 14028 14454
20 gi|14 14485 14799
21 gi|15 3505 3632
22 gi|15 7127 7276
23 gi|16 20734 20865
24 gi|16 21214 21436
25 gi|16 21455 21677
26 gi|16 21691 21777
27 gi|16 21761 22101
28 gi|16 25555 25754
29 gi|17 10421 11014
30 gi|17 32376 32458
31 gi|17 32577 32799
32 gi|18 2671 2738
33 gi|18 9302 9379
34 gi|18 26041 26164
35 gi|19 507 632
36 gi|19 21182 21938
37 gi|19 22053 22241
38 gi|19 25801 26061
39 gi|2 3224 3576
40 gi|2 29473 29588
41 gi|21 36267 36608
42 gi|21 36632 36670
43 gi|22 25486 25637
44 gi|23 333 495
45 gi|23 487 603
46 gi|23 5395 5498
47 gi|23 26892 27129
48 gi|23 29565 29675
49 gi|23 31710 31933
50 gi|23 32586 32720
51 gi|25 34718 34825
52 gi|26 4104 4168
53 gi|26 16854 16955
54 gi|26 17166 17638
55 gi|27 388 621
56 gi|27 636 955
57 gi|27 8488 9163
58 gi|27 9303 10396
59 gi|27 10397 10731
60 gi|28 17153 17256
61 gi|3 22826 22968
62 gi|3 23063 23241
63 gi|30 4577 5127
64 gi|30 24551 24703
65 gi|30 29541 29699
66 gi|31 19152 19212
67 gi|31 20837 20924
68 gi|31 28307 28570
69 gi|32 3964 4122
70 gi|33 2 125
71 gi|34 7282 7466
72 gi|34 18038 18169
73 gi|34 18452 18611
74 gi|34 18568 19019
75 gi|34 24205 24367
76 gi|36 2198 2344
77 gi|36 2580 2998
78 gi|36 5508 5654
79 gi|36 5892 6367
80 gi|36 9554 9700
81 gi|36 9935 10362
82 gi|36 10362 10849
83 gi|36 11052 11311
84 gi|36 25423 25524
85 gi|36 25820 26412
86 gi|37 7319 7407
87 gi|38 12166 15471
88 gi|38 29912 29989
89 gi|39 8046 8551
90 gi|39 9136 9256
91 gi|39 11053 11267
92 gi|39 11271 11405
93 gi|39 34994 35341
94 gi|39 35329 35438
95 gi|39 38020 38112
96 gi|39 38459 38648
97 gi|39 38637 39165
98 gi|39 39159 39871
99 gi|39 39873 40075
100 gi|39 40077 40268
101 gi|39 40269 40378
102 gi|4 3421 3580
103 gi|4 3728 4277
104 gi|4 4540 5015
105 gi|4 5051 5176
106 gi|4 11808 12230
107 gi|4 35724 35777
108 gi|4 36520 36594
109 gi|4 38785 38855
110 gi|4 38848 38915
111 gi|40 2736 2915
112 gi|40 9685 9771
113 gi|40 9791 10492
114 gi|40 10493 11343
115 gi|40 11525 11746
116 gi|40 12029 15302
117 gi|40 15502 15714
118 gi|40 16113 16336
119 gi|40 16354 16845
120 gi|40 19305 19373
121 gi|40 21182 21316
122 gi|40 21345 21436
123 gi|40 21504 21876
124 gi|40 21858 22389
125 gi|40 22327 22800
126 gi|41 1333 1414
127 gi|41 7962 8037
128 gi|41 8241 8508
129 gi|41 32855 34011
130 gi|42 5117 5240
131 gi|42 13701 13966
132 gi|42 21149 21434
133 gi|42 24910 25019
134 gi|42 25035 25150
135 gi|42 25173 25548
136 gi|42 25626 26076
137 gi|42 26058 26689
138 gi|42 26932 27031
139 gi|42 28352 28430
140 gi|42 30226 30409
141 gi|42 34366 34910
142 gi|42 35115 35623
143 gi|42 35851 36918
144 gi|42 36986 37645
145 gi|43 40118 40197
146 gi|44 24031 24465
147 gi|44 31409 32753
148 gi|44 33095 33438
149 gi|45 2 1414
150 gi|45 6684 6872
151 gi|46 10810 10896
152 gi|46 11515 11578
153 gi|46 20667 21071
154 gi|46 39787 40000
155 gi|47 18480 19288
156 gi|48 7936 8030
157 gi|48 10328 10388
158 gi|48 11506 11591
159 gi|48 13602 13704
160 gi|49 24134 24273
161 gi|5 463 508
162 gi|5 23373 23495
163 gi|5 23895 24366
164 gi|5 24364 24898
165 gi|50 3217 3351
166 gi|50 18295 18485
167 gi|50 36150 36293
168 gi|51 1811 1915
169 gi|52 1943 2068
170 gi|52 2812 3047
171 gi|52 3342 3531
172 gi|52 3564 5104
173 gi|52 8231 9060
174 gi|53 22558 22708
175 gi|53 22943 23003
176 gi|53 22974 23107
177 gi|53 31557 31736
178 gi|53 31850 32055
179 gi|53 37127 37390
180 gi|54 248 654
181 gi|54 635 1230
182 gi|54 1217 1758
183 gi|54 2483 2572
184 gi|54 12464 12596
185 gi|54 13567 13698
186 gi|54 13766 13891
187 gi|54 13946 14087
188 gi|54 19805 20014
189 gi|54 21958 22017
190 gi|55 10008 10094
191 gi|55 20120 20257
192 gi|55 30300 30396
193 gi|56 1 1536
194 gi|56 885 2332
195 gi|56 2320 3593
196 gi|56 3711 3874
197 gi|56 6080 6427
198 gi|56 6423 6576
199 gi|56 6598 7357
200 gi|56 7211 7800
201 gi|56 16573 16707
202 gi|56 22507 22559
203 gi|56 23762 23850
204 gi|57 535 1134
205 gi|57 13861 14129
206 gi|57 26368 26504
207 gi|57 28834 28994
208 gi|59 4261 5162
209 gi|59 8992 9189
210 gi|59 36220 36461
211 gi|59 36556 36652
212 gi|59 38794 38846
213 gi|6 19901 20443
214 gi|6 20433 20829
215 gi|6 20806 20984
216 gi|6 32274 32373
217 gi|6 34139 34248
218 gi|6 34677 34868
219 gi|6 35083 35286
220 gi|6 36032 36969
221 gi|6 38077 38142
222 gi|60 24749 25137
223 gi|61 26242 26385
224 gi|62 1975 2038
225 gi|62 19922 20066
226 gi|62 20097 20830
227 gi|62 20860 21028
228 gi|63 17976 18250
229 gi|64 10164 11559
230 gi|64 17797 17861
231 gi|64 17901 18199
232 gi|64 18203 18467
233 gi|64 20165 20687
234 gi|64 23926 24108
235 gi|65 4 115
236 gi|65 9110 9233
237 gi|65 16910 17301
238 gi|65 21377 22245
239 gi|65 22252 22563
240 gi|65 22572 23297
241 gi|65 23526 23615
242 gi|65 30954 31022
243 gi|65 35810 36249
244 gi|66 6880 7000
245 gi|67 3481 3629
246 gi|68 623 746
247 gi|68 31190 31253
248 gi|69 7358 8190
249 gi|7 13409 13514
250 gi|7 24988 25111
251 gi|7 39844 39997
252 gi|70 8727 8821
253 gi|71 2660 3233
254 gi|71 3909 4444
255 gi|71 5207 8626
256 gi|71 8507 9066
257 gi|71 19605 20820
258 gi|71 20831 22387
259 gi|71 22344 22812
260 gi|71 22812 23154
261 gi|71 23157 24495
262 gi|72 22463 22578
263 gi|72 25116 25395
264 gi|72 32271 32449
265 gi|72 32619 32774
266 gi|73 1464 1933
267 gi|73 9166 9403
268 gi|73 9471 9954
269 gi|73 10480 10664
270 gi|73 18469 18789
271 gi|73 24477 24677
272 gi|73 24670 25005
273 gi|73 25047 25576
274 gi|74 18663 19010
275 gi|75 20092 20130
276 gi|76 12194 12442
277 gi|76 14790 14894
278 gi|76 34936 35020
279 gi|77 32227 32493
280 gi|78 9916 11014
281 gi|78 22133 22238
282 gi|78 22303 22465
283 gi|8 21804 21872
284 gi|8 34006 34206
285 gi|8 37326 37402
286 gi|9 7615 7752
287 gi|9 33799 33881
288 gi|9 35645 35807
