88 3476 gi|1 654 1026 
90 267 gi|1 894 982 
92 3992 gi|1 3599 4038 
94 899 gi|1 3897 4038 
96 540 gi|1 16373 16454 
98 412 gi|1 19346 19585 
100 283 gi|1 19613 19705 
102 533 gi|1 24671 24970 
204 302 gi|11 13001 13100 
131 271 gi|11 15164 15219 
206 301 gi|11 16604 17031 
208 689 gi|12 723 924 
210 263 gi|12 4186 4297 
212 279 gi|12 6238 6367 
214 271 gi|12 17644 17845 
216 258 gi|12 19244 19324 
218 575 gi|12 20980 21087 
220 1110 gi|12 22974 23104 
222 4302 gi|12 34272 34812 
224 329 gi|12 34579 34812 
181 596 gi|14 7863 7997 
230 632 gi|14 7864 8115 
232 1040 gi|14 7865 8180 
234 380 gi|14 7867 8024 
236 563 gi|14 7870 8057 
123 974 gi|14 7875 8281 
283 292 gi|14 7939 7982 
238 646 gi|14 7975 8178 
240 1402 gi|14 14028 14454 
119 781 gi|14 14485 14799 
242 1052 gi|14 14485 14794 
244 667 gi|14 14489 14685 
246 635 gi|14 14545 14792 
248 550 gi|14 14603 14790 
250 376 gi|14 14636 14793 
185 582 gi|14 14663 14794 
285 292 gi|14 14678 14721 
144 364 gi|15 3505 3632 
146 375 gi|15 3520 3632 
148 333 gi|15 3539 3632 
150 353 gi|15 3557 3632 
277 263 gi|15 7127 7276 
275 257 gi|16 20734 20865 
74 348 gi|16 21214 21436 
235 380 gi|16 21276 21430 
251 376 gi|16 21276 21430 
187 308 gi|16 21286 21430 
76 322 gi|16 21293 21427 
227 528 gi|16 21455 21656 
78 718 gi|16 21456 21677 
163 342 gi|16 21510 21650 
80 337 gi|16 21691 21777 
82 486 gi|16 21692 21777 
84 1220 gi|16 21761 22101 
86 1362 gi|16 25555 25754 
111 1113 gi|16 25555 25705 
104 1140 gi|17 10421 11014 
133 264 gi|17 32376 32458 
106 316 gi|17 32577 32799 
135 283 gi|18 2671 2738 
138 396 gi|18 9302 9379 
213 279 gi|18 26041 26164 
0 377 gi|19 507 632 
2 4523 gi|19 21182 21898 
4 5774 gi|19 21184 21888 
6 579 gi|19 21835 21938 
8 933 gi|19 22053 22208 
10 862 gi|19 22063 22208 
12 784 gi|19 22065 22204 
14 1140 gi|19 22070 22241 
16 1026 gi|19 25801 26061 
18 356 gi|19 25817 25985 
103 533 gi|2 3224 3571 
286 378 gi|2 3322 3576 
288 256 gi|2 29473 29588 
140 368 gi|21 36267 36608 
142 269 gi|21 36632 36670 
152 740 gi|22 25486 25637 
50 700 gi|23 333 495 
52 296 gi|23 333 485 
54 304 gi|23 335 462 
56 484 gi|23 487 603 
189 297 gi|23 5395 5498 
58 494 gi|23 26892 27129 
60 262 gi|23 29565 29675 
62 1118 gi|23 31710 31933 
64 823 gi|23 32586 32720 
289 256 gi|25 34718 34825 
203 320 gi|26 4104 4168 
68 285 gi|26 16854 16955 
70 269 gi|26 17166 17495 
72 414 gi|26 17308 17638 
26 259 gi|27 388 541 
30 507 gi|27 418 621 
28 624 gi|27 418 618 
233 1040 gi|27 636 955 
32 425 gi|27 636 884 
183 329 gi|27 636 816 
243 1052 gi|27 637 950 
34 397 gi|27 642 927 
129 414 gi|27 733 938 
36 431 gi|27 758 938 
38 2535 gi|27 8488 9163 
40 5359 gi|27 9303 10396 
42 1165 gi|27 10397 10731 
44 793 gi|27 10417 10710 
46 282 gi|27 10491 10605 
48 273 gi|27 10502 10559 
66 315 gi|28 17153 17256 
278 339 gi|3 22826 22968 
280 351 gi|3 23063 23241 
105 1140 gi|30 4577 5127 
20 264 gi|30 4936 5114 
22 985 gi|30 24551 24703 
24 617 gi|30 29541 29699 
252 266 gi|31 19152 19212 
254 693 gi|31 20837 20924 
256 687 gi|31 20837 20924 
258 687 gi|31 20837 20924 
260 290 gi|31 28307 28570 
290 343 gi|32 3964 4122 
262 865 gi|33 2 97 
264 865 gi|33 2 97 
266 849 gi|33 2 97 
270 304 gi|33 11 125 
272 279 gi|33 11 125 
268 315 gi|33 11 123 
209 689 gi|34 7282 7466 
221 1110 gi|34 18038 18169 
394 896 gi|34 18452 18604 
396 1055 gi|34 18465 18610 
11 862 gi|34 18466 18611 
398 856 gi|34 18474 18610 
400 1168 gi|34 18568 19019 
402 474 gi|34 18578 18741 
404 504 gi|34 18768 18951 
406 841 gi|34 18771 19019 
55 304 gi|34 18797 18926 
408 271 gi|34 24205 24367 
267 849 gi|36 2198 2293 
269 315 gi|36 2223 2344 
308 2620 gi|36 2580 2998 
263 865 gi|36 5508 5603 
273 279 gi|36 5539 5654 
310 4087 gi|36 5892 6367 
265 865 gi|36 9554 9649 
271 304 gi|36 9585 9700 
312 2957 gi|36 9935 10362 
314 1168 gi|36 10362 10849 
316 806 gi|36 11052 11265 
318 997 gi|36 11053 11271 
320 409 gi|36 11108 11270 
145 364 gi|36 11178 11311 
69 285 gi|36 25423 25524 
71 269 gi|36 25820 26191 
73 414 gi|36 26004 26412 
338 257 gi|37 7319 7407 
474 29275 gi|38 12166 15461 
480 961 gi|38 12166 12285 
478 911 gi|38 12166 12277 
476 897 gi|38 12166 12276 
482 829 gi|38 12168 12281 
484 27410 gi|38 12276 15461 
259 687 gi|38 14804 14891 
490 3238 gi|38 15074 15471 
486 3405 gi|38 15074 15461 
488 3259 gi|38 15074 15450 
492 292 gi|38 15352 15439 
139 396 gi|38 29912 29989 
340 4003 gi|39 8046 8551 
342 3939 gi|39 8058 8545 
481 961 gi|39 8058 8173 
344 4162 gi|39 8061 8544 
346 4145 gi|39 8061 8544 
489 3259 gi|39 8160 8544 
348 487 gi|39 9136 9256 
63 1118 gi|39 11053 11267 
65 823 gi|39 11271 11405 
173 339 gi|39 34994 35210 
43 1165 gi|39 35001 35327 
350 969 gi|39 35033 35330 
31 507 gi|39 35115 35330 
215 271 gi|39 35150 35341 
352 304 gi|39 35329 35438 
354 260 gi|39 38020 38112 
493 292 gi|39 38020 38112 
358 287 gi|39 38020 38107 
356 297 gi|39 38020 38098 
360 1008 gi|39 38459 38648 
201 1152 gi|39 38459 38643 
362 345 gi|39 38637 38805 
223 4302 gi|39 38639 39165 
197 4340 gi|39 39159 39871 
364 1355 gi|39 39160 39438 
195 1175 gi|39 39873 40075 
193 1262 gi|39 40077 40268 
191 685 gi|39 40269 40378 
108 1199 gi|4 3421 3580 
110 1113 gi|4 3421 3571 
112 3077 gi|4 3728 4277 
114 2448 gi|4 4540 5015 
116 781 gi|4 5051 5176 
118 781 gi|4 11808 12132 
120 438 gi|4 11815 12060 
122 974 gi|4 11821 12230 
124 468 gi|4 11829 11995 
126 455 gi|4 11831 12130 
128 414 gi|4 11881 12121 
130 271 gi|4 35724 35777 
132 264 gi|4 36520 36594 
134 283 gi|4 38785 38855 
136 265 gi|4 38848 38915 
147 375 gi|40 2736 2846 
321 409 gi|40 2758 2915 
292 278 gi|40 9685 9771 
294 1931 gi|40 9791 10492 
296 5297 gi|40 10493 11343 
149 333 gi|40 11525 11622 
319 997 gi|40 11529 11746 
298 28522 gi|40 12029 15302 
300 3958 gi|40 12031 12527 
345 4162 gi|40 12031 12527 
302 3967 gi|40 12037 12527 
479 911 gi|40 12037 12144 
485 27410 gi|40 12140 15302 
355 260 gi|40 12162 12249 
255 693 gi|40 12710 12797 
317 806 gi|40 15502 15714 
151 353 gi|40 15510 15589 
225 329 gi|40 16113 16334 
363 345 gi|40 16173 16336 
315 1168 gi|40 16354 16845 
304 601 gi|40 19305 19373 
306 921 gi|40 21182 21316 
95 899 gi|40 21182 21316 
91 267 gi|40 21345 21436 
89 3476 gi|40 21504 21876 
199 3203 gi|40 21858 22374 
361 1008 gi|40 21875 22064 
365 1355 gi|40 22056 22389 
311 4087 gi|40 22327 22800 
309 2620 gi|40 22373 22800 
313 2957 gi|40 22373 22800 
219 575 gi|41 1333 1414 
217 258 gi|41 7962 8037 
410 708 gi|41 8241 8508 
412 490 gi|41 8319 8508 
414 621 gi|41 8327 8508 
416 960 gi|41 32855 34011 
159 250 gi|42 5117 5240 
127 455 gi|42 13701 13957 
436 322 gi|42 13722 13910 
239 646 gi|42 13748 13966 
245 667 gi|42 13748 13955 
37 431 gi|42 13748 13948 
438 258 gi|42 13889 13946 
35 397 gi|42 21149 21433 
440 456 gi|42 21212 21433 
237 563 gi|42 21220 21434 
249 550 gi|42 21220 21434 
125 468 gi|42 21220 21420 
77 322 gi|42 21290 21434 
442 378 gi|42 24910 25019 
83 486 gi|42 24938 25019 
444 274 gi|42 25035 25150 
446 360 gi|42 25173 25521 
448 392 gi|42 25173 25331 
85 1220 gi|42 25216 25548 
450 1221 gi|42 25626 25942 
413 490 gi|42 25644 25830 
452 1845 gi|42 25649 26076 
456 1652 gi|42 26058 26521 
454 1264 gi|42 26058 26303 
458 1940 gi|42 26214 26689 
460 505 gi|42 26932 27031 
462 369 gi|42 28352 28430 
464 472 gi|42 30226 30369 
466 327 gi|42 30226 30369 
47 282 gi|42 30227 30345 
27 259 gi|42 30231 30409 
177 331 gi|42 30233 30371 
207 301 gi|42 34366 34782 
468 397 gi|42 34371 34664 
351 969 gi|42 34374 34675 
45 793 gi|42 34390 34687 
29 624 gi|42 34399 34593 
470 347 gi|42 34470 34682 
171 789 gi|42 34502 34910 
167 1896 gi|42 35115 35623 
472 265 gi|42 35184 35354 
41 5359 gi|42 35851 36918 
39 2535 gi|42 36986 37645 
494 255 gi|43 40118 40197 
241 1402 gi|44 24031 24465 
366 10505 gi|44 31409 32753 
368 530 gi|44 31432 31692 
370 2941 gi|44 33095 33438 
426 2183 gi|45 2 1414 
428 815 gi|45 6684 6872 
430 758 gi|45 6686 6805 
372 423 gi|46 10810 10896 
374 338 gi|46 11515 11578 
376 1493 gi|46 20667 21067 
378 1584 gi|46 20704 21071 
157 268 gi|46 20704 20738 
107 316 gi|46 39787 40000 
422 2973 gi|47 18480 19288 
424 325 gi|47 18836 18982 
377 1493 gi|47 18871 19281 
432 252 gi|48 7936 8030 
253 266 gi|48 10328 10388 
339 257 gi|48 11506 11591 
434 257 gi|48 13602 13704 
431 758 gi|49 24134 24253 
336 750 gi|49 24139 24273 
282 292 gi|5 463 508 
284 292 gi|5 463 508 
117 781 gi|5 23373 23495 
115 2448 gi|5 23895 24366 
113 3077 gi|5 24364 24898 
418 890 gi|50 3217 3351 
420 1051 gi|50 18295 18485 
291 343 gi|50 36150 36293 
67 315 gi|51 1811 1915 
1 377 gi|52 1943 2068 
384 463 gi|52 2812 3042 
403 474 gi|52 2848 3016 
57 484 gi|52 2936 3047 
51 700 gi|52 3342 3505 
405 504 gi|52 3344 3531 
386 287 gi|52 3344 3505 
388 495 gi|52 3347 3516 
390 1059 gi|52 3564 4284 
392 2496 gi|52 3665 5104 
423 2973 gi|52 8231 9060 
155 430 gi|52 8233 8337 
379 1584 gi|52 8316 8686 
425 325 gi|52 8742 8888 
380 501 gi|53 22558 22708 
439 258 gi|53 22943 23003 
382 269 gi|53 22974 23107 
473 265 gi|53 31557 31736 
169 290 gi|53 31557 31650 
79 718 gi|53 31850 32055 
165 456 gi|53 31897 32029 
261 290 gi|53 37127 37390 
322 1239 gi|54 248 627 
411 708 gi|54 265 525 
451 1221 gi|54 317 654 
324 2833 gi|54 635 1230 
449 392 gi|54 661 824 
326 1024 gi|54 1217 1541 
457 1652 gi|54 1313 1755 
328 1794 gi|54 1446 1758 
330 426 gi|54 2483 2572 
332 465 gi|54 12464 12596 
445 274 gi|54 13567 13698 
461 505 gi|54 13586 13698 
334 297 gi|54 13766 13891 
381 501 gi|54 13946 14087 
87 1362 gi|54 19805 20014 
109 1199 gi|54 19851 20014 
49 273 gi|54 21958 22017 
495 255 gi|55 10008 10094 
419 890 gi|55 20120 20257 
435 257 gi|55 30300 30396 
496 9228 gi|56 1 1536 
5 5774 gi|56 1 705 
393 2496 gi|56 885 2332 
498 7382 gi|56 2320 3593 
15 1140 gi|56 3711 3874 
500 883 gi|56 3721 3874 
395 896 gi|56 3722 3874 
502 771 gi|56 3740 3874 
455 1264 gi|56 6080 6326 
504 383 gi|56 6080 6172 
327 1024 gi|56 6082 6427 
23 985 gi|56 6423 6576 
325 2833 gi|56 6598 7193 
447 360 gi|56 7005 7357 
453 1845 gi|56 7211 7708 
383 269 gi|56 7358 7502 
323 1239 gi|56 7432 7800 
415 621 gi|56 7521 7705 
506 407 gi|56 16573 16707 
508 286 gi|56 22507 22559 
433 252 gi|56 23762 23850 
510 1359 gi|57 535 1133 
512 1183 gi|57 557 1134 
369 530 gi|57 13861 14129 
514 560 gi|57 13948 14129 
516 266 gi|57 26368 26504 
409 271 gi|57 28834 28994 
518 1231 gi|59 4261 5162 
421 1051 gi|59 8992 9189 
99 412 gi|59 36220 36461 
101 283 gi|59 36556 36652 
509 286 gi|59 38794 38846 
166 1896 gi|6 19901 20443 
168 290 gi|6 20279 20367 
170 789 gi|6 20433 20792 
172 339 gi|6 20579 20792 
174 626 gi|6 20628 20829 
176 331 gi|6 20684 20823 
178 462 gi|6 20806 20953 
180 596 gi|6 20819 20950 
182 329 gi|6 20821 20984 
184 582 gi|6 20822 20950 
186 308 gi|6 20823 20953 
188 297 gi|6 32274 32373 
190 685 gi|6 34139 34248 
192 1262 gi|6 34677 34868 
194 1175 gi|6 35083 35286 
196 4340 gi|6 36032 36764 
198 3203 gi|6 36482 36969 
200 1152 gi|6 36760 36947 
202 320 gi|6 38077 38142 
520 2178 gi|60 24749 25137 
153 740 gi|61 26242 26385 
522 304 gi|62 1975 2038 
13 784 gi|62 19922 20065 
503 771 gi|62 19922 20059 
399 856 gi|62 19927 20066 
385 463 gi|62 20097 20327 
401 1168 gi|62 20121 20580 
387 287 gi|62 20328 20488 
524 2686 gi|62 20331 20812 
7 579 gi|62 20725 20830 
9 933 gi|62 20860 21015 
397 1055 gi|62 20872 21016 
501 883 gi|62 20878 21028 
471 347 gi|63 17976 18206 
526 412 gi|63 18052 18250 
467 327 gi|63 18056 18207 
427 2183 gi|64 10164 11559 
375 338 gi|64 17797 17861 
528 997 gi|64 17901 18173 
530 601 gi|64 17941 18199 
287 378 gi|64 18203 18467 
532 439 gi|64 20165 20687 
21 264 gi|64 23926 24108 
534 459 gi|65 4 115 
349 487 gi|65 9110 9233 
521 2178 gi|65 16910 17274 
97 540 gi|65 17217 17301 
297 5297 gi|65 21377 22245 
529 997 gi|65 22252 22530 
536 724 gi|65 22292 22563 
295 1931 gi|65 22572 23297 
293 278 gi|65 23526 23615 
305 601 gi|65 30954 31022 
93 3992 gi|65 35810 36249 
307 921 gi|65 35810 35951 
211 263 gi|66 6880 7000 
517 266 gi|67 3481 3629 
335 297 gi|68 623 746 
523 304 gi|68 31190 31253 
519 1231 gi|69 7358 8190 
154 430 gi|7 13409 13514 
156 268 gi|7 13418 13452 
158 250 gi|7 24988 25111 
160 421 gi|7 39844 39976 
162 342 gi|7 39850 39997 
164 456 gi|7 39857 39997 
205 302 gi|70 8727 8821 
511 1359 gi|71 2660 3233 
513 1183 gi|71 3909 4444 
299 28522 gi|71 5207 8516 
538 3988 gi|71 5208 5717 
347 4145 gi|71 5209 5717 
477 897 gi|71 5216 5322 
475 29275 gi|71 5318 8626 
357 297 gi|71 5362 5439 
257 687 gi|71 5906 5993 
343 3939 gi|71 8507 9062 
540 3846 gi|71 8511 9066 
303 3967 gi|71 8515 9061 
487 3405 gi|71 8654 9061 
359 287 gi|71 8696 8783 
499 7382 gi|71 19605 20820 
497 9228 gi|71 20831 22377 
391 1059 gi|71 20852 21599 
3 4523 gi|71 21671 22387 
525 2686 gi|71 22344 22812 
407 841 gi|71 22558 22812 
389 495 gi|71 22644 22812 
53 296 gi|71 22654 22809 
371 2941 gi|71 22812 23154 
367 10505 gi|71 23157 24495 
515 560 gi|71 24218 24398 
353 304 gi|72 22463 22578 
17 1026 gi|72 25116 25364 
19 356 gi|72 25236 25395 
281 351 gi|72 32271 32449 
279 339 gi|72 32619 32774 
533 439 gi|73 1464 1933 
527 412 gi|73 9166 9355 
465 472 gi|73 9170 9311 
507 407 gi|73 9273 9403 
459 1940 gi|73 9471 9954 
329 1794 gi|73 9471 9781 
505 383 gi|73 9471 9565 
333 465 gi|73 10480 10614 
331 426 gi|73 10521 10606 
443 378 gi|73 10556 10664 
81 337 gi|73 10556 10639 
463 369 gi|73 10581 10660 
469 397 gi|73 18469 18789 
175 626 gi|73 18469 18669 
429 815 gi|73 24477 24677 
337 750 gi|73 24526 24670 
537 724 gi|73 24670 25005 
531 601 gi|73 24670 24965 
341 4003 gi|73 25047 25576 
539 3988 gi|73 25061 25568 
301 3958 gi|73 25063 25568 
541 3846 gi|73 25064 25573 
483 829 gi|73 25064 25173 
491 3238 gi|73 25168 25568 
141 368 gi|74 18663 19010 
143 269 gi|75 20092 20130 
59 494 gi|76 12194 12442 
61 262 gi|76 14790 14894 
373 423 gi|76 34936 35020 
437 322 gi|77 32227 32416 
121 438 gi|77 32234 32472 
75 348 gi|77 32236 32479 
231 632 gi|77 32237 32477 
247 635 gi|77 32237 32473 
33 425 gi|77 32252 32476 
441 456 gi|77 32287 32470 
179 462 gi|77 32338 32493 
417 960 gi|78 9916 11014 
535 459 gi|78 22133 22238 
25 617 gi|78 22303 22465 
137 265 gi|8 21804 21872 
226 528 gi|8 34006 34206 
161 421 gi|8 34041 34182 
228 261 gi|8 37326 37402 
274 257 gi|9 7615 7752 
229 261 gi|9 33799 33881 
276 263 gi|9 35645 35807 
