212 712 gi|1 13272 13363 
214 250 gi|1 25083 25146 
216 1287 gi|1 34016 34457 
104 579 gi|10 1931 2128 
159 387 gi|10 1933 2003 
161 260 gi|10 1999 2112 
106 1857 gi|10 3598 3859 
108 1733 gi|10 3611 3860 
110 1673 gi|10 3612 3853 
112 843 gi|10 25154 25316 
114 699 gi|10 25375 25619 
116 283 gi|10 25529 25666 
118 837 gi|10 25674 25829 
120 831 gi|10 25674 25829 
84 1006 gi|11 1827 1959 
86 25664 gi|11 2131 5240 
88 798 gi|11 18121 18421 
90 1334 gi|11 18145 18477 
92 344 gi|11 18209 18286 
94 273 gi|11 18210 18301 
96 644 gi|11 18240 18430 
98 535 gi|11 18472 18742 
100 498 gi|11 18537 18723 
102 282 gi|11 18920 19047 
58 699 gi|12 1524 1731 
60 505 gi|12 1561 1685 
180 852 gi|13 12358 12497 
182 440 gi|13 16287 16370 
184 882 gi|13 29912 30199 
186 919 gi|13 30139 30637 
188 402 gi|13 30723 30943 
190 689 gi|13 30897 31092 
192 603 gi|13 31169 31310 
194 927 gi|13 31170 31342 
196 668 gi|13 31171 31264 
198 970 gi|13 31172 31346 
165 627 gi|13 31408 31817 
239 744 gi|13 31408 31817 
167 916 gi|13 31408 31589 
163 795 gi|13 31585 31730 
105 579 gi|13 31616 31801 
157 814 gi|13 31734 31880 
59 699 gi|14 8190 8420 
54 337 gi|14 8251 8390 
56 1092 gi|14 19460 19583 
122 297 gi|15 10022 10290 
124 334 gi|15 10653 10827 
126 296 gi|15 21612 21646 
128 31156 gi|15 21614 24983 
130 1969 gi|15 23375 23698 
132 13187 gi|15 25926 27486 
134 1909 gi|15 27488 27707 
136 10227 gi|15 27703 29078 
213 712 gi|17 1321 1416 
70 708 gi|17 8241 8508 
72 765 gi|17 8322 8503 
249 387 gi|17 11268 11386 
74 277 gi|17 18711 18772 
76 1153 gi|17 32552 33370 
143 684 gi|17 33544 34005 
78 1008 gi|17 33545 34027 
62 601 gi|19 20121 20349 
64 270 gi|19 26149 26218 
66 743 gi|19 26151 26239 
206 369 gi|2 2974 3140 
208 282 gi|2 3352 3440 
210 255 gi|2 18215 18503 
38 367 gi|22 25409 25527 
40 408 gi|22 25443 25516 
95 273 gi|22 25445 25533 
42 279 gi|22 25445 25523 
44 304 gi|22 26457 26568 
87 25664 gi|23 22784 25870 
85 1006 gi|23 25869 26001 
68 2189 gi|23 39012 40324 
201 282 gi|24 31674 31801 
203 376 gi|24 31879 31982 
36 7268 gi|24 32661 34868 
46 286 gi|25 24 131 
187 919 gi|25 714 1202 
185 882 gi|25 1273 1560 
189 402 gi|25 4137 4337 
219 328 gi|25 4219 4368 
48 549 gi|25 4757 4852 
113 843 gi|25 19397 19558 
115 699 gi|25 19863 20105 
50 770 gi|25 32030 32350 
52 376 gi|25 39070 39287 
14 252 gi|29 1987 2183 
16 263 gi|29 2894 2948 
18 333 gi|29 20555 20813 
20 255 gi|29 30241 30303 
172 25129 gi|3 1964 4872 
174 1084 gi|3 27337 27462 
176 834 gi|3 27337 27462 
178 741 gi|3 27337 27462 
263 291 gi|30 3322 3493 
0 297 gi|30 8810 8864 
127 296 gi|30 8810 8844 
2 835 gi|30 16472 16622 
4 410 gi|30 16566 16621 
151 934 gi|30 33030 33136 
6 301 gi|30 36176 36217 
8 319 gi|30 36316 36582 
10 285 gi|30 36557 36643 
12 408 gi|30 38081 38137 
171 374 gi|30 38088 38180 
80 938 gi|31 24149 24548 
82 813 gi|31 24150 24489 
71 708 gi|32 265 525 
264 901 gi|32 341 653 
266 1640 gi|32 2221 2483 
268 550 gi|32 2384 2483 
270 510 gi|32 2385 2482 
247 3345 gi|32 8804 9314 
243 883 gi|32 9530 9705 
235 383 gi|32 9685 9763 
272 3598 gi|32 13042 13509 
274 262 gi|32 13118 13163 
276 643 gi|32 13422 13509 
278 631 gi|32 13423 13510 
103 282 gi|32 13742 13862 
280 306 gi|32 13946 14061 
153 342 gi|32 14023 14091 
282 361 gi|32 17958 18020 
284 12616 gi|32 17975 19315 
286 360 gi|32 19269 19313 
288 292 gi|32 22035 22105 
19 333 gi|32 24480 24800 
290 258 gi|32 34780 34820 
229 254 gi|32 35822 35949 
292 277 gi|32 39006 39115 
209 282 gi|33 13948 14036 
207 369 gi|33 14167 14330 
294 263 gi|33 24641 24709 
296 316 gi|33 24654 24723 
320 383 gi|35 13409 13514 
5 410 gi|35 13409 13464 
205 292 gi|35 25395 25483 
322 348 gi|35 39542 39780 
55 337 gi|35 39850 39983 
61 505 gi|35 39850 39973 
57 1092 gi|36 5876 6000 
298 389 gi|36 18058 18132 
45 304 gi|36 28280 28394 
225 304 gi|37 6856 6969 
324 251 gi|37 6893 6965 
35 706 gi|37 22694 22879 
300 266 gi|38 3207 3402 
302 255 gi|38 4180 4410 
304 885 gi|38 17765 18034 
306 525 gi|38 17889 18043 
308 2927 gi|38 18765 19208 
121 831 gi|38 19041 19201 
310 457 gi|38 19483 19652 
312 477 gi|38 19517 19733 
17 263 gi|39 3739 3793 
15 252 gi|39 4629 4827 
183 440 gi|39 10783 10866 
326 587 gi|39 23987 24157 
328 768 gi|39 23991 24190 
89 798 gi|39 23998 24285 
39 367 gi|39 24126 24234 
285 12616 gi|39 26292 27634 
287 360 gi|39 26292 26338 
283 361 gi|39 27587 27651 
289 292 gi|39 27639 27709 
281 306 gi|39 27661 27781 
330 601 gi|39 31025 31109 
217 1287 gi|39 31076 31532 
75 277 gi|39 31517 31581 
332 259 gi|39 31784 31858 
334 319 gi|39 31786 31864 
297 316 gi|39 31791 31856 
200 282 gi|4 21433 21556 
202 376 gi|4 21703 21806 
204 292 gi|4 35335 35420 
47 286 gi|40 14022 14129 
181 852 gi|40 25546 25675 
336 1081 gi|40 28702 29158 
338 566 gi|40 29634 29820 
303 255 gi|41 26937 27183 
301 266 gi|41 27949 28144 
352 267 gi|42 6923 7034 
131 1969 gi|44 37915 38234 
318 1980 gi|44 37915 38234 
340 262 gi|45 21615 21708 
63 601 gi|45 22929 23146 
342 1516 gi|46 1507 2072 
259 252 gi|46 1823 2029 
344 819 gi|46 19919 20065 
179 741 gi|46 19923 20051 
346 272 gi|46 20725 20778 
348 929 gi|46 20860 21011 
177 834 gi|46 20885 21010 
323 348 gi|48 2949 3186 
339 566 gi|48 11411 11597 
291 258 gi|48 11807 11845 
337 1081 gi|48 12105 12552 
305 885 gi|48 14061 14314 
350 655 gi|48 14217 14454 
313 477 gi|48 14315 14562 
227 252 gi|48 17732 17821 
325 251 gi|48 17736 17808 
149 1753 gi|48 19308 19990 
117 283 gi|49 8966 9101 
354 601 gi|49 9153 9283 
51 770 gi|49 28772 29064 
22 312 gi|5 20148 20431 
24 846 gi|5 21079 21742 
26 586 gi|5 24092 24206 
28 978 gi|5 24093 24257 
30 697 gi|5 24633 24711 
32 380 gi|5 39399 39570 
34 706 gi|5 39710 39882 
65 270 gi|50 4191 4261 
73 765 gi|50 10239 10415 
265 901 gi|50 10240 10515 
356 356 gi|50 21307 21747 
358 347 gi|50 21307 21719 
67 743 gi|50 23036 23125 
360 417 gi|50 32701 32787 
362 318 gi|50 32706 32809 
53 376 gi|51 31147 31374 
199 970 gi|51 31590 31765 
364 1436 gi|51 31592 31765 
366 543 gi|51 31619 31767 
368 716 gi|51 31675 31778 
363 318 gi|52 29200 29296 
370 388 gi|52 29200 29266 
25 846 gi|52 29811 30456 
23 312 gi|52 31038 31326 
99 535 gi|53 1337 1573 
372 1367 gi|53 1382 1849 
311 457 gi|53 8475 8652 
351 655 gi|53 8484 8726 
307 525 gi|53 8619 8753 
374 268 gi|53 14631 14717 
9 319 gi|53 14852 15088 
376 465 gi|53 24079 24360 
378 368 gi|53 24619 24934 
365 1436 gi|55 26476 26648 
195 927 gi|55 26478 26650 
314 541 gi|55 26503 26648 
316 702 gi|55 26558 26649 
245 900 gi|55 27015 27169 
37 7268 gi|57 4994 7185 
331 601 gi|58 21939 22023 
380 385 gi|58 25572 25739 
221 297 gi|58 25675 25747 
218 328 gi|6 3068 3216 
220 297 gi|6 3275 3346 
27 586 gi|6 3448 3562 
222 710 gi|6 3459 3561 
224 304 gi|6 5954 6067 
226 252 gi|6 5987 6076 
228 254 gi|6 6149 6276 
230 425 gi|6 11202 11356 
232 254 gi|6 11270 11353 
234 383 gi|6 12045 12127 
236 4301 gi|6 12124 12665 
238 744 gi|6 12159 12602 
240 313 gi|6 12428 12608 
242 883 gi|6 12650 12834 
244 900 gi|6 13028 13186 
246 3345 gi|6 13165 13676 
248 387 gi|6 15574 15691 
250 1152 gi|6 16811 16984 
252 997 gi|6 16827 16982 
254 1141 gi|6 16830 16988 
256 307 gi|6 20863 21064 
258 252 gi|6 20866 21072 
260 363 gi|6 23066 23174 
262 291 gi|6 27138 27292 
33 380 gi|6 37834 38012 
293 277 gi|60 19242 19362 
361 417 gi|60 24217 24291 
371 388 gi|60 24221 24286 
321 383 gi|60 31497 31607 
3 835 gi|60 31548 31695 
382 293 gi|61 7080 7211 
215 250 gi|61 9674 9737 
21 255 gi|61 10488 10550 
155 949 gi|62 31958 32114 
49 549 gi|62 32114 32209 
367 543 gi|62 33144 33260 
315 541 gi|62 33144 33258 
193 603 gi|62 33146 33261 
384 565 gi|62 33183 33258 
386 462 gi|63 1989 2129 
31 697 gi|63 3800 3878 
299 389 gi|65 21029 21107 
383 293 gi|66 35775 35906 
379 368 gi|67 19853 20200 
373 1367 gi|67 19966 20447 
101 498 gi|67 20279 20443 
388 740 gi|67 20439 20792 
327 587 gi|67 20601 20772 
97 644 gi|67 20607 20794 
390 251 gi|67 20820 20895 
333 259 gi|67 20822 20895 
392 257 gi|67 25742 25822 
394 256 gi|67 25970 26037 
381 385 gi|67 32087 32232 
133 13187 gi|67 33307 34868 
135 1909 gi|67 35083 35301 
396 1552 gi|67 35270 35525 
398 1936 gi|67 35296 35579 
111 1673 gi|67 35302 35539 
137 10227 gi|67 35604 36945 
1 297 gi|67 36934 36989 
129 31156 gi|67 36957 40325 
319 1980 gi|67 38717 39040 
359 347 gi|68 4602 5010 
393 257 gi|68 32475 32560 
395 256 gi|68 32690 32761 
357 356 gi|68 39498 39934 
261 363 gi|69 23831 23939 
387 462 gi|69 24546 24674 
295 263 gi|69 24740 24804 
335 319 gi|69 24743 24819 
391 251 gi|69 24747 24823 
152 342 gi|7 17484 17556 
154 949 gi|7 19591 19763 
156 814 gi|7 20120 20264 
158 387 gi|7 20199 20269 
29 978 gi|7 20305 20466 
223 710 gi|7 20367 20466 
160 260 gi|7 20512 20620 
162 795 gi|7 20515 20671 
237 4301 gi|7 20672 21212 
164 627 gi|7 20707 21149 
166 916 gi|7 21212 21404 
241 313 gi|7 21234 21407 
168 276 gi|7 22937 23015 
170 374 gi|7 22951 23039 
123 297 gi|71 16571 16839 
125 334 gi|71 17256 17430 
400 286 gi|72 118 229 
69 2189 gi|72 404 1637 
402 312 gi|72 519 700 
404 253 gi|72 713 859 
191 689 gi|72 7164 7354 
309 2927 gi|72 14043 14475 
119 837 gi|72 14048 14211 
406 551 gi|72 17510 17601 
408 658 gi|72 17516 17624 
279 631 gi|72 17516 17600 
271 510 gi|72 17516 17599 
410 2426 gi|72 18287 18583 
412 369 gi|72 18507 18584 
414 2528 gi|72 18581 19476 
416 2862 gi|72 19489 19854 
418 1583 gi|72 19813 20013 
420 2877 gi|72 20571 20905 
422 349 gi|72 21071 21147 
424 2445 gi|72 21072 21361 
426 21334 gi|72 21800 24312 
428 632 gi|72 21800 22035 
430 252 gi|72 24195 24293 
432 2358 gi|72 24933 25293 
434 1359 gi|72 26919 28011 
436 939 gi|72 27039 28031 
438 1359 gi|72 28241 29474 
440 1968 gi|72 28250 29477 
442 4034 gi|72 29477 29967 
444 688 gi|72 29732 29967 
446 294 gi|72 29969 30029 
448 20125 gi|72 33028 35368 
450 802 gi|72 33071 33513 
452 354 gi|72 33914 34149 
454 664 gi|72 34453 34990 
456 3727 gi|72 35337 35824 
458 644 gi|72 35750 35832 
460 354 gi|72 36276 36446 
353 267 gi|72 36349 36463 
462 880 gi|72 37493 37828 
464 489 gi|72 37522 37848 
466 2202 gi|72 38046 38424 
468 349 gi|72 38342 38418 
470 1824 gi|72 38413 39685 
472 1263 gi|72 38493 39675 
474 1302 gi|72 40221 40388 
345 819 gi|72 40383 40525 
349 929 gi|72 40386 40537 
175 1084 gi|72 40387 40512 
347 272 gi|72 40654 40703 
343 1516 gi|73 15501 16068 
375 268 gi|73 15519 15598 
7 301 gi|73 15540 15581 
257 307 gi|73 15541 15742 
11 285 gi|73 15952 16038 
341 262 gi|74 6685 6770 
401 286 gi|74 25545 25654 
403 312 gi|74 26182 26308 
405 253 gi|74 26376 26543 
79 1008 gi|74 33328 33810 
145 396 gi|74 33369 33478 
147 276 gi|74 33713 33810 
77 1153 gi|74 34035 34816 
91 1334 gi|75 5855 6193 
43 279 gi|75 5924 6001 
329 768 gi|75 5925 6138 
389 740 gi|75 5955 6350 
377 465 gi|75 6612 6882 
81 938 gi|75 14622 15019 
231 425 gi|75 14870 15024 
407 551 gi|75 21386 21477 
269 550 gi|75 21387 21472 
277 643 gi|75 21388 21472 
275 262 gi|75 21473 21521 
355 601 gi|75 21514 21621 
413 369 gi|75 21667 21742 
423 349 gi|75 21668 21742 
469 349 gi|75 21668 21742 
169 276 gi|75 21919 21996 
13 408 gi|75 21931 21987 
399 1936 gi|75 22621 22910 
109 1733 gi|75 22626 22872 
409 658 gi|75 23022 23131 
267 1640 gi|75 23047 23286 
273 3598 gi|75 23048 23527 
397 1552 gi|75 23673 23937 
107 1857 gi|75 23700 23957 
83 813 gi|75 23956 24295 
233 254 gi|75 23958 24043 
467 2202 gi|75 24346 24674 
411 2426 gi|75 24352 24644 
425 2445 gi|75 24353 24642 
173 25129 gi|75 26724 29609 
419 1583 gi|75 29611 29811 
417 2862 gi|75 29922 30285 
435 1359 gi|75 30581 31679 
455 664 gi|75 31143 31677 
463 880 gi|75 31344 31679 
441 1968 gi|75 31942 33160 
471 1824 gi|75 31952 33217 
453 354 gi|75 31978 32213 
451 802 gi|75 32617 33056 
431 252 gi|75 33094 33194 
447 294 gi|75 33157 33217 
433 2358 gi|75 33271 33631 
421 2877 gi|75 33274 33608 
475 1302 gi|75 33276 33442 
459 644 gi|75 34945 35024 
429 632 gi|75 34950 35152 
445 688 gi|75 34950 35152 
427 21334 gi|75 35023 37512 
443 4034 gi|75 35023 35493 
457 3727 gi|75 35023 35492 
415 2528 gi|75 35696 36612 
473 1263 gi|75 37382 38558 
439 1359 gi|75 37432 38654 
449 20125 gi|75 37492 39824 
437 939 gi|75 38893 39882 
465 489 gi|75 38893 39222 
461 354 gi|75 39389 39559 
369 716 gi|76 10104 10209 
197 668 gi|76 10104 10195 
317 702 gi|76 10104 10195 
385 565 gi|76 10123 10194 
93 344 gi|76 10511 10589 
41 408 gi|76 10513 10591 
253 997 gi|8 35969 36115 
138 1090 gi|8 35974 36121 
140 1088 gi|8 35974 36112 
142 684 gi|9 6334 6807 
144 396 gi|9 6352 6465 
146 276 gi|9 6709 6806 
148 1753 gi|9 14901 15641 
251 1152 gi|9 27802 27974 
139 1090 gi|9 27810 27960 
211 255 gi|9 28446 28724 
150 934 gi|9 36734 36840 
255 1141 gi|9 36974 37134 
141 1088 gi|9 36988 37134 
