856 280 gi|1 23709 23819 
858 725 gi|1 36049 36379 
860 552 gi|1 36205 36535 
294 338 gi|10 598 740 
765 277 gi|10 615 704 
296 262 gi|10 628 697 
298 311 gi|10 629 676 
300 291 gi|10 641 695 
302 338 gi|10 652 714 
306 2005 gi|10 4555 5046 
304 2103 gi|10 4555 5011 
308 1987 gi|10 4556 5100 
310 271 gi|10 4618 4794 
312 428 gi|10 8502 8696 
314 952 gi|10 8689 9083 
316 647 gi|10 9110 9473 
318 332 gi|10 21696 21956 
320 319 gi|10 21696 21876 
322 2602 gi|10 21714 22300 
324 264 gi|10 32247 32513 
326 256 gi|10 32295 32427 
1942 597 gi|100 4772 4876 
1944 1340 gi|100 4890 5075 
1946 622 gi|100 5061 5152 
1948 335 gi|100 5482 5522 
1195 268 gi|100 5516 5981 
1950 1477 gi|100 5522 6444 
1952 1211 gi|100 5829 6452 
1954 5946 gi|100 6480 7227 
1956 1455 gi|100 6507 7676 
1958 338 gi|100 7226 7670 
1960 295 gi|100 7711 7882 
1962 520 gi|100 7759 8045 
1964 614 gi|100 8014 8113 
1966 284 gi|100 8112 8148 
943 639 gi|100 17551 17741 
1968 261 gi|100 18769 18914 
1681 632 gi|100 40124 40285 
1976 253 gi|101 5189 5268 
347 445 gi|102 14728 15090 
1910 7303 gi|102 19605 20820 
1961 295 gi|102 19605 19769 
1959 338 gi|102 20362 20730 
1912 9143 gi|102 20831 22377 
1914 1076 gi|102 20852 21599 
1951 1477 gi|102 21702 22602 
1193 3642 gi|102 22163 22812 
1916 503 gi|102 22644 22812 
1899 2941 gi|102 22812 23154 
1897 10505 gi|102 23157 24495 
39 489 gi|102 24410 24495 
423 312 gi|102 24499 24553 
1415 13081 gi|102 24527 26532 
1225 352 gi|102 24552 24647 
129 1207 gi|102 24555 24792 
127 3429 gi|102 25783 26512 
1677 433 gi|102 30021 30165 
1003 608 gi|102 30050 30176 
1673 305 gi|102 30071 30165 
1675 305 gi|102 30071 30165 
123 454 gi|102 30075 30190 
1751 403 gi|103 7730 7843 
1791 725 gi|103 9993 10134 
1920 250 gi|103 9993 10107 
1918 670 gi|103 9993 10101 
1775 708 gi|103 9994 10116 
1924 355 gi|103 9995 10137 
1922 656 gi|103 9995 10115 
843 681 gi|103 9995 10103 
1809 617 gi|103 9995 10101 
1926 674 gi|103 15713 15859 
1928 610 gi|103 28391 28542 
1773 621 gi|103 28404 28547 
845 666 gi|103 28407 28539 
1930 660 gi|103 28417 28541 
1932 379 gi|103 28427 28570 
1795 682 gi|103 28427 28539 
1805 626 gi|103 28428 28555 
1934 542 gi|103 37058 37195 
1936 261 gi|103 37131 37195 
1938 629 gi|103 37451 37566 
1701 756 gi|103 37457 37571 
1940 500 gi|103 37460 37566 
1605 455 gi|104 585 701 
1217 515 gi|104 592 684 
1905 472 gi|104 919 996 
1832 381 gi|104 922 985 
1901 1348 gi|104 1417 1650 
1834 469 gi|104 1517 1648 
1836 4901 gi|104 7494 8048 
51 5192 gi|104 7494 8048 
1317 4218 gi|104 7495 8048 
1838 265 gi|104 7516 7610 
1321 491 gi|104 7578 7812 
1840 267 gi|104 7722 7810 
63 2410 gi|104 9736 9997 
65 1232 gi|104 12862 12997 
73 768 gi|104 12876 12997 
1615 742 gi|104 12876 12989 
71 1196 gi|104 15389 15524 
67 774 gi|104 15389 15505 
1613 895 gi|104 15389 15497 
77 28371 gi|104 18207 21202 
1607 4695 gi|104 18207 18718 
1842 298 gi|104 18234 18315 
1844 3823 gi|104 18432 18902 
1275 311 gi|104 18858 18973 
1039 7356 gi|104 20307 21122 
435 556 gi|104 20684 20787 
1045 658 gi|104 21119 21202 
1717 368 gi|105 7261 7358 
2088 453 gi|105 7280 7416 
2090 682 gi|105 7282 7466 
247 945 gi|105 7292 7507 
1671 270 gi|105 13358 13456 
2092 1116 gi|105 18038 18169 
1245 746 gi|105 18044 18169 
1203 307 gi|105 18448 18508 
2094 898 gi|105 18452 18606 
1171 678 gi|105 18464 18604 
2096 256 gi|105 38391 38469 
547 11296 gi|106 2842 4199 
1513 552 gi|106 2906 3473 
1563 400 gi|106 3166 3443 
565 1295 gi|106 4195 4352 
581 890 gi|106 5098 5204 
925 529 gi|106 5101 5187 
1880 951 gi|106 10738 10842 
1699 966 gi|106 11669 11833 
1882 937 gi|106 11669 11828 
1939 629 gi|106 11726 11836 
1884 472 gi|106 12017 12120 
1886 727 gi|106 12162 12370 
1888 453 gi|106 12211 12370 
2100 334 gi|107 35851 35976 
2102 268 gi|107 35915 35976 
2104 291 gi|107 36146 36320 
2106 360 gi|107 36175 36329 
1745 372 gi|107 36177 36322 
915 280 gi|107 36235 36323 
2108 251 gi|107 36262 36323 
1249 2295 gi|107 36451 37260 
2098 250 gi|109 9412 9471 
1885 472 gi|109 20902 21004 
303 338 gi|11 38384 38449 
897 283 gi|110 30771 30860 
2070 301 gi|111 2447 2637 
1970 256 gi|112 16510 16582 
857 280 gi|113 21110 21245 
1978 1998 gi|113 28504 29910 
1980 1619 gi|113 29324 30048 
1982 360 gi|113 30697 30791 
2109 251 gi|113 31164 31229 
1984 384 gi|113 31295 31399 
1986 1625 gi|113 31300 32065 
1988 473 gi|113 31669 31899 
1990 256 gi|113 31867 32045 
1992 380 gi|113 31886 32077 
1741 281 gi|113 31896 32064 
2054 383 gi|114 29461 29646 
847 264 gi|114 29509 29641 
1787 313 gi|114 29524 29660 
1851 801 gi|114 29533 29652 
1921 250 gi|114 29534 29644 
1811 287 gi|114 29544 29657 
2056 294 gi|114 29544 29648 
295 338 gi|115 2037 2187 
893 302 gi|115 2074 2146 
767 262 gi|115 2076 2130 
451 257 gi|115 2077 2125 
297 262 gi|115 7034 7104 
2072 253 gi|115 7035 7097 
465 268 gi|115 7036 7101 
895 289 gi|115 7059 7103 
449 255 gi|115 7062 7105 
2074 635 gi|115 10231 10460 
15 484 gi|115 10244 10461 
2076 477 gi|115 12496 13194 
2078 330 gi|115 14117 14222 
679 4358 gi|115 28147 28722 
1001 722 gi|115 28180 28738 
2080 4658 gi|115 28182 28722 
1505 4072 gi|115 28183 28687 
2082 265 gi|115 28435 28540 
1693 306 gi|115 28471 28529 
2084 1115 gi|115 28588 28722 
1867 277 gi|116 10714 11011 
1994 3456 gi|117 130 1005 
1267 7623 gi|117 205 1012 
1293 10972 gi|117 1020 2541 
1273 5851 gi|117 1020 1657 
1996 2905 gi|117 2114 2541 
1307 2361 gi|117 2267 2543 
1287 2353 gi|117 2267 2542 
1998 547 gi|117 2478 2559 
1301 9262 gi|117 2538 3637 
1047 1381 gi|117 2540 2823 
1281 6991 gi|117 2770 3630 
1297 1533 gi|117 3352 3626 
2000 1517 gi|117 3352 3626 
2002 530 gi|117 3563 3626 
1283 617 gi|117 3696 3820 
1303 617 gi|117 3696 3820 
1285 832 gi|117 3808 4038 
1305 832 gi|117 3808 4038 
2004 45465 gi|117 4295 9515 
997 1299 gi|117 4444 4666 
319 332 gi|117 4627 4886 
1821 354 gi|117 4662 4886 
981 2339 gi|117 5186 5530 
1121 313 gi|117 5231 5353 
2006 363 gi|117 5231 5353 
1103 889 gi|117 5273 5498 
2008 850 gi|117 5273 5498 
1117 261 gi|117 5286 5358 
2010 259 gi|117 5286 5358 
2012 507 gi|117 5341 5492 
1093 656 gi|117 5377 5498 
205 467 gi|117 5828 5959 
201 1895 gi|117 6928 7472 
1847 259 gi|117 8214 8298 
183 279 gi|117 8214 8288 
1659 450 gi|117 8215 8317 
1083 13235 gi|117 8284 9761 
731 3949 gi|117 8441 9002 
2014 3793 gi|117 8473 9010 
1531 4341 gi|117 8473 9009 
1479 4345 gi|117 8473 9008 
1519 4314 gi|117 8473 8997 
781 3301 gi|117 8476 8952 
1497 2792 gi|117 8489 8841 
1051 1109 gi|117 8496 8712 
1487 1208 gi|117 8793 9009 
2016 1051 gi|117 8841 8997 
2018 466 gi|117 8899 8994 
993 295 gi|117 9044 9200 
1109 360 gi|117 9045 9174 
2020 350 gi|117 9045 9174 
2022 287 gi|117 9051 9180 
1113 680 gi|117 9096 9263 
2024 681 gi|117 9096 9263 
1119 660 gi|117 9186 9348 
2026 663 gi|117 9186 9348 
2028 1605 gi|117 9238 9754 
1097 969 gi|117 9238 9709 
2030 877 gi|117 9275 9505 
987 915 gi|117 9289 9516 
2032 384 gi|117 9368 9510 
1087 937 gi|117 9377 9515 
989 659 gi|117 9570 9709 
2034 670 gi|117 9579 9699 
2036 413 gi|117 9585 9704 
2038 18247 gi|117 10003 12607 
199 1916 gi|117 10750 11294 
207 429 gi|117 12259 12388 
1443 293 gi|117 12607 12882 
1561 745 gi|117 12611 12894 
2040 678 gi|117 12611 12834 
2042 265 gi|117 12762 12893 
2044 2176 gi|117 13047 13578 
2046 7157 gi|117 14259 15358 
979 3857 gi|117 15149 15700 
2048 2755 gi|117 15356 15703 
1105 864 gi|117 15457 15668 
2050 833 gi|117 15457 15668 
2052 537 gi|117 15511 15679 
1091 675 gi|117 15547 15668 
1935 542 gi|118 8624 8761 
2058 288 gi|118 8713 8961 
1573 450 gi|118 8734 9056 
453 305 gi|118 8972 9067 
733 925 gi|118 9971 10123 
2060 853 gi|118 9976 10093 
1483 1125 gi|118 9977 10123 
1517 924 gi|118 9977 10093 
1493 1070 gi|118 9978 10132 
1137 1069 gi|118 9978 10123 
2017 1051 gi|118 9978 10123 
2062 1148 gi|118 9978 10121 
1535 916 gi|118 9978 10093 
793 409 gi|118 10023 10107 
1485 524 gi|118 10050 10200 
1495 484 gi|118 10054 10200 
2064 499 gi|118 10060 10200 
749 547 gi|118 10062 10200 
1527 283 gi|118 10080 10121 
1541 283 gi|118 10080 10121 
795 276 gi|118 10088 10149 
2066 480 gi|118 10103 10201 
1139 478 gi|118 10110 10200 
1523 450 gi|118 10110 10200 
1537 450 gi|118 10110 10200 
2019 466 gi|118 10110 10199 
1907 296 gi|118 21102 21173 
1833 381 gi|118 21102 21165 
1903 410 gi|118 21187 21303 
1835 469 gi|118 21191 21316 
2068 279 gi|118 31970 32077 
2083 265 gi|118 31970 32077 
687 271 gi|118 31970 32077 
2086 319 gi|119 4396 4505 
165 253 gi|119 4793 4860 
490 1932 gi|12 522 1101 
492 296 gi|12 7287 7418 
494 250 gi|12 8282 8324 
496 1072 gi|12 23689 23867 
801 257 gi|12 31093 31170 
933 271 gi|120 1451 1487 
891 273 gi|120 1498 1580 
1041 1213 gi|120 10884 11066 
1043 376 gi|120 10887 11027 
1735 269 gi|121 2769 2812 
1567 806 gi|122 21379 22036 
1569 373 gi|122 23906 24438 
1925 355 gi|122 34357 34498 
837 382 gi|122 34369 34499 
1972 384 gi|122 34387 34499 
1797 318 gi|122 34389 34498 
1933 379 gi|122 34391 34523 
1807 336 gi|122 34392 34515 
1974 400 gi|122 34392 34498 
1781 296 gi|122 34395 34504 
2110 331 gi|123 19771 20179 
2112 484 gi|124 6041 6419 
2114 707 gi|124 6797 7058 
2097 256 gi|124 15869 15952 
2116 466 gi|124 28817 28986 
2120 306 gi|124 28853 28989 
2118 565 gi|124 28853 28981 
2122 304 gi|124 29077 29114 
1943 597 gi|125 1551 1655 
1965 614 gi|125 1562 1661 
2132 1085 gi|125 1775 2074 
1429 299 gi|125 1971 2068 
811 252 gi|125 2019 2080 
2134 931 gi|125 2178 2299 
1967 284 gi|125 2298 2332 
1945 1340 gi|125 2300 2483 
1947 622 gi|125 2790 2874 
1199 521 gi|125 2812 3048 
1197 352 gi|125 3326 3530 
1917 503 gi|125 3347 3516 
1949 335 gi|125 3505 3545 
1915 1076 gi|125 3564 4284 
2136 2496 gi|125 3665 5104 
1955 5946 gi|125 4436 5182 
309 1987 gi|125 8224 8794 
1425 2453 gi|125 8226 8809 
267 2973 gi|125 8231 9060 
271 325 gi|125 8742 8888 
1163 652 gi|125 11124 11597 
1033 1443 gi|127 13589 13760 
1623 1443 gi|127 13589 13760 
1179 994 gi|127 13591 13722 
97 1343 gi|127 13596 13760 
103 265 gi|127 13646 13720 
1037 265 gi|127 13646 13720 
1625 265 gi|127 13646 13720 
1731 744 gi|127 27081 27229 
1265 1013 gi|127 35391 35507 
1881 951 gi|128 14724 14828 
1241 509 gi|129 15806 16467 
1375 357 gi|129 37406 37601 
863 264 gi|129 37739 37902 
166 251 gi|13 9705 9744 
168 3228 gi|13 9752 10224 
170 1516 gi|13 9752 9996 
174 351 gi|13 10101 10220 
172 353 gi|13 10101 10210 
176 254 gi|13 17801 17891 
178 387 gi|13 17802 17889 
180 683 gi|13 17817 17908 
182 279 gi|13 17818 17891 
184 578 gi|13 18012 18167 
385 315 gi|130 5924 6158 
383 379 gi|130 6276 6467 
1251 557 gi|130 8247 8543 
1771 272 gi|130 8374 8470 
2140 299 gi|130 8409 8530 
853 997 gi|130 30363 30635 
1749 491 gi|130 30498 30627 
2142 407 gi|130 31163 31255 
2144 310 gi|130 31251 31380 
2160 324 gi|131 4440 4639 
161 334 gi|131 4863 5057 
391 255 gi|131 25028 25187 
2162 371 gi|131 40553 40703 
1971 256 gi|132 4070 4142 
193 305 gi|132 17097 17346 
1445 623 gi|132 26214 26445 
229 1178 gi|132 26690 26830 
219 1111 gi|132 26693 26829 
1679 263 gi|132 26697 26821 
2154 293 gi|132 26698 26827 
2156 2610 gi|132 27173 29058 
1703 827 gi|133 6687 6849 
1883 937 gi|133 6691 6849 
1941 500 gi|133 6749 6849 
1845 3823 gi|133 6929 7399 
83 3823 gi|133 6929 7399 
1609 2323 gi|133 7113 7399 
1277 525 gi|133 7389 7500 
1611 282 gi|133 7415 7490 
1843 298 gi|133 7415 7490 
81 298 gi|133 7415 7490 
1143 1895 gi|133 8395 8659 
1633 1892 gi|133 8395 8653 
47 910 gi|133 8447 8659 
1813 321 gi|133 25715 25923 
1397 317 gi|133 28868 28992 
1593 311 gi|133 30163 30228 
1733 254 gi|133 33360 33398 
357 311 gi|133 34920 35160 
719 423 gi|134 33643 33702 
1467 257 gi|135 20098 20140 
1387 894 gi|135 20102 20211 
2180 275 gi|135 22846 23124 
931 270 gi|135 22857 23034 
1389 865 gi|135 32065 32212 
329 328 gi|135 36632 36786 
1385 880 gi|135 39722 39883 
827 658 gi|136 2034 2121 
825 5533 gi|136 2860 3646 
2124 9064 gi|136 25575 27340 
2126 1253 gi|136 27368 27671 
1233 718 gi|136 27418 27671 
2128 353 gi|136 27444 27659 
727 260 gi|136 27494 27651 
2130 285 gi|136 27538 27661 
921 16568 gi|136 30670 32685 
919 2582 gi|136 32687 32982 
2091 682 gi|137 723 924 
2164 331 gi|137 724 868 
245 522 gi|137 735 924 
2166 267 gi|137 4212 4293 
155 288 gi|137 6238 6367 
2168 1926 gi|137 15087 16239 
1743 353 gi|137 17634 17843 
2170 581 gi|137 17659 17843 
1459 572 gi|137 20981 21087 
2172 607 gi|137 20983 21089 
865 328 gi|137 21118 21177 
2093 1116 gi|137 22974 23104 
1247 794 gi|137 22982 23111 
345 253 gi|137 25406 25606 
343 347 gi|137 26046 26252 
907 339 gi|137 26337 26638 
339 349 gi|137 26887 26978 
909 294 gi|137 26931 26997 
447 352 gi|138 10774 10836 
395 455 gi|138 10900 11039 
923 369 gi|138 10979 11045 
1865 322 gi|138 20923 21044 
2146 1336 gi|138 22298 22709 
1985 384 gi|138 22298 22403 
2148 941 gi|138 22767 23065 
2150 2376 gi|138 22887 23517 
2152 1682 gi|138 23034 23512 
273 630 gi|139 8410 8541 
2182 502 gi|139 29326 29457 
1819 266 gi|139 35641 35767 
1565 415 gi|139 37946 38130 
145 282 gi|139 40553 40620 
382 379 gi|14 11632 11824 
384 315 gi|14 12098 12359 
386 475 gi|14 14174 14615 
388 299 gi|14 14210 14357 
390 255 gi|14 35624 35792 
1683 484 gi|140 16093 16512 
1685 671 gi|140 17034 17386 
1687 535 gi|140 18098 18538 
1591 251 gi|140 19893 20051 
2210 1303 gi|140 21547 22063 
2212 259 gi|140 21579 21629 
2214 5318 gi|140 22144 23535 
2216 926 gi|140 22151 23183 
1747 323 gi|140 22669 22739 
471 599 gi|140 28112 28316 
2218 292 gi|140 28112 28205 
1255 404 gi|140 28146 28300 
2220 295 gi|140 28175 28305 
483 1341 gi|140 33098 33305 
755 666 gi|140 33098 33203 
253 821 gi|140 33137 33377 
1761 791 gi|140 33614 33736 
1393 616 gi|140 33649 33736 
135 517 gi|141 1481 1588 
151 743 gi|141 7216 7304 
1879 310 gi|141 7216 7265 
1859 767 gi|141 8914 9153 
817 1312 gi|141 8928 9918 
1637 2834 gi|141 8928 9323 
1635 395 gi|141 10713 10888 
49 3359 gi|141 18806 19339 
1377 259 gi|141 37106 37332 
1329 1821 gi|142 3210 3588 
2238 691 gi|142 3234 3527 
1875 1619 gi|142 3237 3589 
2183 502 gi|142 33170 33302 
1849 329 gi|143 18321 18496 
2184 491 gi|143 28705 29206 
2186 314 gi|143 30471 30806 
2188 355 gi|143 31415 31558 
2190 1231 gi|143 35037 35302 
1887 727 gi|143 35152 35356 
2192 451 gi|143 35313 35542 
2194 521 gi|143 35344 35506 
137 563 gi|143 35657 35836 
2196 4340 gi|143 35665 36499 
2198 393 gi|143 35860 35977 
2200 1800 gi|143 36034 36606 
2202 1669 gi|143 36163 36599 
1365 291 gi|144 1292 1368 
1653 288 gi|144 1292 1368 
2204 280 gi|144 1292 1366 
2211 1303 gi|144 12832 13362 
2206 802 gi|144 13450 14149 
2215 5318 gi|144 13495 14868 
1817 298 gi|144 14076 14246 
2208 294 gi|144 14636 14778 
1969 261 gi|144 26917 27060 
1185 1048 gi|144 27267 27581 
1031 262 gi|144 27412 27562 
107 262 gi|144 27412 27562 
1629 262 gi|144 27412 27562 
1977 253 gi|144 29683 29762 
1431 265 gi|144 35850 35964 
2181 275 gi|144 37342 37632 
379 259 gi|144 37391 37566 
1869 257 gi|144 39579 39647 
429 305 gi|145 1859 1958 
887 358 gi|145 1861 1959 
883 1028 gi|145 1965 2240 
879 494 gi|145 2303 2502 
427 318 gi|145 3353 3472 
885 411 gi|145 3354 3476 
2161 324 gi|145 12789 12979 
1149 285 gi|145 17914 17982 
1577 279 gi|145 18623 18706 
349 293 gi|145 31999 32104 
2167 267 gi|145 32011 32090 
313 428 gi|145 37307 37501 
315 952 gi|145 37551 37945 
317 647 gi|145 37909 38248 
2071 301 gi|145 39300 39466 
1589 331 gi|146 8666 8948 
1325 374 gi|146 8682 8948 
2158 283 gi|146 25784 25953 
2115 707 gi|146 25919 26163 
2113 484 gi|146 26517 26940 
2138 414 gi|147 25256 25352 
1861 858 gi|148 8845 9387 
2145 310 gi|148 33234 33369 
2143 407 gi|148 33463 33555 
2222 608 gi|148 33964 34206 
939 678 gi|148 34000 34206 
2224 531 gi|148 34107 34204 
1259 287 gi|148 34318 34387 
1155 280 gi|148 34322 34389 
1261 303 gi|148 34322 34389 
1253 337 gi|148 38203 38342 
371 17029 gi|149 10380 12525 
1081 572 gi|149 13442 13626 
1639 378 gi|149 13712 13894 
851 485 gi|149 13919 14074 
1353 1493 gi|149 14384 14738 
1173 362 gi|149 14841 14954 
1579 512 gi|149 15595 15865 
439 1529 gi|149 25600 25802 
1381 362 gi|149 26288 26353 
373 7209 gi|149 26369 27484 
399 857 gi|149 27654 27816 
1713 648 gi|149 27664 27813 
875 471 gi|149 27707 27827 
1763 439 gi|149 27716 27811 
1857 362 gi|149 27749 27811 
355 606 gi|149 27938 28071 
2226 279 gi|149 29394 29967 
2228 253 gi|149 39848 39909 
186 268 gi|15 23888 23991 
188 305 gi|15 34764 34878 
1725 366 gi|150 12202 12406 
1723 261 gi|150 14239 14550 
1721 250 gi|150 14802 14881 
1657 321 gi|150 33865 33913 
1655 641 gi|150 33915 34069 
1647 422 gi|150 34051 34235 
1645 855 gi|150 34595 34846 
2043 265 gi|150 34953 35074 
2139 414 gi|150 34975 35075 
1697 590 gi|151 1 618 
221 285 gi|151 42 129 
223 427 gi|151 253 422 
225 280 gi|151 545 650 
217 279 gi|151 12010 12139 
2155 293 gi|151 12013 12139 
231 269 gi|151 12013 12139 
2230 289 gi|151 19617 19693 
2232 259 gi|151 19620 19785 
2234 261 gi|151 19627 19783 
1457 624 gi|151 27446 27540 
2173 607 gi|151 27446 27537 
2077 477 gi|151 27978 28689 
1167 311 gi|151 29040 29236 
2079 330 gi|151 29301 29406 
443 626 gi|152 27739 27875 
149 626 gi|152 27778 27875 
1979 1998 gi|152 31455 32864 
1981 1619 gi|152 32280 33061 
2174 360 gi|152 34141 34363 
2176 520 gi|152 34766 34952 
2178 451 gi|152 35251 35376 
493 296 gi|153 15964 16089 
901 293 gi|153 16443 16603 
2236 259 gi|153 32624 32728 
489 358 gi|154 28049 28227 
869 3319 gi|154 30786 31451 
769 981 gi|154 31463 31572 
2233 259 gi|155 1013 1196 
2235 261 gi|155 1077 1221 
2199 393 gi|156 522 632 
2240 368 gi|156 522 629 
1619 695 gi|156 1507 1624 
1603 370 gi|156 1527 1628 
949 499 gi|156 4021 4394 
2231 289 gi|156 7564 7653 
1065 2110 gi|156 21914 22366 
1077 463 gi|156 22648 22756 
1075 2118 gi|156 22912 23223 
1349 443 gi|156 22919 23054 
2242 1014 gi|156 23221 23393 
1873 617 gi|156 23222 23361 
1073 1048 gi|156 23374 23565 
1067 2279 gi|156 23561 24075 
1351 360 gi|156 23572 23835 
473 339 gi|156 24090 24224 
2221 295 gi|156 24101 24221 
1257 358 gi|156 24104 24225 
1447 362 gi|156 24473 24701 
759 610 gi|156 25143 25404 
457 1062 gi|156 26765 26963 
1769 325 gi|156 26901 26946 
1181 1950 gi|156 27626 27925 
1183 3016 gi|156 28060 28462 
1079 257 gi|156 29379 29678 
1187 2723 gi|156 29853 30319 
1189 1621 gi|156 30629 30957 
2239 691 gi|157 31448 31748 
1333 588 gi|157 31448 31742 
1877 654 gi|157 31459 31741 
2201 1800 gi|157 35995 36575 
2244 1433 gi|157 35995 36454 
2246 943 gi|157 36228 36568 
2248 1465 gi|157 36634 37282 
2250 674 gi|157 36884 37174 
479 439 gi|157 36952 37239 
2252 397 gi|157 37133 37269 
2254 459 gi|157 37400 37614 
2256 461 gi|157 37404 37619 
2123 304 gi|157 37407 37444 
2121 306 gi|157 37478 37604 
2223 608 gi|158 31583 31823 
937 839 gi|158 31583 31780 
2258 390 gi|158 31585 31672 
2260 721 gi|158 31590 31804 
2141 299 gi|158 38754 38866 
2229 253 gi|158 39044 39105 
1205 624 gi|158 40071 40225 
1463 282 gi|159 14304 14371 
1465 266 gi|159 14432 14647 
917 284 gi|159 14614 14731 
2262 253 gi|159 18367 18412 
212 251 gi|16 19893 19970 
214 1149 gi|16 23663 23841 
216 279 gi|16 23683 23820 
218 1111 gi|16 23685 23822 
220 285 gi|16 29229 29316 
222 427 gi|16 29391 29557 
224 280 gi|16 29695 29800 
275 1675 gi|161 1929 2188 
2133 1085 gi|161 2805 3105 
1617 283 gi|161 2830 2891 
2135 931 gi|161 2858 2979 
1427 366 gi|161 2994 3129 
279 13881 gi|161 4543 6430 
365 1278 gi|161 5134 5507 
809 1409 gi|161 5711 6418 
283 2789 gi|161 6883 7299 
369 255 gi|161 7434 7549 
725 9437 gi|161 19516 20822 
1643 671 gi|161 20941 21103 
2125 9064 gi|161 24109 25868 
2127 1253 gi|161 26057 26348 
1235 972 gi|161 26112 26348 
2129 353 gi|161 26130 26336 
2131 285 gi|161 26233 26330 
441 818 gi|162 28346 28608 
1665 379 gi|162 30974 31459 
17 1047 gi|162 34043 34282 
2075 635 gi|162 34048 34282 
935 772 gi|163 13701 13949 
2261 721 gi|163 13747 13976 
2225 531 gi|163 21210 21314 
941 471 gi|163 21220 21314 
2259 390 gi|163 21221 21314 
463 322 gi|163 21290 21434 
761 300 gi|163 21290 21429 
2073 253 gi|163 21370 21433 
889 326 gi|163 21379 21521 
475 486 gi|163 24938 25019 
2193 451 gi|163 25018 25232 
2266 360 gi|163 25173 25521 
2251 674 gi|163 25173 25473 
477 1220 gi|163 25216 25548 
2117 466 gi|163 25623 25796 
2263 253 gi|163 25627 25669 
2257 461 gi|163 25644 25876 
2268 1845 gi|163 25649 26076 
2253 397 gi|163 25907 26058 
2197 4340 gi|163 26057 26890 
2270 1381 gi|163 26058 26345 
2245 1433 gi|163 26067 26534 
2241 368 gi|163 26594 26698 
139 453 gi|163 26724 26869 
2195 521 gi|163 26885 27037 
1889 453 gi|163 27632 27782 
2191 1231 gi|163 27638 27894 
211 440 gi|163 30217 30299 
2099 250 gi|163 30219 30293 
2272 262 gi|163 30220 30366 
2274 472 gi|163 30222 30369 
849 253 gi|163 30259 30314 
1737 600 gi|163 34365 34694 
1891 301 gi|163 34366 34782 
2276 1735 gi|163 34367 34984 
2278 781 gi|163 34373 34671 
2107 360 gi|163 34388 34546 
2280 292 gi|163 34478 34619 
1987 1625 gi|163 34500 35280 
1405 427 gi|163 34549 34707 
359 851 gi|163 34626 34807 
1983 360 gi|163 35100 35196 
2147 1336 gi|163 35181 35590 
1863 332 gi|163 35333 35453 
2282 1140 gi|163 35642 35866 
2151 2376 gi|163 35690 36310 
2284 5110 gi|163 35823 36840 
2101 334 gi|163 36287 36411 
2157 2610 gi|164 5201 7104 
1383 307 gi|164 6336 6411 
2179 451 gi|165 13468 13593 
2177 520 gi|165 13796 13991 
2175 360 gi|165 14293 14524 
1401 364 gi|165 28061 28189 
1403 290 gi|165 28568 28696 
1399 482 gi|165 28697 28977 
1243 520 gi|166 10707 10952 
2087 319 gi|166 27285 27406 
163 258 gi|166 27885 28010 
1559 1722 gi|166 38331 38571 
2041 678 gi|166 38336 38558 
973 1074 gi|166 38713 39132 
1651 1815 gi|166 38811 39223 
2264 1744 gi|166 38811 39220 
965 682 gi|166 38819 39018 
1361 867 gi|166 38958 39222 
1991 256 gi|168 18108 18330 
2281 292 gi|168 18214 18379 
1473 9101 gi|168 20583 21738 
173 353 gi|168 20599 20704 
167 251 gi|168 20601 20638 
169 3228 gi|168 21495 21951 
1475 304 gi|168 21881 21940 
2277 1735 gi|169 4024 4627 
1989 473 gi|169 4095 4327 
361 468 gi|169 4190 4328 
2286 366 gi|169 4322 4616 
1407 307 gi|169 4325 4419 
2275 472 gi|169 4363 4520 
209 508 gi|169 4434 4653 
2237 259 gi|169 4524 4634 
1929 610 gi|169 11757 11903 
1853 285 gi|169 11786 11906 
1973 384 gi|169 11788 11901 
1785 937 gi|169 11789 11948 
1777 843 gi|169 11789 11906 
1803 838 gi|169 11793 11900 
1919 670 gi|169 11796 11902 
835 843 gi|169 11796 11901 
2057 294 gi|169 11802 11906 
1893 341 gi|169 15009 15147 
971 2054 gi|169 15144 15500 
1649 1837 gi|169 15174 15595 
1331 367 gi|169 15182 15599 
2265 1744 gi|169 15188 15595 
961 754 gi|169 15190 15394 
957 477 gi|169 15323 15498 
1363 1335 gi|169 15343 15598 
2205 280 gi|169 15522 15595 
1895 336 gi|169 15615 15778 
1909 14393 gi|169 15779 18179 
2219 292 gi|169 18264 18362 
1263 270 gi|169 19004 19096 
2285 5110 gi|169 19167 20226 
2103 268 gi|169 19634 19696 
2153 1682 gi|169 19745 20217 
2149 941 gi|169 20263 20559 
2283 1140 gi|169 20264 20474 
1855 358 gi|169 20889 21109 
1801 791 gi|169 20889 21002 
2055 383 gi|169 20890 21076 
1931 660 gi|169 20890 21010 
1975 400 gi|169 20892 21000 
839 816 gi|169 20893 21039 
1793 794 gi|169 20893 21035 
1923 656 gi|169 20893 21009 
1779 756 gi|169 20893 20997 
1437 1796 gi|169 29259 30092 
2163 371 gi|169 29518 29662 
1827 1409 gi|169 29728 30298 
1825 571 gi|169 30081 30281 
1829 319 gi|169 30465 30544 
2189 355 gi|169 36384 36528 
1815 1363 gi|169 36387 37882 
2187 314 gi|169 38193 38514 
2185 491 gi|169 39818 40316 
498 252 gi|17 23670 23772 
500 378 gi|17 31975 32561 
977 267 gi|170 7026 7109 
1993 380 gi|170 9217 9413 
1739 487 gi|170 9223 9531 
2279 781 gi|170 9234 9531 
2287 366 gi|170 9258 9526 
2273 262 gi|170 9304 9445 
2171 581 gi|170 9345 9532 
2105 291 gi|170 9368 9536 
2288 318 gi|170 9400 9535 
2111 331 gi|170 12585 13023 
1599 262 gi|170 18046 18151 
1597 2518 gi|170 18131 18905 
1595 3569 gi|170 18352 20173 
2227 279 gi|170 23091 23653 
2169 1926 gi|170 34792 35930 
417 250 gi|170 39051 39278 
1913 9143 gi|171 1 1536 
1191 1642 gi|171 1 216 
1953 1211 gi|171 61 684 
2137 2496 gi|171 885 2332 
1957 1455 gi|171 1694 2841 
1911 7303 gi|171 2320 3593 
1963 520 gi|171 3470 3770 
2095 898 gi|171 3722 3876 
1169 756 gi|171 3726 3874 
1201 294 gi|171 3737 3779 
1543 1552 gi|171 3875 4053 
627 1550 gi|171 3875 4052 
545 1540 gi|171 3875 4049 
1549 1184 gi|171 4050 4219 
533 1158 gi|171 4050 4219 
561 1159 gi|171 4050 4219 
673 1170 gi|171 4050 4219 
717 1017 gi|171 4050 4219 
1553 510 gi|171 4130 4219 
1551 1244 gi|171 4422 4576 
537 1189 gi|171 4422 4570 
559 1231 gi|171 4422 4570 
671 1189 gi|171 4422 4570 
715 442 gi|171 4422 4568 
1557 1202 gi|171 4423 4570 
527 837 gi|171 4745 4966 
563 912 gi|171 4746 4966 
675 798 gi|171 4746 4966 
1545 809 gi|171 4746 4897 
721 304 gi|171 4746 4848 
713 1603 gi|171 4777 5250 
557 1106 gi|171 4831 5188 
531 1178 gi|171 4831 5176 
1547 1114 gi|171 4859 5188 
669 1168 gi|171 4859 5176 
1555 632 gi|171 4973 5176 
1503 252 gi|171 5523 5584 
1529 3262 gi|171 5541 6079 
1477 3882 gi|171 5548 6079 
1127 3834 gi|171 5548 6075 
2015 3793 gi|171 5548 6075 
2290 3653 gi|171 5548 6075 
1515 3235 gi|171 5548 6066 
743 3504 gi|171 5550 6065 
783 3147 gi|171 5551 6011 
1061 1125 gi|171 5571 5788 
1501 2526 gi|171 5583 5893 
2061 853 gi|171 5947 6067 
1491 955 gi|171 5947 6065 
2067 480 gi|171 5960 6064 
2203 1669 gi|171 6000 6427 
2271 1381 gi|171 6041 6326 
2247 943 gi|171 6081 6427 
2243 1014 gi|171 6410 6607 
1871 898 gi|171 6440 6606 
2249 1465 gi|171 6767 7404 
2267 360 gi|171 7005 7357 
2269 1845 gi|171 7211 7708 
2255 459 gi|171 7473 7706 
2119 565 gi|171 7566 7693 
2289 318 gi|171 7669 7802 
257 1825 gi|171 12121 13514 
1421 396 gi|171 14425 14554 
1419 710 gi|171 14581 15369 
409 254 gi|171 16024 16133 
1669 733 gi|171 17602 17980 
1667 833 gi|171 18142 18725 
1005 793 gi|171 19559 20081 
677 4685 gi|171 19566 20122 
2292 1131 gi|171 19573 19708 
2081 4658 gi|171 19574 20115 
1507 3906 gi|171 19609 20114 
2069 279 gi|171 19756 19861 
1695 305 gi|171 19767 19825 
2089 453 gi|172 554 694 
251 281 gi|172 558 679 
2165 331 gi|172 559 691 
1719 343 gi|172 613 695 
1727 447 gi|172 23900 24085 
1729 494 gi|172 24085 24187 
2059 288 gi|172 28136 28373 
1937 261 gi|172 28324 28395 
2209 294 gi|172 29940 30082 
2217 926 gi|172 30102 31122 
2207 802 gi|172 30502 31167 
2213 259 gi|172 31590 31638 
1413 286 gi|172 34522 34674 
1409 1685 gi|172 34977 36209 
1451 300 gi|172 35274 35357 
1453 284 gi|172 35719 35761 
1449 251 gi|172 35721 35813 
2053 537 gi|173 2751 2915 
985 447 gi|173 2751 2915 
1101 389 gi|173 2758 2917 
2033 384 gi|173 2758 2898 
1089 386 gi|173 2758 2873 
2037 413 gi|173 2758 2873 
2013 507 gi|173 2769 2915 
1601 294 gi|173 3053 3911 
1571 16847 gi|173 4912 7756 
1585 555 gi|173 5400 5744 
1587 1350 gi|173 6039 7225 
1575 515 gi|173 8117 8350 
1641 261 gi|173 11216 11309 
2293 1131 gi|173 11343 11475 
2085 1115 gi|173 11344 11475 
681 1026 gi|173 11344 11475 
1007 251 gi|173 11344 11455 
1511 712 gi|173 11379 11475 
2029 1605 gi|173 11480 11990 
1085 1382 gi|173 11481 11662 
2005 45465 gi|173 11525 16702 
1099 10509 gi|173 11525 12719 
991 838 gi|173 11525 11746 
2009 850 gi|173 11535 11760 
2051 833 gi|173 11535 11746 
1125 350 gi|173 11685 11797 
2021 350 gi|173 11685 11797 
2025 681 gi|173 11686 11849 
2011 259 gi|173 11759 11836 
1115 680 gi|173 11772 11939 
2027 663 gi|173 11772 11939 
995 295 gi|173 11835 11991 
2007 363 gi|173 11855 11984 
1111 360 gi|173 11861 11990 
2291 3653 gi|173 12025 12530 
1489 1192 gi|173 12026 12185 
1533 1000 gi|173 12026 12156 
1481 4038 gi|173 12027 12530 
747 3751 gi|173 12038 12562 
2063 1148 gi|173 12038 12184 
1521 994 gi|173 12038 12156 
2065 499 gi|173 12040 12186 
771 3415 gi|173 12083 12527 
1525 3380 gi|173 12143 12530 
1539 3386 gi|173 12143 12530 
1499 2709 gi|173 12156 12514 
1053 1119 gi|173 12291 12507 
1661 439 gi|173 12686 12788 
177 254 gi|173 12715 12810 
2039 18247 gi|173 12777 15394 
197 1941 gi|173 13528 14072 
203 467 gi|173 15041 15172 
2049 2755 gi|173 15467 15815 
983 2313 gi|173 15470 15814 
1107 863 gi|173 15502 15727 
2031 877 gi|173 15502 15727 
1095 656 gi|173 15502 15623 
2035 670 gi|173 15502 15623 
1123 287 gi|173 15647 15769 
2023 287 gi|173 15647 15769 
1823 349 gi|173 16113 16335 
321 319 gi|173 16189 16370 
2047 7157 gi|173 16331 17448 
999 1299 gi|173 16331 16553 
2045 2176 gi|173 16963 17516 
1313 296 gi|173 17415 17493 
1049 613 gi|173 19511 19588 
1269 3008 gi|173 19926 20828 
1995 3456 gi|173 19988 20903 
1315 4223 gi|173 21311 21873 
1837 4901 gi|173 21320 21873 
53 4901 gi|173 21320 21873 
1841 267 gi|173 21345 21436 
61 267 gi|173 21345 21436 
1319 455 gi|173 21384 21638 
1839 265 gi|173 21545 21636 
57 265 gi|173 21545 21636 
335 2082 gi|173 21937 22374 
1295 4090 gi|173 22327 22800 
1997 2905 gi|173 22373 22800 
1289 1517 gi|173 22373 22647 
1309 1517 gi|173 22373 22647 
2001 1517 gi|173 22373 22647 
1 307 gi|173 22374 22406 
1999 547 gi|174 1 83 
1311 548 gi|174 18 83 
1291 539 gi|174 19 83 
2003 530 gi|174 20 83 
1469 413 gi|175 18077 18215 
1025 565 gi|175 18077 18214 
2159 283 gi|176 10168 10333 
1927 674 gi|176 32843 32990 
292 260 gi|18 9562 9754 
274 1675 gi|19 4054 4306 
276 362 gi|19 4081 4134 
278 13881 gi|19 4214 6086 
280 1419 gi|19 4793 5157 
807 1697 gi|19 5273 6317 
282 2789 gi|19 6434 6885 
284 428 gi|19 9694 9770 
286 871 gi|19 24159 24280 
288 922 gi|19 24167 24280 
290 881 gi|19 24173 24280 
328 328 gi|2 7169 7325 
330 283 gi|2 13561 13675 
14 484 gi|21 8472 8699 
16 1047 gi|21 8473 8719 
18 550 gi|21 8912 9415 
20 1629 gi|21 10374 11168 
22 3168 gi|21 11255 12578 
24 262 gi|21 13243 13396 
26 3251 gi|21 14012 14881 
28 4950 gi|21 14152 15431 
30 6086 gi|21 14365 15828 
32 388 gi|21 16428 16574 
34 512 gi|21 16541 16643 
36 482 gi|21 16856 16945 
38 489 gi|21 16858 16945 
40 363 gi|21 18077 18244 
42 1032 gi|21 19382 19590 
44 1031 gi|21 19387 19590 
46 910 gi|21 19390 19590 
48 3359 gi|21 19753 20259 
50 5192 gi|21 26104 26658 
52 4901 gi|21 26104 26658 
54 4215 gi|21 26105 26658 
56 265 gi|21 26126 26220 
58 490 gi|21 26188 26422 
60 267 gi|21 26332 26420 
62 2410 gi|21 28346 28607 
64 1232 gi|21 31470 31605 
66 774 gi|21 31484 31605 
68 742 gi|21 31484 31597 
70 1196 gi|21 33997 34132 
72 768 gi|21 33997 34113 
74 893 gi|21 33997 34105 
76 28371 gi|21 36815 39809 
78 4692 gi|21 36815 37326 
80 298 gi|21 36842 36923 
82 3823 gi|21 37040 37510 
84 300 gi|21 37466 37581 
86 7320 gi|21 38915 39729 
437 521 gi|21 39292 39394 
88 664 gi|21 39726 39809 
146 334 gi|22 2420 2483 
445 474 gi|22 2520 2620 
148 626 gi|22 2526 2610 
195 389 gi|22 2634 2775 
150 743 gi|22 9283 9367 
152 344 gi|22 9318 9370 
154 288 gi|22 26041 26164 
156 265 gi|22 26058 26166 
158 276 gi|22 26814 27007 
415 264 gi|22 26878 27003 
160 334 gi|22 30885 31067 
162 258 gi|22 36146 36267 
164 253 gi|22 37248 37305 
352 285 gi|23 4056 4172 
354 606 gi|23 9841 9976 
356 311 gi|23 10302 10546 
358 851 gi|23 10549 10742 
360 468 gi|23 10594 10742 
362 261 gi|23 15673 15924 
277 362 gi|23 28432 28484 
281 1419 gi|23 28600 28965 
364 1278 gi|23 28600 28965 
366 456 gi|23 29042 29255 
368 255 gi|23 29242 29359 
370 17029 gi|23 29910 32086 
372 7209 gi|23 30813 31932 
374 276 gi|23 37674 37758 
376 265 gi|23 37678 37751 
378 259 gi|23 39260 39438 
380 250 gi|23 39275 39410 
431 389 gi|24 5829 6189 
134 517 gi|24 27091 27203 
136 563 gi|24 33810 34020 
138 453 gi|24 33810 33959 
140 308 gi|24 34978 35058 
142 276 gi|24 34978 35058 
144 282 gi|24 35022 35080 
226 364 gi|25 2675 2940 
215 1149 gi|25 8146 8332 
228 1178 gi|25 8174 8318 
230 269 gi|25 8177 8310 
232 315 gi|25 10148 10365 
234 1812 gi|25 13307 14539 
236 402 gi|25 14686 14906 
238 555 gi|25 32908 33153 
240 441 gi|25 33246 33688 
242 743 gi|25 34955 35289 
4 2943 gi|26 16730 17097 
411 596 gi|26 25831 26605 
157 265 gi|26 26103 26211 
6 440 gi|26 26115 26356 
859 725 gi|26 26127 26462 
8 324 gi|26 33104 33400 
10 285 gi|26 33270 33381 
12 286 gi|26 33715 33839 
264 274 gi|27 1831 2017 
266 2973 gi|27 18480 19288 
311 271 gi|27 18639 18825 
268 2041 gi|27 18741 19194 
305 2103 gi|27 18757 19194 
270 325 gi|27 18836 18982 
272 630 gi|27 25251 25368 
0 307 gi|28 20062 20094 
2 307 gi|28 20062 20094 
90 12740 gi|29 8358 9933 
92 3122 gi|29 8737 9269 
94 6233 gi|29 9083 9933 
96 1343 gi|29 9109 9269 
100 281 gi|29 9145 9219 
102 265 gi|29 9145 9219 
98 281 gi|29 9145 9219 
104 647 gi|29 9394 9844 
106 262 gi|29 9675 9820 
108 722 gi|29 9867 10430 
110 8822 gi|29 9875 10865 
112 8949 gi|29 9875 10865 
114 601 gi|29 11344 11422 
116 303 gi|29 11359 11398 
118 272 gi|29 11394 11422 
497 1072 gi|29 15629 15807 
120 889 gi|29 17174 17307 
122 454 gi|29 17183 17307 
124 4247 gi|29 24128 24997 
126 3429 gi|29 24321 24997 
128 1207 gi|29 24993 25234 
130 1378 gi|29 24994 25234 
237 402 gi|29 29061 29282 
243 743 gi|29 29319 29653 
235 1812 gi|29 29322 30606 
233 315 gi|29 33309 33507 
132 579 gi|29 36349 36476 
392 457 gi|3 1235 1335 
394 455 gi|3 1252 1384 
396 644 gi|3 1845 1967 
398 857 gi|3 5258 5421 
400 973 gi|3 5261 5410 
404 466 gi|3 5263 5365 
402 480 gi|3 5263 5341 
406 514 gi|3 5272 5397 
408 254 gi|3 14020 14109 
410 596 gi|3 25711 26590 
861 552 gi|3 25715 26035 
412 393 gi|3 25859 26035 
414 264 gi|3 25876 26009 
244 522 gi|30 8102 8284 
246 945 gi|30 8119 8327 
248 308 gi|30 8119 8186 
250 281 gi|30 8122 8236 
252 821 gi|30 8343 8537 
487 631 gi|30 8414 8536 
254 319 gi|30 8471 8536 
256 1825 gi|30 9270 10534 
258 375 gi|30 17703 18165 
377 265 gi|30 29629 29702 
260 258 gi|30 37874 37982 
262 288 gi|30 38804 38997 
502 1267 gi|31 1 258 
504 1055 gi|31 2 259 
506 317 gi|31 49 165 
508 322 gi|31 50 247 
510 7524 gi|31 249 2707 
512 1376 gi|31 251 546 
514 311 gi|31 690 882 
516 319 gi|31 817 1059 
518 600 gi|31 1363 1922 
520 3467 gi|31 2229 2624 
522 879 gi|31 2573 2698 
524 498 gi|31 2684 3057 
526 837 gi|31 3040 3255 
528 5181 gi|31 3041 3638 
530 1178 gi|31 3190 3614 
532 1158 gi|31 3268 3433 
534 2240 gi|31 3344 3645 
536 1189 gi|31 3460 3608 
538 760 gi|31 3636 4596 
540 631 gi|31 3636 4596 
542 2736 gi|31 5218 5534 
544 1540 gi|31 5360 5534 
546 11296 gi|31 5616 6971 
548 507 gi|31 5680 6339 
550 386 gi|31 5940 6172 
552 5044 gi|31 6955 7572 
554 2249 gi|31 6972 7266 
556 1106 gi|31 6996 7420 
558 1231 gi|31 7002 7150 
560 1159 gi|31 7177 7342 
562 912 gi|31 7355 7569 
564 1295 gi|31 7570 7728 
566 261 gi|31 7729 8030 
568 2156 gi|31 8105 8370 
570 3160 gi|31 8290 8694 
572 2746 gi|31 8371 8697 
574 1979 gi|31 8710 9009 
576 1924 gi|31 8710 9008 
578 606 gi|31 9251 9341 
580 890 gi|31 9252 9358 
582 1588 gi|31 9358 9579 
584 1586 gi|31 9358 9576 
586 19255 gi|31 9577 11804 
588 415 gi|31 9577 9660 
590 297 gi|31 10145 10483 
592 723 gi|31 10817 11804 
594 283 gi|31 10889 10998 
596 797 gi|31 10991 11804 
598 1688 gi|31 11348 11804 
600 1701 gi|31 11803 12004 
602 5620 gi|31 11804 12476 
604 296 gi|31 11925 11963 
606 336 gi|31 11959 12004 
608 280 gi|31 12010 12050 
610 265 gi|31 12010 12050 
612 3034 gi|31 12112 12481 
614 376 gi|31 12112 12157 
616 556 gi|31 12477 12545 
618 276 gi|31 12480 12540 
620 6874 gi|31 12530 13347 
622 287 gi|31 13446 13581 
624 1775 gi|31 14492 14690 
626 1550 gi|31 14492 14669 
628 2030 gi|31 14678 14988 
630 2018 gi|31 14680 14988 
632 2746 gi|31 15001 15327 
634 3135 gi|31 15004 15409 
636 2211 gi|31 15328 15612 
638 1451 gi|31 16498 17702 
640 972 gi|31 16876 17543 
642 250 gi|31 17074 17364 
644 1283 gi|31 17811 18938 
646 1718 gi|31 17827 18966 
648 1228 gi|31 17866 18029 
650 7185 gi|31 17990 18957 
652 504 gi|31 18524 18905 
654 1957 gi|31 20460 20759 
656 1909 gi|31 20460 20759 
658 2712 gi|31 20771 21093 
660 3126 gi|31 20774 21154 
662 2052 gi|31 21094 21364 
664 2226 gi|31 21874 22176 
666 5204 gi|31 21881 22479 
668 1168 gi|31 21906 22290 
670 1189 gi|31 21912 22060 
672 1170 gi|31 22087 22252 
674 798 gi|31 22265 22479 
676 4685 gi|31 24896 25450 
678 4358 gi|31 24903 25476 
680 1026 gi|31 24903 25037 
682 3947 gi|31 24938 25446 
684 681 gi|31 24981 25460 
686 271 gi|31 25085 25190 
688 284 gi|31 25096 25138 
690 255 gi|31 25121 25173 
692 14800 gi|31 25342 27399 
694 4408 gi|31 27026 27719 
696 312 gi|31 27355 27399 
698 284 gi|31 27461 27503 
700 269 gi|31 27461 27503 
702 1396 gi|31 27504 27718 
704 319 gi|31 27504 27545 
141 308 gi|31 27537 27618 
706 278 gi|31 27545 27584 
708 1332 gi|31 27755 28108 
710 2727 gi|31 27764 28338 
712 1603 gi|31 27765 28338 
714 442 gi|31 27809 27961 
716 1017 gi|31 27996 28171 
718 423 gi|31 28465 28524 
720 304 gi|31 28508 28629 
722 331 gi|31 28518 28640 
724 9437 gi|31 28631 29902 
726 260 gi|31 30038 30169 
728 412 gi|31 30344 30540 
730 3949 gi|31 30738 31309 
732 925 gi|31 30741 30916 
734 3677 gi|31 30744 31280 
736 3694 gi|31 30746 31281 
738 1084 gi|31 30747 30952 
744 3976 gi|31 30749 31309 
746 3751 gi|31 30749 31309 
742 3504 gi|31 30749 31281 
740 3944 gi|31 30749 31280 
748 547 gi|31 30751 30894 
785 3010 gi|31 30803 31280 
750 2544 gi|31 30908 31269 
752 1073 gi|31 31039 31260 
485 694 gi|31 31280 31388 
754 666 gi|31 31280 31388 
255 319 gi|31 31280 31345 
756 251 gi|31 31368 31465 
758 610 gi|31 31573 31832 
870 414 gi|32 638 800 
407 514 gi|32 645 795 
872 355 gi|32 684 795 
874 471 gi|32 685 818 
876 304 gi|32 741 795 
481 1981 gi|32 8579 8819 
878 494 gi|32 8845 9021 
880 1082 gi|32 9018 9208 
419 522 gi|32 9053 9209 
882 1028 gi|32 9188 9465 
884 411 gi|32 9709 9844 
886 358 gi|32 9789 9880 
888 326 gi|32 27217 27366 
890 273 gi|32 27266 27348 
892 302 gi|32 27304 27367 
299 311 gi|32 27307 27354 
894 289 gi|32 27307 27351 
763 269 gi|32 27308 27371 
467 259 gi|32 27309 27363 
896 283 gi|32 30694 30790 
293 260 gi|32 35135 35324 
898 257 gi|32 38165 38335 
862 264 gi|33 1012 1185 
864 328 gi|33 7444 7500 
159 276 gi|33 9033 9237 
413 393 gi|33 9077 9256 
7 440 gi|33 9183 9424 
823 849 gi|33 15163 15348 
819 3944 gi|33 15838 16578 
866 646 gi|33 15844 16023 
868 3319 gi|33 17352 17995 
499 252 gi|33 35655 35757 
351 271 gi|33 35664 35760 
900 293 gi|34 18976 19154 
902 955 gi|34 26773 26883 
291 881 gi|34 26774 26882 
904 931 gi|34 26776 26883 
926 451 gi|35 1845 1894 
928 7115 gi|35 2288 3057 
930 270 gi|35 6216 6408 
301 291 gi|35 8246 8299 
932 271 gi|35 8248 8283 
934 772 gi|35 8253 8493 
938 678 gi|35 8296 8494 
936 839 gi|35 8296 8492 
940 471 gi|35 8298 8386 
942 639 gi|35 9347 9535 
944 3175 gi|35 19110 20673 
946 1194 gi|35 20867 21218 
1268 3008 gi|36 121 983 
1266 7623 gi|36 121 928 
1270 593 gi|36 984 1129 
1272 5851 gi|36 1116 1753 
1274 311 gi|36 1854 1968 
85 300 gi|36 1854 1968 
1276 525 gi|36 2362 2472 
1278 577 gi|36 2720 2945 
1280 6991 gi|36 2949 3810 
1282 617 gi|36 3339 3453 
1284 832 gi|36 3345 3558 
1286 2353 gi|36 3532 3807 
1288 1517 gi|36 3532 3806 
1290 539 gi|36 3743 3807 
1292 10972 gi|36 4668 6227 
1294 4090 gi|36 5800 6275 
1296 1533 gi|36 5953 6227 
3 307 gi|36 6194 6226 
1298 4917 gi|36 6550 7555 
1300 9262 gi|36 7266 8372 
1302 617 gi|36 7892 8006 
1304 832 gi|36 7898 8111 
1306 2361 gi|36 8085 8361 
1308 1517 gi|36 8085 8359 
1310 548 gi|36 8296 8361 
1312 296 gi|36 8691 8767 
1314 4223 gi|36 9995 10539 
1316 4218 gi|36 9995 10529 
55 4215 gi|36 9995 10529 
1318 455 gi|36 10414 10695 
1320 491 gi|36 10414 10677 
59 490 gi|36 10414 10677 
1322 1291 gi|36 10650 11020 
1324 374 gi|36 10717 10971 
1326 2102 gi|36 19852 20256 
1328 1821 gi|36 19852 20231 
1330 367 gi|36 19857 20327 
1332 588 gi|36 19910 20201 
1334 377 gi|36 19922 20332 
1336 323 gi|36 20273 20323 
1338 555 gi|36 20403 20656 
1342 577 gi|36 20435 20648 
1340 550 gi|36 20435 20616 
375 276 gi|36 28089 28173 
1344 374 gi|36 37350 37443 
1348 443 gi|36 37816 37969 
1346 251 gi|36 37816 37961 
1350 360 gi|36 38858 39112 
1352 1493 gi|36 38880 39288 
1354 738 gi|36 39268 39443 
1358 1103 gi|36 39283 39558 
1360 867 gi|36 39283 39547 
1356 384 gi|36 39283 39436 
1362 1335 gi|36 39289 39548 
1364 291 gi|36 39472 39547 
1366 314 gi|36 39624 39746 
1166 311 gi|37 5051 5250 
1168 756 gi|37 6642 6804 
1170 678 gi|37 6654 6804 
1172 362 gi|37 6711 6826 
93 3122 gi|37 7772 8286 
1174 2861 gi|37 7773 8332 
1176 1120 gi|37 8121 8332 
1178 994 gi|37 8156 8291 
948 499 gi|38 5033 5344 
950 557 gi|38 10675 10744 
952 2225 gi|38 10738 11000 
954 703 gi|38 10747 10877 
1341 550 gi|38 10761 10937 
956 477 gi|38 11132 11318 
958 548 gi|38 11132 11318 
1357 384 gi|38 11139 11306 
960 754 gi|38 11320 11546 
962 773 gi|38 11320 11546 
964 682 gi|38 11326 11546 
966 388 gi|38 11548 11679 
968 297 gi|38 11551 11654 
972 1074 gi|38 17119 17537 
970 2054 gi|38 17119 17483 
1355 738 gi|38 17119 17307 
974 1423 gi|38 17120 17443 
1337 323 gi|38 17393 17443 
976 267 gi|38 20648 20731 
978 3857 gi|38 22594 23164 
980 2339 gi|38 22594 22948 
982 2313 gi|38 22594 22948 
984 447 gi|38 22617 22791 
986 915 gi|38 22624 22845 
990 838 gi|38 22625 22845 
988 659 gi|38 22625 22763 
992 295 gi|38 22754 22907 
994 295 gi|38 22754 22907 
996 1299 gi|38 22947 23164 
998 1299 gi|38 22947 23164 
1000 722 gi|38 23147 23778 
1002 608 gi|38 23150 23281 
1004 793 gi|38 23154 23715 
1006 251 gi|38 23164 23304 
1008 341 gi|38 23164 23301 
1010 269 gi|38 23173 23301 
1012 258 gi|38 23173 23270 
121 889 gi|38 23174 23306 
115 601 gi|38 23224 23299 
1014 272 gi|38 23224 23252 
1016 281 gi|38 23248 23284 
685 681 gi|38 23311 23796 
1018 737 gi|38 23311 23779 
1020 272 gi|38 23408 23443 
1022 1162 gi|38 23605 23776 
1024 565 gi|38 23641 23774 
1026 14388 gi|38 23776 25389 
111 8822 gi|38 23776 24764 
1028 1204 gi|38 24208 25124 
91 12740 gi|38 24599 26085 
1030 262 gi|38 24698 24843 
1175 2861 gi|38 25168 25713 
1032 1443 gi|38 25196 25363 
1034 281 gi|38 25253 25327 
1036 265 gi|38 25253 25327 
99 281 gi|38 25253 25327 
333 6378 gi|38 26091 27361 
1279 577 gi|38 28407 28633 
1038 7356 gi|38 29007 29822 
87 7320 gi|38 29007 29822 
433 557 gi|38 29384 29487 
1040 1213 gi|38 29783 29963 
1042 376 gi|38 29822 29960 
1044 658 gi|38 29961 30043 
89 664 gi|38 29961 30043 
1299 4917 gi|38 30045 31044 
1046 1381 gi|38 30045 30353 
33 388 gi|38 30913 31043 
1048 613 gi|38 31011 31088 
1050 1109 gi|38 31235 31441 
1052 1119 gi|38 31235 31441 
1054 1174 gi|38 31235 31441 
1056 1174 gi|38 31235 31441 
1058 1142 gi|38 31235 31441 
1060 1125 gi|38 31235 31441 
753 1073 gi|38 31235 31441 
789 1153 gi|38 31235 31441 
1062 1053 gi|38 31247 31441 
1064 2110 gi|38 31473 31932 
1066 2279 gi|38 31545 32067 
1339 555 gi|38 32058 32292 
1070 2015 gi|38 32068 32308 
1068 737 gi|38 32068 32204 
1072 1048 gi|38 32313 32521 
1074 2118 gi|38 32517 32827 
1347 251 gi|38 32688 32807 
1076 463 gi|38 32821 32941 
1367 314 gi|38 32872 33009 
1078 257 gi|38 33389 33666 
1080 572 gi|38 33886 34073 
1082 13235 gi|38 34317 35792 
1084 1382 gi|38 34326 34508 
1086 937 gi|38 34372 34508 
1088 386 gi|38 34377 34496 
1090 675 gi|38 34382 34502 
1092 656 gi|38 34382 34502 
1094 656 gi|38 34382 34502 
1098 10509 gi|38 34566 35792 
1096 969 gi|38 34566 35031 
1100 389 gi|38 34571 34734 
1102 889 gi|38 34576 34801 
1106 863 gi|38 34576 34801 
1104 864 gi|38 34576 34787 
1108 360 gi|38 34726 34838 
1110 360 gi|38 34726 34838 
1112 680 gi|38 34727 34890 
1114 680 gi|38 34727 34890 
1116 261 gi|38 34800 34877 
1118 660 gi|38 34813 34980 
1120 313 gi|38 34896 35025 
1122 287 gi|38 34896 35025 
1124 350 gi|38 34902 35031 
1126 3834 gi|38 35066 35603 
1128 4415 gi|38 35067 35603 
1130 1263 gi|38 35067 35283 
1132 4383 gi|38 35068 35603 
745 3976 gi|38 35079 35635 
1134 4384 gi|38 35079 35603 
1136 1069 gi|38 35079 35235 
1138 478 gi|38 35081 35177 
773 3382 gi|38 35124 35600 
1140 2820 gi|38 35226 35587 
45 1031 gi|38 35783 35991 
1142 1895 gi|38 35786 36050 
1144 7233 gi|38 35792 36573 
454 273 gi|4 20485 20586 
456 1062 gi|4 20728 20955 
331 283 gi|4 20829 20951 
458 365 gi|4 20889 20948 
460 399 gi|4 21275 21418 
462 322 gi|4 21293 21427 
464 268 gi|4 21370 21430 
466 259 gi|4 21378 21430 
468 523 gi|4 21455 21656 
470 599 gi|4 21456 21665 
472 339 gi|4 21523 21665 
474 486 gi|4 21692 21777 
476 1220 gi|4 21761 22101 
478 439 gi|4 21780 22070 
480 1981 gi|4 22578 22818 
482 1341 gi|4 25555 25755 
484 694 gi|4 25555 25661 
486 631 gi|4 25596 25720 
488 358 gi|4 39415 39599 
41 363 gi|41 18919 19081 
1148 285 gi|41 29364 29429 
1150 277 gi|41 29545 29591 
455 273 gi|41 39852 39948 
189 305 gi|42 194 311 
495 250 gi|42 846 888 
1152 394 gi|42 13577 13656 
1154 280 gi|42 13583 13645 
1156 263 gi|42 13585 13645 
397 644 gi|42 14037 14163 
1158 570 gi|42 14339 14517 
1160 1530 gi|42 14510 15099 
1162 652 gi|42 16579 17052 
1164 1024 gi|42 26896 27019 
905 931 gi|42 26904 27009 
287 871 gi|42 26905 27026 
187 268 gi|43 7817 7921 
1230 297 gi|43 23654 23725 
1232 718 gi|43 26544 26772 
1234 972 gi|43 26555 26772 
1146 250 gi|44 13916 14023 
1236 365 gi|45 22183 22451 
1238 472 gi|45 22518 22722 
1240 509 gi|45 25560 26206 
1242 520 gi|45 26043 26282 
1244 746 gi|45 28548 28678 
1246 794 gi|45 28551 28687 
1368 343 gi|46 1268 1438 
1370 379 gi|46 1818 1971 
1372 415 gi|46 11042 11180 
259 375 gi|46 17581 18017 
1374 357 gi|46 24116 24336 
1376 259 gi|46 25253 25492 
1237 365 gi|46 37432 37700 
1239 472 gi|46 37713 37919 
1378 310 gi|47 8727 8821 
1380 362 gi|47 19150 19217 
1382 307 gi|47 22815 22890 
1384 880 gi|47 26829 26999 
1388 865 gi|47 26849 26999 
1386 894 gi|47 26849 26959 
285 428 gi|47 32815 32891 
325 264 gi|48 7447 7701 
1258 287 gi|48 19579 19646 
1157 263 gi|48 19579 19642 
1153 394 gi|48 19901 19988 
1260 303 gi|48 19914 19980 
1262 270 gi|49 22352 22435 
806 1697 gi|5 3 1010 
808 1409 gi|5 249 926 
810 252 gi|5 3776 3837 
812 1480 gi|5 4642 5162 
814 856 gi|5 4932 5346 
816 1312 gi|5 4935 5918 
818 3944 gi|5 6664 7378 
820 803 gi|5 7185 7426 
822 849 gi|5 7409 7601 
824 5533 gi|5 8114 8899 
826 658 gi|5 8899 8986 
828 741 gi|5 14096 14205 
830 326 gi|5 14097 14251 
832 809 gi|5 14098 14205 
836 382 gi|5 14099 14238 
834 843 gi|5 14099 14205 
838 816 gi|5 14100 14250 
846 264 gi|5 14100 14238 
844 666 gi|5 14100 14235 
840 824 gi|5 14100 14216 
842 681 gi|5 14100 14207 
848 253 gi|5 30037 30090 
850 485 gi|5 38887 39059 
852 997 gi|5 39123 39424 
854 554 gi|5 39302 39396 
1248 2295 gi|50 14178 14970 
1250 557 gi|50 23356 23652 
1252 337 gi|50 32768 32913 
469 523 gi|50 34006 34206 
1254 404 gi|50 34045 34199 
1256 358 gi|50 34074 34201 
1180 1950 gi|52 2923 3218 
1182 3016 gi|52 3222 3624 
1184 1048 gi|52 3638 3988 
1186 2723 gi|52 4318 4788 
1188 1621 gi|52 4767 5078 
353 285 gi|52 5613 5726 
1190 1642 gi|52 27126 27341 
1192 3642 gi|52 27127 27788 
1194 268 gi|52 27130 27591 
1196 352 gi|52 27618 27815 
1198 521 gi|52 27784 28015 
1202 307 gi|52 28198 28253 
1200 294 gi|52 28198 28240 
1204 624 gi|52 38298 38445 
1206 591 gi|52 38484 38597 
1208 1136 gi|52 38492 38712 
1210 3425 gi|52 38710 39357 
29 4950 gi|52 38713 40014 
1212 7097 gi|52 38926 39993 
35 512 gi|52 39993 40087 
1214 799 gi|52 40085 40319 
1216 515 gi|52 40089 40189 
1218 800 gi|52 40097 40429 
1220 358 gi|52 40264 40345 
1222 616 gi|52 40356 40490 
1224 352 gi|52 40605 40700 
1226 527 gi|52 40605 40700 
805 313 gi|53 3964 4122 
1434 481 gi|53 4028 4122 
425 254 gi|53 31159 31275 
1390 264 gi|54 93 237 
1392 616 gi|54 12510 12595 
1394 612 gi|54 12510 12595 
1396 317 gi|54 20163 20287 
1398 482 gi|54 21003 21282 
1400 364 gi|54 21154 21282 
1402 290 gi|54 21154 21282 
1404 427 gi|54 34555 34721 
1406 307 gi|54 34620 34722 
1228 267 gi|55 21238 21316 
906 339 gi|56 1 303 
341 318 gi|56 3 117 
908 294 gi|56 673 737 
910 250 gi|56 6047 6097 
912 331 gi|56 15827 16087 
914 280 gi|56 15880 15977 
916 284 gi|56 18314 18420 
918 2582 gi|56 19497 19792 
920 16568 gi|56 20438 22452 
393 457 gi|56 23289 23386 
922 369 gi|56 23300 23381 
579 606 gi|56 25334 25425 
924 529 gi|56 25334 25421 
191 279 gi|57 3215 3347 
1426 366 gi|57 23865 24000 
1428 299 gi|57 23895 23992 
1430 265 gi|57 31133 31257 
25 262 gi|57 38258 38408 
1432 289 gi|57 39461 39661 
1264 1013 gi|58 7260 7379 
1391 264 gi|58 10606 10745 
416 250 gi|6 5763 6006 
418 522 gi|6 6446 6598 
420 494 gi|6 6446 6597 
422 312 gi|6 13485 13537 
424 254 gi|6 13486 13601 
426 318 gi|6 27250 27345 
428 305 gi|6 27293 27396 
430 389 gi|6 30622 31039 
432 557 gi|6 31787 31901 
434 556 gi|6 31787 31901 
436 521 gi|6 31787 31901 
438 1529 gi|6 31907 32109 
440 818 gi|6 32993 33258 
442 626 gi|6 34264 34377 
444 474 gi|6 34301 34391 
446 352 gi|6 34517 34577 
448 255 gi|6 34621 34665 
450 257 gi|6 34622 34668 
452 305 gi|6 34655 34753 
1416 269 gi|60 8313 8414 
1418 710 gi|60 11830 12582 
1420 396 gi|60 12690 12819 
1422 265 gi|60 14196 14333 
269 2041 gi|60 28951 29410 
1424 2453 gi|60 28953 29550 
307 2005 gi|60 28967 29480 
1408 1685 gi|61 5872 7166 
1410 352 gi|61 6408 6581 
1412 286 gi|61 7485 7637 
261 258 gi|61 18397 18505 
263 288 gi|61 19267 19460 
125 4247 gi|61 27629 28569 
1414 13081 gi|61 27820 29884 
131 1378 gi|61 29620 29856 
1227 527 gi|61 29764 29859 
1436 1796 gi|62 1 831 
1438 778 gi|62 1 359 
1440 538 gi|62 1662 1873 
1442 293 gi|62 10404 10684 
1444 623 gi|62 15618 15860 
367 456 gi|62 16052 16300 
1446 362 gi|62 16731 16943 
1448 251 gi|62 18414 18506 
1411 352 gi|62 18483 18656 
1450 300 gi|62 19045 19123 
1452 284 gi|62 19388 19430 
1454 809 gi|62 26886 27014 
1456 624 gi|63 23399 23483 
1458 572 gi|63 23405 23485 
1433 289 gi|63 33005 33211 
1460 272 gi|63 34769 34888 
1466 257 gi|64 30400 30442 
1462 282 gi|66 15896 15966 
1464 266 gi|66 17103 17308 
381 250 gi|66 34461 34583 
1023 1162 gi|67 2186 2354 
1468 413 gi|67 2188 2323 
967 388 gi|67 2349 2491 
1069 737 gi|67 2351 2488 
1470 716 gi|67 2351 2488 
1151 277 gi|67 2353 2395 
955 703 gi|67 2357 2488 
1472 9101 gi|67 2472 3625 
175 351 gi|67 2481 2591 
1474 304 gi|67 2493 2557 
171 1516 gi|67 3382 3625 
1476 3882 gi|67 3614 4150 
1133 4383 gi|67 3615 4150 
1478 4345 gi|67 3615 4150 
1480 4038 gi|67 3615 4150 
1482 1125 gi|67 3625 3774 
741 3944 gi|67 3626 4147 
1484 524 gi|67 3628 3781 
779 3301 gi|67 3680 4147 
1059 1142 gi|67 3911 4127 
541 631 gi|67 6553 7524 
1131 1263 gi|67 9271 9475 
1486 1208 gi|67 9271 9475 
1488 1192 gi|67 9271 9432 
739 1084 gi|67 9283 9475 
1492 1070 gi|67 9285 9440 
1490 955 gi|67 9285 9403 
1494 484 gi|67 9287 9440 
791 489 gi|67 9339 9423 
751 2544 gi|67 9428 9794 
787 2738 gi|67 9430 9812 
1141 2820 gi|67 9430 9808 
1498 2709 gi|67 9430 9806 
1496 2792 gi|67 9430 9797 
1500 2526 gi|67 9452 9774 
1063 1053 gi|67 9458 9656 
1502 252 gi|67 9800 9870 
1019 737 gi|67 9820 10287 
683 3947 gi|67 9821 10331 
1504 4072 gi|67 9824 10331 
1506 3906 gi|67 9824 10331 
691 255 gi|67 10094 10146 
1508 293 gi|67 10130 10172 
1510 712 gi|67 10231 10331 
507 317 gi|67 10504 10620 
651 7185 gi|67 10633 11577 
597 797 gi|67 10729 11548 
515 311 gi|67 11349 11530 
601 1701 gi|67 11545 11746 
703 1396 gi|67 11546 11746 
143 276 gi|67 11633 11713 
699 284 gi|67 11665 11705 
609 280 gi|67 11667 11705 
693 14800 gi|67 11705 13743 
613 3034 gi|67 11705 12074 
585 1586 gi|67 11852 12069 
639 1451 gi|67 12368 13578 
519 600 gi|67 12906 13462 
591 297 gi|67 13082 13420 
647 1718 gi|67 13727 14858 
593 723 gi|67 13743 14735 
517 319 gi|67 13763 14005 
509 322 gi|67 14785 14979 
549 507 gi|67 15636 16284 
1512 552 gi|67 15636 16203 
567 261 gi|67 17121 17371 
695 4408 gi|67 17230 17901 
603 5620 gi|67 17231 17901 
701 269 gi|67 17350 17390 
611 265 gi|67 17352 17390 
615 376 gi|67 17390 17435 
697 312 gi|67 17390 17434 
605 296 gi|67 17435 17475 
707 278 gi|67 17435 17475 
607 336 gi|67 17534 17578 
705 319 gi|67 17537 17578 
583 1588 gi|67 17684 17904 
649 1228 gi|67 17902 18065 
595 283 gi|67 17905 18014 
631 2018 gi|67 18054 18410 
657 1909 gi|67 18066 18411 
577 1924 gi|67 18066 18410 
573 2746 gi|67 18197 18525 
633 2746 gi|67 18197 18525 
659 2712 gi|67 18197 18520 
735 3677 gi|67 18522 19084 
1514 3235 gi|67 18526 19087 
1516 924 gi|67 18526 18645 
1135 4384 gi|67 18527 19087 
1518 4314 gi|67 18527 19087 
1520 994 gi|67 18527 18645 
1522 450 gi|67 18529 18625 
797 410 gi|67 18581 18628 
1524 3380 gi|67 18700 19087 
1526 283 gi|67 18700 18741 
775 3309 gi|67 18701 19084 
1055 1174 gi|67 18848 19064 
539 760 gi|67 22462 23434 
643 250 gi|67 23909 24203 
1528 3262 gi|67 26813 27394 
1129 4415 gi|67 26819 27389 
1530 4341 gi|67 26819 27389 
1532 1000 gi|67 26819 26947 
737 3694 gi|67 26826 27387 
1534 916 gi|67 26829 26947 
1536 450 gi|67 26831 26927 
799 410 gi|67 26883 26930 
1538 3386 gi|67 27002 27389 
1540 283 gi|67 27002 27043 
777 3309 gi|67 27003 27386 
1057 1174 gi|67 27150 27366 
663 2052 gi|67 27381 27653 
637 2211 gi|67 27388 27680 
569 2156 gi|67 27388 27653 
621 6874 gi|67 27654 28473 
505 1055 gi|67 28440 28697 
645 1283 gi|67 28635 29753 
617 556 gi|67 28672 28740 
587 19255 gi|67 28735 30962 
511 7524 gi|67 28894 31380 
641 972 gi|67 30057 30733 
525 498 gi|67 31504 31892 
543 2736 gi|67 31876 32207 
625 1775 gi|67 32012 32210 
1542 1552 gi|67 32033 32211 
521 3467 gi|67 32208 32602 
589 415 gi|67 32210 32293 
723 331 gi|67 32594 32699 
553 5044 gi|67 32598 33214 
667 5204 gi|67 32601 33197 
529 5181 gi|67 32601 33196 
1544 809 gi|67 32601 32759 
711 2727 gi|67 32632 33197 
1546 1114 gi|67 32790 33172 
1548 1184 gi|67 32828 32993 
1550 1244 gi|67 33018 33174 
709 1332 gi|67 33170 33499 
665 2226 gi|67 33193 33498 
535 2240 gi|67 33193 33491 
555 2249 gi|67 33193 33487 
1552 510 gi|67 33193 33281 
1554 632 gi|67 33234 33464 
1556 1202 gi|67 33311 33458 
571 3160 gi|67 33461 33866 
635 3135 gi|67 33461 33866 
661 3126 gi|67 33488 33866 
655 1957 gi|67 33656 34010 
629 2030 gi|67 33657 34026 
575 1979 gi|67 33657 34011 
1558 1722 gi|67 34671 34915 
1560 745 gi|67 34684 34957 
1562 400 gi|67 35016 35287 
551 386 gi|67 35016 35242 
623 287 gi|67 35569 35707 
729 412 gi|67 35829 36025 
523 879 gi|67 36321 36446 
599 1688 gi|67 36917 37379 
513 1376 gi|67 36922 37218 
653 504 gi|67 37060 37443 
619 276 gi|67 37377 37437 
503 1267 gi|67 37418 37664 
1564 415 gi|67 38989 39171 
5 2943 gi|68 1487 1854 
491 1932 gi|69 13722 14278 
327 256 gi|69 21679 21811 
1644 855 gi|69 36050 36302 
881 1082 gi|69 36304 36501 
421 494 gi|69 36304 36465 
1646 422 gi|69 36491 36716 
1648 1837 gi|69 36688 37105 
1335 377 gi|69 36696 37082 
975 1423 gi|69 36705 37010 
1650 1815 gi|69 36707 37108 
963 773 gi|69 36709 36916 
959 548 gi|69 36842 37021 
1359 1103 gi|69 36854 37123 
1652 288 gi|69 37031 37107 
1654 641 gi|69 37108 37266 
1656 321 gi|69 37397 37445 
185 578 gi|69 37446 37607 
1658 450 gi|69 37711 37809 
1660 439 gi|69 37711 37809 
179 387 gi|69 37740 37831 
1662 387 gi|69 37740 37809 
461 399 gi|7 2993 3121 
760 300 gi|7 3006 3126 
762 269 gi|7 3065 3135 
764 277 gi|7 3067 3150 
766 262 gi|7 3086 3138 
768 981 gi|7 3243 3352 
770 3415 gi|7 12090 12508 
772 3382 gi|7 12090 12508 
780 3301 gi|7 12090 12508 
778 3301 gi|7 12090 12502 
782 3147 gi|7 12090 12502 
784 3010 gi|7 12090 12502 
774 3309 gi|7 12090 12477 
776 3309 gi|7 12090 12477 
786 2738 gi|7 12103 12469 
788 1153 gi|7 12110 12326 
790 489 gi|7 12429 12502 
792 409 gi|7 12435 12508 
794 276 gi|7 12439 12496 
796 410 gi|7 12455 12502 
798 410 gi|7 12455 12502 
800 257 gi|7 32535 32617 
802 1951 gi|7 35833 36310 
804 313 gi|7 36150 36293 
899 257 gi|71 2254 2409 
387 475 gi|71 8297 8772 
1752 252 gi|71 12439 12553 
213 251 gi|71 22132 22207 
1754 677 gi|71 31438 31867 
1756 277 gi|71 32077 32232 
9 324 gi|71 32099 32414 
1758 312 gi|71 32351 32418 
757 251 gi|71 40126 40215 
1760 791 gi|71 40199 40325 
1395 612 gi|71 40199 40288 
1682 484 gi|72 7221 7595 
1684 671 gi|72 8104 8456 
1686 535 gi|72 9293 9750 
1159 570 gi|72 28465 28665 
1161 1530 gi|72 28716 29353 
1688 268 gi|72 29327 29388 
1690 357 gi|72 29405 29489 
951 557 gi|72 30194 30263 
1071 2015 gi|72 30203 30444 
1343 577 gi|72 30203 30399 
1471 716 gi|72 30203 30339 
953 2225 gi|72 30204 30462 
969 297 gi|72 30237 30339 
1692 306 gi|72 30463 30518 
1694 305 gi|72 30463 30518 
1509 293 gi|72 30463 30504 
689 284 gi|72 30463 30504 
1021 272 gi|72 30467 30504 
803 1951 gi|72 31787 32260 
1435 481 gi|72 32114 32232 
1704 277 gi|73 12098 12335 
1706 659 gi|73 19857 20055 
1708 6140 gi|73 20110 22650 
1710 454 gi|73 22648 22740 
1720 250 gi|74 8700 8774 
1722 261 gi|74 8973 9290 
1724 366 gi|74 10598 10802 
1726 447 gi|74 29025 29232 
1728 494 gi|74 29329 29431 
1814 1363 gi|75 4041 5478 
1816 298 gi|75 4723 4896 
1818 266 gi|75 12641 12764 
323 2602 gi|75 36936 37505 
1820 354 gi|75 36947 37181 
1822 349 gi|75 36947 37181 
821 803 gi|76 3531 3776 
867 646 gi|76 3589 3774 
1772 621 gi|76 11065 11208 
1774 708 gi|76 11079 11197 
1776 843 gi|76 11083 11202 
1780 296 gi|76 11092 11204 
833 809 gi|76 11092 11198 
1778 756 gi|76 11092 11196 
1782 276 gi|76 11098 11214 
1784 937 gi|76 11681 11842 
1786 313 gi|76 11711 11847 
1788 270 gi|76 11722 11828 
1790 725 gi|76 11728 11860 
1792 794 gi|76 11730 11870 
841 824 gi|76 11730 11851 
1796 318 gi|76 11730 11841 
1794 682 gi|76 11730 11839 
1165 1024 gi|76 14741 14866 
289 922 gi|76 14742 14857 
903 955 gi|76 14750 14858 
1798 288 gi|76 30766 30944 
1800 791 gi|76 30805 30917 
1804 626 gi|76 30807 30928 
1806 336 gi|76 30807 30927 
1802 838 gi|76 30807 30913 
829 741 gi|76 30810 30917 
1808 617 gi|76 30810 30913 
1810 287 gi|76 30816 30932 
1812 321 gi|76 32139 32352 
337 250 gi|77 20325 20362 
873 355 gi|77 21929 22030 
405 466 gi|77 21932 22039 
1762 439 gi|77 21939 22039 
1764 341 gi|77 21940 22051 
1766 269 gi|77 21957 22046 
459 365 gi|77 22273 22332 
1768 325 gi|77 22274 22319 
1606 4695 gi|78 1439 1950 
79 4692 gi|78 1439 1950 
1608 2323 gi|78 1439 1725 
1610 282 gi|78 1842 1923 
1612 895 gi|78 4660 4769 
1614 742 gi|78 4660 4769 
69 742 gi|78 4660 4769 
75 893 gi|78 4660 4769 
1616 283 gi|78 5480 5541 
1618 695 gi|78 5549 5681 
1620 305 gi|78 5594 5689 
147 334 gi|78 7434 7496 
1027 14388 gi|78 8043 9640 
95 6233 gi|78 8043 8814 
1177 1120 gi|78 8043 8264 
1622 1443 gi|78 8069 8236 
101 281 gi|78 8105 8179 
1035 281 gi|78 8105 8179 
1624 265 gi|78 8105 8179 
1626 1077 gi|78 8342 9219 
1628 262 gi|78 8570 8715 
113 8949 gi|78 8649 9640 
1017 281 gi|78 10691 10730 
117 303 gi|78 10691 10730 
1015 272 gi|78 11040 11068 
119 272 gi|78 11040 11068 
945 3175 gi|78 24023 25736 
947 1194 gi|78 25854 26204 
1630 811 gi|78 32193 32446 
1691 357 gi|78 32195 32270 
1145 7233 gi|78 32845 33626 
1632 1892 gi|78 33368 33626 
43 1032 gi|78 33427 33639 
1373 415 gi|79 9887 10010 
1369 343 gi|79 9889 10030 
1371 379 gi|79 9896 10034 
363 261 gi|79 25422 25692 
1716 368 gi|79 33872 33976 
1718 343 gi|79 33872 33959 
249 308 gi|79 33872 33946 
190 279 gi|8 5264 5395 
192 305 gi|8 17228 17473 
194 389 gi|8 19563 19718 
196 1941 gi|8 19806 20359 
198 1916 gi|8 19806 20359 
200 1895 gi|8 19806 20359 
206 429 gi|8 20367 20496 
202 467 gi|8 20367 20495 
204 467 gi|8 20367 20495 
208 508 gi|8 28141 28338 
210 440 gi|8 28141 28221 
1824 571 gi|80 8 208 
1439 778 gi|80 8397 8767 
1826 1409 gi|80 8410 8970 
1828 319 gi|80 9146 9225 
1830 391 gi|80 10382 10504 
1753 252 gi|80 10777 10882 
1423 265 gi|80 15024 15146 
1705 277 gi|80 35376 35581 
1455 809 gi|81 17309 17436 
1634 395 gi|81 17673 17857 
815 856 gi|81 17879 18300 
1636 2834 gi|81 17882 18282 
1638 378 gi|81 37040 37200 
1736 600 gi|82 6123 6455 
1738 487 gi|82 6138 6447 
1740 281 gi|82 6145 6336 
913 331 gi|82 6173 6461 
1742 353 gi|82 6270 6474 
1744 372 gi|82 6294 6437 
1746 323 gi|82 8233 8303 
1748 491 gi|82 9412 9542 
855 554 gi|82 9432 9540 
1750 403 gi|82 28304 28417 
1666 833 gi|83 23078 23636 
1668 733 gi|83 23892 24268 
1670 270 gi|83 29697 29784 
1640 261 gi|84 33739 33837 
1642 671 gi|84 34053 34215 
1345 374 gi|84 34667 34766 
1664 379 gi|85 16474 16999 
501 378 gi|85 37227 37901 
1730 744 gi|86 2533 2669 
1732 254 gi|86 15380 15418 
1734 269 gi|86 32031 32071 
1770 272 gi|87 33598 33694 
23 3168 gi|88 1490 2691 
1566 806 gi|88 2945 3560 
1568 373 gi|88 5374 5873 
21 1629 gi|88 5784 6488 
1570 16847 gi|88 7729 10522 
1572 450 gi|88 10533 10808 
1574 515 gi|88 10838 11073 
1576 279 gi|88 15702 15779 
1231 297 gi|88 15718 15784 
1689 268 gi|88 15773 15844 
1578 512 gi|88 16454 16725 
1209 1136 gi|88 17281 17521 
27 3251 gi|88 17524 18419 
1211 3425 gi|88 17703 18359 
1580 1566 gi|88 17914 18359 
1221 358 gi|88 19057 19132 
1219 800 gi|88 19063 19367 
1582 511 gi|88 19231 19366 
1584 555 gi|88 19603 19926 
1586 1350 gi|88 20213 21323 
1323 1291 gi|88 23553 23919 
1588 331 gi|88 23602 23868 
1271 593 gi|88 23918 24069 
1590 251 gi|88 25222 25378 
1592 311 gi|88 25226 25292 
1594 3569 gi|88 26233 28081 
1596 2518 gi|88 27528 28354 
1598 262 gi|88 28383 28491 
1600 294 gi|88 31659 32490 
1602 370 gi|88 32926 33031 
1621 305 gi|88 32943 33038 
1207 591 gi|88 33063 33177 
1223 616 gi|88 33142 33278 
1215 799 gi|88 33219 33477 
1604 455 gi|88 33362 33481 
1696 590 gi|89 11586 12229 
1698 966 gi|89 23301 23467 
1700 756 gi|89 23303 23413 
1702 827 gi|89 23306 23471 
133 579 gi|89 23457 23580 
332 6378 gi|9 1 1265 
334 2082 gi|9 1285 1711 
336 250 gi|9 1567 1605 
338 349 gi|9 4069 4160 
340 318 gi|9 4565 4673 
342 347 gi|9 4808 5014 
344 253 gi|9 5618 5868 
346 445 gi|9 35945 36282 
348 293 gi|9 36139 36239 
350 271 gi|9 36188 36282 
1417 269 gi|90 1565 1654 
1711 454 gi|90 15591 15678 
1709 6140 gi|90 15918 18432 
1707 659 gi|90 18529 18736 
265 274 gi|90 35642 35854 
1765 341 gi|90 37008 37115 
1712 648 gi|90 37021 37168 
401 973 gi|90 37021 37167 
1714 444 gi|90 37023 37098 
871 414 gi|90 37028 37162 
1672 305 gi|91 16840 16942 
1013 258 gi|91 16840 16939 
1011 269 gi|91 16914 17040 
1674 305 gi|91 16941 17043 
1009 341 gi|91 17015 17150 
1676 433 gi|91 17042 17194 
1678 263 gi|91 19222 19329 
1680 632 gi|91 19224 19360 
1029 1204 gi|93 4954 5893 
105 647 gi|93 4954 5392 
1627 1077 gi|93 5007 5907 
109 722 gi|93 5300 5893 
181 683 gi|93 8389 8480 
1846 259 gi|93 8390 8467 
1663 387 gi|93 8391 8461 
1848 329 gi|93 19608 19784 
1831 391 gi|93 19611 19718 
1799 288 gi|93 20057 20233 
1783 276 gi|93 20067 20186 
1850 801 gi|93 20074 20197 
1789 270 gi|93 20076 20186 
1852 285 gi|93 20078 20202 
831 326 gi|93 20079 20239 
1854 358 gi|93 20081 20288 
1767 269 gi|93 29230 29313 
1715 444 gi|93 29238 29313 
403 480 gi|93 29238 29313 
1856 362 gi|93 29238 29302 
877 304 gi|93 29247 29302 
389 299 gi|93 37602 37749 
227 364 gi|94 20543 20820 
1441 538 gi|94 24728 24915 
1755 677 gi|94 25489 25893 
13 286 gi|94 25765 25889 
1757 277 gi|94 26032 26188 
11 285 gi|94 26073 26184 
1759 312 gi|94 26302 26369 
813 1480 gi|94 27963 28485 
1858 767 gi|94 27963 28206 
929 7115 gi|94 31382 32151 
927 451 gi|94 32150 32199 
1860 858 gi|95 4315 4815 
1461 272 gi|95 9293 9405 
1862 332 gi|96 6090 6219 
1229 267 gi|96 7381 7459 
1864 322 gi|96 38221 38339 
1866 277 gi|97 9985 10282 
1868 257 gi|97 10172 10234 
1147 250 gi|97 15105 15200 
239 555 gi|97 24520 24765 
241 441 gi|97 24782 25269 
911 250 gi|97 24964 25013 
1870 898 gi|97 34443 34599 
1872 617 gi|97 34443 34599 
1327 2102 gi|97 34808 35231 
1874 1619 gi|97 34876 35232 
1876 654 gi|97 34879 35180 
1583 511 gi|97 35595 35730 
153 344 gi|97 35729 35783 
1878 310 gi|97 35732 35783 
1631 811 gi|97 35781 36024 
19 550 gi|97 36330 36856 
1581 1566 gi|97 37692 38123 
1213 7097 gi|97 37702 38770 
31 6086 gi|97 37704 39185 
1379 310 gi|98 13001 13100 
1890 301 gi|98 16604 17031 
1892 341 gi|99 30991 31161 
1894 336 gi|99 31218 31347 
1896 10505 gi|99 31409 32753 
37 482 gi|99 31409 31497 
1898 2941 gi|99 33095 33438 
1900 1348 gi|99 34766 34984 
1902 410 gi|99 34874 34986 
1904 472 gi|99 35530 35628 
1906 296 gi|99 35540 35625 
1908 14393 gi|99 35847 38230 
